gemeente,buurt_naam,x,y
's-Gravenhage,Archipelbuurt,80751.121538388,456421.25312020053
's-Gravenhage,Arendsdorp,81697.64170139476,456760.70771065186
's-Gravenhage,Belgisch Park,79833.5904441337,458801.74151464296
's-Gravenhage,Bezuidenhout-Midden,82956.44291396311,455483.7438819325
's-Gravenhage,Bezuidenhout-Oost,83410.14940221612,455820.8670223438
's-Gravenhage,Bezuidenhout-West,82498.28141006951,455219.6292854084
's-Gravenhage,Binckhorst,83389.4201521296,453615.31313579116
's-Gravenhage,Bloemenbuurt-Oost,77841.28799492973,454860.4508803261
's-Gravenhage,Bloemenbuurt-West,77263.2926827747,454431.50897194206
's-Gravenhage,Bohemen en Meer en Bos,76019.51716956396,453787.62625647825
's-Gravenhage,Bomenbuurt,78488.78452983248,455222.71894803294
's-Gravenhage,Bosjes van Pex,76759.23726368404,454045.83991137304
's-Gravenhage,Bosweide,84961.18423489017,451519.1974052203
's-Gravenhage,Burgen en Horsten,84462.66243583492,456602.51181971474
's-Gravenhage,Componistenbuurt,76393.36748447707,453534.6045906872
's-Gravenhage,De Bras,86123.1884697049,449885.62919005693
's-Gravenhage,De Lanen,86958.06677799344,453170.03310090874
's-Gravenhage,De Reef,86060.89970588237,452261.3265882352
's-Gravenhage,De Rivieren,86800.23747500005,453758.52433863643
's-Gravenhage,De Uithof,76951.9374845096,450047.6954580559
's-Gravenhage,De Velden,87626.05334169285,454036.82333416946
's-Gravenhage,De Venen,86526.46476378481,452125.41093310073
's-Gravenhage,De Vissen,88159.53355969011,453273.392495814
's-Gravenhage,Dreven en Gaarden,78127.25945810902,450379.49402778107
's-Gravenhage,Duindorp,77646.21097419228,456405.49740385026
's-Gravenhage,Duinzigt,82185.40322881356,457922.88994229416
's-Gravenhage,Duttendel,80919.06992307688,458188.2921515841
's-Gravenhage,Erasmus Veld,79178.98276030339,450606.20034610113
's-Gravenhage,Eykenduinen,77597.24990642449,453563.67420041835
's-Gravenhage,Geuzenkwartier,78491.50396325251,456816.2608385456
's-Gravenhage,Groente- en Fruitmarkt,80444.61928733575,452971.6519118652
's-Gravenhage,Haagse Bos,82714.75815138592,455998.41374626925
's-Gravenhage,Heesterbuurt,78347.925127362,454231.69316360285
's-Gravenhage,Hoge Veld,79525.66412065357,449914.6713801006
's-Gravenhage,Houtwijk,77011.45118680682,452380.3780035388
's-Gravenhage,Huygenspark,81845.5163002361,454212.95103809715
's-Gravenhage,Kampen,84044.18648438237,456226.8178565878
's-Gravenhage,Kerketuinen en Zichtenburg,77160.25539439246,451637.3150504671
's-Gravenhage,Kijkduin,75364.9880817082,454008.2494396682
's-Gravenhage,Kom Loosduinen,75945.57758211502,452303.7381361055
's-Gravenhage,Koningsplein en omgeving,79383.67116594317,454997.2975153034
's-Gravenhage,Kortenbos,80688.32384797696,454869.6035642212
's-Gravenhage,Kraayenstein en Vroondaal,75586.14634473197,451340.4009936168
's-Gravenhage,Laakhaven-Oost,82224.99386090688,453779.4339057539
's-Gravenhage,Laakhaven-West,81472.17350666066,453159.9416526314
's-Gravenhage,Laakkwartier-Oost,82228.18880881519,452984.0256925606
's-Gravenhage,Laakkwartier-West,81672.0008712643,452458.91971997736
's-Gravenhage,Lage Veld,80051.45629322858,448801.8249147508
's-Gravenhage,Landen,85007.53048591584,456921.3808492233
's-Gravenhage,Leyenburg,78338.81903982515,453035.4222717138
's-Gravenhage,Marlot,84508.02336407767,457566.5890218449
's-Gravenhage,Moerwijk-Noord,80486.95558604854,452436.1272640714
's-Gravenhage,Moerwijk-Oost,80780.55473155054,451886.0831405332
's-Gravenhage,Moerwijk-West,79921.06574323574,451856.3824165218
's-Gravenhage,Moerwijk-Zuid,80097.2250421525,451404.60559879465
's-Gravenhage,Morgenstond-Oost,78831.73232770622,452053.34144935623
's-Gravenhage,Morgenstond-West,78416.77404541729,451747.09679439827
's-Gravenhage,Morgenstond-Zuid,79138.41109334156,451241.58165903843
's-Gravenhage,Morgenweide,85561.63829117944,451327.6403765517
's-Gravenhage,Nassaubuurt,81732.62486498871,456239.32500915223
's-Gravenhage,Nieuw Waldeck,76410.43087022893,452921.97523848363
's-Gravenhage,Noordpolderbuurt,82713.92382727275,453282.9016484042
's-Gravenhage,Ockenburgh,74844.94840094632,452744.1213641927
's-Gravenhage,Oostbroek-Noord,79188.89019210266,453875.5211517314
's-Gravenhage,Oostbroek-Zuid,79502.95488544226,453363.4957047607
's-Gravenhage,Oostduinen,81071.80368889158,459091.74665249744
's-Gravenhage,Oud Scheveningen,78674.40400356663,457910.5567036226
's-Gravenhage,Parkbuurt oosteinde,79875.08123649185,449288.0079600627
's-Gravenhage,Rietbuurt,87548.44823361532,452634.83651162765
's-Gravenhage,Rijslag,79458.41667450595,458335.69455127005
's-Gravenhage,Rivierenbuurt-Noord,82173.98365274786,454869.7212940757
's-Gravenhage,Rivierenbuurt-Zuid,82357.00619797896,454440.90768205945
's-Gravenhage,Rond de Energiecentrale,79664.64633631498,454560.89304037805
's-Gravenhage,Rosenburg,77155.72455200762,453419.41378229315
's-Gravenhage,Rustenburg,78812.34109755309,453541.4251758566
's-Gravenhage,Scheveningen Badplaats,79064.16492652346,458418.6094019846
's-Gravenhage,Schildersbuurt-Noord,80992.15927596147,453977.55188725743
's-Gravenhage,Schildersbuurt-Oost,81255.00518863965,453601.8298992789
's-Gravenhage,Schildersbuurt-West,80416.03058670255,453896.6251999334
's-Gravenhage,Singels,84694.35001149427,450458.3200876452
's-Gravenhage,Spoorwijk,81264.62335301198,452148.45555903733
's-Gravenhage,Stadhoudersplantsoen,78946.33026279883,455800.92295847426
's-Gravenhage,Statenkwartier,78917.54435170241,456727.68203545024
's-Gravenhage,Sweelinckplein en omgeving,79320.84594634417,455485.70047097927
's-Gravenhage,Tedingerbuurt,85344.87800000001,452615.86100000003
's-Gravenhage,Transvaalkwartier-Midden,79886.20480111924,453757.7396039389
's-Gravenhage,Transvaalkwartier-Noord,79659.725387295,454087.7712059427
's-Gravenhage,Transvaalkwartier-Zuid,80135.02052242051,453321.4174101352
's-Gravenhage,Uilebomen,81830.1686936002,454955.25062102295
's-Gravenhage,Uilennest,82777.15102017955,456885.53212518845
's-Gravenhage,Valkenboskwartier,78850.97100454572,454500.07959469745
's-Gravenhage,Van Hoytemastraat en omgeving,82252.31158669826,456564.3668384806
's-Gravenhage,Van Stolkpark en Scheveningse Bosjes,79545.8289846938,457551.2711598644
's-Gravenhage,"Venen, Oorden en Raden",77434.65649681688,451273.24232541467
's-Gravenhage,Visserijbuurt,79196.72871660689,457876.5150439941
's-Gravenhage,Vissershaven,78269.43507859582,457236.3143255993
's-Gravenhage,Vliegeniersbuurt,84403.78175494075,450737.0290434785
's-Gravenhage,Vlietzoom-Oost,85693.83299470902,453982.8708518521
's-Gravenhage,Vlietzoom-West,84870.78039169901,453062.17061738
's-Gravenhage,Vogelwijk,77314.4923446839,455234.17373282724
's-Gravenhage,Voorhout,81273.18090288271,455460.3589196961
's-Gravenhage,Vruchtenbuurt,77419.2135579731,453968.09474720835
's-Gravenhage,Waalsdorp,81573.113081686,457309.8483080127
's-Gravenhage,Waldeck-Noord,75713.41183350992,453076.13703782426
's-Gravenhage,Waldeck-Zuid,75837.32886274517,452632.698509051
's-Gravenhage,Waterbuurt,85004.88768542405,450053.2417564003
's-Gravenhage,Westbroekpark,80246.34581873102,457839.5388262853
's-Gravenhage,Willemspark,81172.4165445229,455997.7432325435
's-Gravenhage,Zeeheldenkwartier,80224.87812057027,455397.0022552631
's-Gravenhage,"Zijden, Steden en Zichten",77665.21812791564,450829.6515242219
's-Gravenhage,Zonne Veld,80259.24274268033,448381.43608270417
's-Gravenhage,Zorgvliet,79404.76576232401,456238.631202465
's-Gravenhage,Zuiderpark,79099.94894539483,452623.9826719701
's-Gravenhage,Zuidwal,81222.40002980489,454553.61210962647
's-Hertogenbosch,'t Ven,152770.93967741926,414075.52764613886
's-Hertogenbosch,A2 zone Rosmalen-Noord,152238.90616,413994.3151600001
's-Hertogenbosch,A2 zone Rosmalen-Zuid,152838.3740888889,412825.27468888887
's-Hertogenbosch,Aawijk-Noord,151332.29875233144,411821.66888082883
's-Hertogenbosch,Aawijk-Zuid,151152.2521985363,411220.3300114359
's-Hertogenbosch,Abdijenbuurt,149820.81724304275,415130.3853933211
's-Hertogenbosch,Bazeldonk,150519.30793305885,410745.93451905256
's-Hertogenbosch,Bedrijvenpark De Brand,152887.56418333336,410935.4972666667
's-Hertogenbosch,Bedrijventerrein De Herven,151480.55368615393,413360.20896923065
's-Hertogenbosch,Bedrijventerrein Kruisstraat,155889.1723512397,415295.13591735525
's-Hertogenbosch,Bedrijventerrein Maaspoort,147989.3834036144,415186.05324698816
's-Hertogenbosch,Bedrijventerrein Nuland,158967.41502999997,414910.7082500001
's-Hertogenbosch,Bedrijventerrein-Noord,148636.06322727274,413991.12310606055
's-Hertogenbosch,Bedrijventerrein-Zuid,150848.564,410784.39826785715
's-Hertogenbosch,Binckhorst,156003.79742023366,414425.9929727628
's-Hertogenbosch,Binnenstad-Centrum,149107.14930369362,411128.8894330586
's-Hertogenbosch,Binnenstad-Noord,149586.08784246552,411470.5108726036
's-Hertogenbosch,Binnenstad-Oost,149777.6202137454,411062.44952371204
's-Hertogenbosch,Bokhoven,144281.44339199996,416467.88010399987
's-Hertogenbosch,Boschveld,148227.68063823867,411730.6215462652
's-Hertogenbosch,Brabantpoort,151669.46716666667,414570.2971666667
's-Hertogenbosch,Broekland,153345.8401109388,416086.66849262995
's-Hertogenbosch,De Bossche Pad,150317.38602047777,411112.6958191127
's-Hertogenbosch,De Buitenpepers,149998.69428022447,412830.495896907
's-Hertogenbosch,De Donk,150404.06425804162,414321.29695318104
's-Hertogenbosch,De Edelstenenbuurt,149143.35820986718,413658.5925944428
's-Hertogenbosch,De Gestelse Buurt,150992.3937417324,410370.2163244094
's-Hertogenbosch,De Groote Vliet,152293.11669696966,414841.5090454547
's-Hertogenbosch,De Hambaken,149504.50419584042,413761.443599653
's-Hertogenbosch,De Haren,150697.58012323224,413932.7054505051
's-Hertogenbosch,De Haverleij,145606.68727187507,415368.31733854173
's-Hertogenbosch,De Herven,150651.4737460674,412970.7243685396
's-Hertogenbosch,De Hinthamerpoort,150322.93498487395,411519.8609117651
's-Hertogenbosch,De Hofstad,150005.26150636477,411272.1691739749
's-Hertogenbosch,De Hoven,152501.63013751298,415770.38372901955
's-Hertogenbosch,De Italiaanse Buurt,148890.82607480316,415151.29575196846
's-Hertogenbosch,De Koornwaard,152403.5715474947,417769.97462245333
's-Hertogenbosch,De Kruiskamp,146167.2919566227,412187.1533472751
's-Hertogenbosch,De Lage Kant,159306.0179811321,415575.7422924529
's-Hertogenbosch,De Lanen,152423.83506388214,416431.8055454544
's-Hertogenbosch,De Meerendonk,151328.71070043635,410431.97847948776
's-Hertogenbosch,De Moerputten,145733.46860341818,411395.07656929095
's-Hertogenbosch,De Muntel,149590.4339958969,411759.09474384494
's-Hertogenbosch,De Muziekinstrumentenbuurt,148977.92456445313,414033.93913476606
's-Hertogenbosch,De Overlaet-Oost,153625.64702366837,415213.5865790368
's-Hertogenbosch,De Overlaet-West,152863.33755104843,414723.1917958542
's-Hertogenbosch,De Reit,151017.68768488363,414237.74184418604
's-Hertogenbosch,De Rietvelden-Oost,147722.06025963594,412038.62601369194
's-Hertogenbosch,De Rietvelden-West,146870.00148104277,413026.3881729858
's-Hertogenbosch,De Rompert,149878.54610000007,414030.92091338587
's-Hertogenbosch,De Schutskamp,146936.2247323941,411587.05419964826
's-Hertogenbosch,De Slagen,150264.4980558858,413586.9043412604
's-Hertogenbosch,De Sprookjesbuurt,149353.54327573968,414198.8238130183
's-Hertogenbosch,De Staatsliedenbuurt,148996.20800621877,415689.0695671644
's-Hertogenbosch,De Vliert,149721.43790675438,412241.8936037063
's-Hertogenbosch,De Vutter,146566.64617948714,413923.827371795
's-Hertogenbosch,De Watertuinen,153902.36831560315,416378.8817677303
's-Hertogenbosch,Deuteren,147568.18481157778,411129.7267911463
's-Hertogenbosch,Empel-Oost,151201.22380882365,416039.89530882356
's-Hertogenbosch,Engelermeer,144856.85025000002,413704.23737499997
's-Hertogenbosch,Ertveld,148520.35701453753,413340.1310090311
's-Hertogenbosch,Graafsebuurt-Noord,150784.15617177915,412111.2834916735
's-Hertogenbosch,Graafsebuurt-Zuid,150716.15204232806,411719.29045608506
's-Hertogenbosch,Grevelingen,150518.63705122957,411180.34263319656
's-Hertogenbosch,Heeseind,157566.0536145252,415254.9836955307
's-Hertogenbosch,Henriëttewaard,147179.54678776205,415098.7493247623
's-Hertogenbosch,Het Bossche Broek,149211.878,408780.68100000004
's-Hertogenbosch,Het Vinkel,156171.62047887317,412988.081943662
's-Hertogenbosch,Het Zand,148707.03659625666,411403.02093689766
's-Hertogenbosch,Het Zilverpark,148537.10957494416,415602.3638299776
's-Hertogenbosch,Hintham-Noord,151803.66448653847,412663.15592596144
's-Hertogenbosch,Hintham-Zuid,152067.8123735066,412110.64267844177
's-Hertogenbosch,Hondsberg,153771.31317978527,414612.898855993
's-Hertogenbosch,Kloosterstraat,152041.3155,409261.677625
's-Hertogenbosch,Kom Empel,150668.66599680885,415669.18053236516
's-Hertogenbosch,Kom Engelen,146594.89381806526,414699.87504608824
's-Hertogenbosch,Kom Nuland,158377.79407841866,415335.4934821775
's-Hertogenbosch,Kom Vinkel,160092.20962900502,412955.2504789205
's-Hertogenbosch,Kruisstraat,155323.51627826097,415644.7954347828
's-Hertogenbosch,Landelijk gebied De Groote Wielen,152821.1755,416976.091
's-Hertogenbosch,Landelijk gebied Nuland,158377.85219148936,417209.0225319149
's-Hertogenbosch,Landelijk gebied Vinkel,160307.49436363633,413186.5230454546
's-Hertogenbosch,Lokeren,149596.10470614012,415439.6693333333
's-Hertogenbosch,Maasakker,150489.6565244268,416183.0749820545
's-Hertogenbosch,Maasdal,149503.73661495172,414971.58069935645
's-Hertogenbosch,Maasoever,147739.15591708102,416295.1256210617
's-Hertogenbosch,Maasstroom,149330.08794576276,415761.96977966133
's-Hertogenbosch,Maasvallei,148290.23446485918,415319.72523895686
's-Hertogenbosch,Maliskamp-Oost,154895.4823867735,413120.6084949902
's-Hertogenbosch,Maliskamp-West,153876.80575,412578.1762222223
's-Hertogenbosch,Molenhoek,153588.58035758272,413444.3278847222
's-Hertogenbosch,Orthen,149470.2549531445,413154.81512700353
's-Hertogenbosch,Orthen-West,149019.54830129878,413028.7336571428
's-Hertogenbosch,Orthenpoort,149159.34340729483,412275.8724863223
's-Hertogenbosch,Oud Empel,149004.86566666665,416244.87338461535
's-Hertogenbosch,Overig Landelijk gebied De Groote Wielen,151968.35785714287,416195.99971428566
's-Hertogenbosch,Paleiskwartier,148203.63666694445,411010.9167064945
's-Hertogenbosch,Pettelaarpark,151338.40926666657,409948.494552381
's-Hertogenbosch,Rosmalen-Centrum,153361.0508445823,414224.7327087038
's-Hertogenbosch,Rosmalense Polder,155585.3284375,417326.59424999997
's-Hertogenbosch,Sparrenburg,154537.66059027758,414043.79875138873
's-Hertogenbosch,Veemarktkwartier,147752.8289590643,412849.2377485384
's-Hertogenbosch,Vinkeloord,157655.09236558358,413080.4908665908
's-Hertogenbosch,Vlietdijk,152976.93253939395,415270.7964545455
's-Hertogenbosch,Vughterpoort,148471.26636249997,410060.17421875015
's-Hertogenbosch,Willemspoort,147727.5057121662,410693.6445697332
's-Hertogenbosch,Zuid,150249.1104154613,410202.0906747904
Aa en Hunze,Amen,237196.18847222222,551271.7516666666
Aa en Hunze,Anderen,242186.52722857145,557834.9313333335
Aa en Hunze,Anloo,243312.99235467968,563083.9554729064
Aa en Hunze,Annen,244271.5037880793,564245.8300716436
Aa en Hunze,Annerveenschekanaal,249680.98151776652,566702.6691776649
Aa en Hunze,Ballo,238464.12661290323,557132.4138870968
Aa en Hunze,Bonnerveen,252134.58725,559080.7138958334
Aa en Hunze,Deurze,237098.8900625,555847.19634375
Aa en Hunze,Eext,245447.6341152482,559793.7653528367
Aa en Hunze,Eexterveen,250007.78454922282,563714.1411813473
Aa en Hunze,Eexterveenschekanaal,252051.1114691358,564270.236228395
Aa en Hunze,Eexterzandvoort,248808.96330612243,561713.6327755102
Aa en Hunze,Ekehaar,236657.8267478261,552460.262521739
Aa en Hunze,Gasselte,249553.0362002553,554857.1963086736
Aa en Hunze,Gasselterboerveen,252676.9965,557931.4831111111
Aa en Hunze,Gasselterboerveenschemond,255744.776,559014.2305384615
Aa en Hunze,Gasselternijveen,253336.17489528193,556602.813379747
Aa en Hunze,Gasselternijveenschemond,257119.67675087723,557709.115136842
Aa en Hunze,Gasteren,240661.92981111104,561789.6214055555
Aa en Hunze,Gieten,247571.80627688603,558167.1467319425
Aa en Hunze,Gieterveen,252269.92920598006,560937.17189701
Aa en Hunze,Grolloo,241386.8342804054,550460.0305270269
Aa en Hunze,Kostvlies,249820.33937288137,556527.0484067796
Aa en Hunze,Nieuw-Annerveen,247859.76162790696,565726.2703023256
Aa en Hunze,Nieuwediep,253550.80373560265,562783.2433423597
Aa en Hunze,Nijlande,238149.61538461538,554918.4615384615
Aa en Hunze,Oud-Annerveen,247173.31529787235,567554.4442127659
Aa en Hunze,Rolde,239939.9297755101,555849.135888502
Aa en Hunze,Schipborg,241046.64663000006,565950.9312466665
Aa en Hunze,Schoonloo,243331.7364431818,547323.8110227273
Aa en Hunze,Spijkerboor,247378.609375,566496.578125
Aa en Hunze,Verspreide huizen Anderen,242144.88888888888,557135.6666666666
Aa en Hunze,Verspreide huizen Anloo,243171.32583333334,562910.00725
Aa en Hunze,Verspreide huizen Annen,245791.31837499994,563885.1640694444
Aa en Hunze,Verspreide huizen Annerveenschekanaal,249533.83933333334,566597.2856666667
Aa en Hunze,Verspreide huizen Eext,246114.4688318584,561580.628539823
Aa en Hunze,Verspreide huizen Eexterveen,249053.8,564301.8
Aa en Hunze,Verspreide huizen Eexterveenschekanaal,252167.24713953483,563756.6185658915
Aa en Hunze,Verspreide huizen Eexterzandvoort,248639.01361538464,561922.9116153846
Aa en Hunze,Verspreide huizen Ekehaar,236440.5451,552817.77332
Aa en Hunze,Verspreide huizen Gasselte,248625.53812328758,555734.7845000005
Aa en Hunze,Verspreide huizen Gasselternijveenschemond,254424.1356,557630.9856
Aa en Hunze,Verspreide huizen Gasteren,240528.64014285716,562400.9832857143
Aa en Hunze,Verspreide huizen Gieten,248280.65411627907,558542.4942325582
Aa en Hunze,Verspreide huizen Gieterveen,252719.80014444445,561123.1962
Aa en Hunze,Verspreide huizen Grolloo,243384.3601003584,548594.6532867384
Aa en Hunze,Verspreide huizen Nieuw-Annerveen,248581.87875,565599.59675
Aa en Hunze,Verspreide huizen Nooitgedacht,241301.20529662902,554095.7830764045
Aa en Hunze,Verspreide huizen Oud-Annerveen,247287.0,567872.0
Aa en Hunze,Verspreide huizen Papenvoort,244143.78917241382,551818.5608965519
Aa en Hunze,Verspreide huizen Rolde,239551.727140625,555661.46728125
Aa en Hunze,Verspreide huizen Schipborg,241290.61100000003,565658.16671875
Aalsmeer,Bovenlanden,113589.57240181114,476943.22452774586
Aalsmeer,Centrum,111504.14423171214,475929.4741907878
Aalsmeer,Greenpark,113737.63269666652,476162.7686933334
Aalsmeer,Hornmeer,112571.13345815844,474171.7671848544
Aalsmeer,Kudelstaart,111559.81844475646,472084.4520846169
Aalsmeer,Oosteinde,115000.33439563545,476847.2930281472
Aalsmeer,Schinkelpolder,115571.0600190114,478239.6704144485
Aalsmeer,Stommeer,112284.86287317816,475285.01276337676
Aalsmeer,Uiterweg,110268.21716014443,474941.0306516374
Aalten,Aalten Kern 't Kobus,235741.21019219226,438055.5264294296
Aalten,Aalten-kern Centrum,237154.53962903257,438096.35591032275
Aalten,Aalten-kern Noord/Noordoost,237365.31416606533,438602.48059350246
Aalten,Aalten-kern Oost,237871.3075279643,437972.4432818793
Aalten,Aalten-kern West,236412.67889495826,438115.8929779412
Aalten,Aalten-kern Zuid 1,237188.1076639805,437305.52584206307
Aalten,Aalten-kern Zuid 2,237696.20668337727,437076.8797822882
Aalten,Barlo-Kern,237614.81974,441491.38923999993
Aalten,Bredevoort,239773.32847187933,440072.18954458134
Aalten,De Heurne-kern,231083.39054861112,434064.01617361105
Aalten,Dinxperlo Centrum/Oost,231052.73524099332,431038.4262608693
Aalten,Dinxperlo Noord,230877.56032235292,431604.09822941164
Aalten,Dinxperlo West,230203.55735593222,431191.1816720336
Aalten,Haart-kern,241660.7882758621,438534.475275862
Aalten,IJzerlo-kern,234463.95017460317,434066.05634920637
Aalten,Lintelo-kern,232573.174943662,437869.91932394373
Aalten,Verspreide huizen Barlo,237138.57084946247,441870.5968225807
Aalten,Verspreide huizen Bredevoort,239431.87851724145,441478.77108045993
Aalten,Verspreide huizen Dale,236467.32029999985,439467.77059999976
Aalten,Verspreide huizen Dalese Veld,234432.88395000002,441162.17605
Aalten,Verspreide huizen De Heurne,231594.28610600712,434284.79043816234
Aalten,Verspreide huizen Dinxperlo,231165.0845047619,432066.38937142846
Aalten,Verspreide huizen Haart,240190.08197727278,437566.91056818224
Aalten,Verspreide huizen Het Zwanenbroek,240238.75378125004,439631.67468750005
Aalten,Verspreide huizen Heurne,237369.06843949063,435833.59582165576
Aalten,Verspreide huizen Hollenberg,238615.65200000006,439505.19316326536
Aalten,Verspreide huizen IJzerlo,234300.14968020303,434389.0619644671
Aalten,Verspreide huizen Lintelo,232561.93166417896,437984.21631716395
Aalten,Verspreide huizen ten westen van Aalten,234952.985850877,437482.5333421054
Achtkarspelen,Augustinusga,206705.73917684227,581352.6259305262
Achtkarspelen,Boelenslaan,205568.87459999998,575316.7332746268
Achtkarspelen,Buitenpost,205637.8257390308,585147.1621816118
Achtkarspelen,Drogeham,203588.2521187151,579651.5453324025
Achtkarspelen,Gerkesklooster,209692.65644505498,584075.5916043954
Achtkarspelen,Harkema,205001.15158494638,577930.1210709662
Achtkarspelen,Kootstertille,202298.6211238928,581099.0333542443
Achtkarspelen,Stroobos,210194.1045893642,583854.9197176832
Achtkarspelen,Surhuisterveen,207239.71224146849,577493.3032302001
Achtkarspelen,Surhuizum,207930.0611150895,580222.716212276
Achtkarspelen,Twijzel,202094.63896495153,583367.6504150935
Achtkarspelen,Twijzelerheide,199043.20227285515,584014.7499282691
Achtkarspelen,Verspreide huizen Augustinusga,206648.47724719095,581671.3038764047
Achtkarspelen,Verspreide huizen Boelenslaan,204912.7283781093,574868.4757462686
Achtkarspelen,Verspreide huizen Buitenpost,205836.28811861953,584957.0712357518
Achtkarspelen,Verspreide huizen Drogeham,203654.49338271606,579337.7200370372
Achtkarspelen,Verspreide huizen Gerkesklooster,209375.14432432438,584411.4870270271
Achtkarspelen,Verspreide huizen Harkema,204512.60106962026,577746.4385759494
Achtkarspelen,Verspreide huizen Kootstertille,202059.6618191489,581907.4601648933
Achtkarspelen,Verspreide huizen Stroobos,209926.5649629629,583037.8348148147
Achtkarspelen,Verspreide huizen Surhuisterveen,207176.8667264574,576405.4032421525
Achtkarspelen,Verspreide huizen Surhuizum,208807.08738150293,579855.6130404621
Achtkarspelen,Verspreide huizen Twijzel,202176.16747222224,584784.5134722223
Achtkarspelen,Verspreide huizen Twijzelerheide,199893.61032173925,583802.2032565221
Alblasserdam,Blokweer Noord,105274.28235101007,431695.4380151515
Alblasserdam,Blokweer Zuid,105251.17526687117,431460.35734662577
Alblasserdam,Cortgene,104519.85971287114,430960.0023960396
Alblasserdam,De Werven,104548.1689436091,430607.7031879691
Alblasserdam,Dijk,103370.13301872658,431815.4010823971
Alblasserdam,Drentsebuurt,105097.64325384614,431087.2591820518
Alblasserdam,Florabuurt,104827.46717115895,431259.2614164426
Alblasserdam,Groene Long,104119.2718,431250.0448
Alblasserdam,Hoogendijk,105941.62846728973,429201.8206261683
Alblasserdam,Klein Alblas,105945.20616853934,430732.9011573033
Alblasserdam,Middelland,104918.27086877827,431700.8597239819
Alblasserdam,Nieuw Kinderdijk,103430.77066197185,431822.887657277
Alblasserdam,Nieuwland,105775.02252023116,428837.2059075143
Alblasserdam,Oranjebuurt,105352.11856722689,431081.0469621849
Alblasserdam,Polder Blokweer,103970.560125,432242.3665
Alblasserdam,Polder Kortland,106430.12388235296,431298.9870588235
Alblasserdam,Polder Souburgh,106412.29850000002,430779.5456666667
Alblasserdam,Polder Vinkenwaard,106212.27855064996,430177.22207494243
Alblasserdam,Polderbuurt,105166.42304402517,430381.8802893082
Alblasserdam,Redersbuurt,104853.9766170679,430822.3461531729
Alblasserdam,Rivierenbuurt,103702.87517099566,431662.00712770555
Alblasserdam,Schildersbuurt,105578.59547138045,431415.88426767674
Alblasserdam,Schrijversbuurt,105554.81353703704,431059.55454558396
Alblasserdam,Staatsliedenbuurt,104456.68539205957,431456.4223945414
Alblasserdam,Vinkenwaard,105718.53400291546,430117.8191282793
Alblasserdam,Vogelbuurt,103694.86102368869,431909.90084940783
Alblasserdam,Waterland,104076.82937760523,431677.08563348174
Alblasserdam,Zeelt,104564.2708698061,431739.70774515235
Alblasserdam,kerkbuurt,105205.58403292176,430701.32386556885
Albrandswaard,Beatrixstraat,86278.65432181426,430521.8140928722
Albrandswaard,Buitengebied,91233.05898076922,429434.50806730776
Albrandswaard,Buitengebied Poortugaal,87633.89868965515,431492.2697586206
Albrandswaard,Buitengebied Rhoon-Noord,88965.9929090909,431355.6309545456
Albrandswaard,Buitengebied Rhoon-Zuid,89972.53998214286,430584.27271428576
Albrandswaard,De Eilanden,92489.79883118834,429758.3113754726
Albrandswaard,Distripark,88253.23632786884,431695.2800819673
Albrandswaard,Driehoek,91959.12016384913,430436.23744603357
Albrandswaard,Ghijseland,89007.99730372992,430335.40517406753
Albrandswaard,Kijvelanden,87738.17008474578,429566.74333898304
Albrandswaard,Landweg,86949.09379751053,430291.82215974043
Albrandswaard,Overhoeken,89459.06796000004,430575.78109333344
Albrandswaard,Park Rhoon,88493.11023564347,429935.8106336632
Albrandswaard,Polder Albrandswaard,86754.30207382549,429507.1378053693
Albrandswaard,Poortugaal,87789.79146153847,430828.5599615384
Albrandswaard,Poortugaal Zuid,86899.07795247936,429790.1615867767
Albrandswaard,Poortugaal-Centrum,86324.58496912527,430192.4399897083
Albrandswaard,Portland-Centrum,91989.1862321724,430223.72116252064
Albrandswaard,Portland-Koedoodzone,92240.72352293579,430648.9458165138
Albrandswaard,Rhoon Noord,88063.96977267633,430715.48267749156
Albrandswaard,Rhoon-Centrum,88265.89645724904,430290.72706567554
Albrandswaard,Rhoon-Zuidoost,89248.2266947369,429848.4870245614
Albrandswaard,Tijsjesdijk,88625.90104362425,429621.42438087263
Albrandswaard,Valckesteyn,86820.58713326111,430985.50244962145
Albrandswaard,Wijkpark Portland,92500.94207499998,430253.82944999996
Albrandswaard,Zwaardijk-Kruisdijk,87024.51506250001,430633.8246354167
Alkmaar,'t Rak-Noord,112123.9025306987,519607.60423641483
Alkmaar,'t Rak-Zuid,111758.53428621478,518535.2885695104
Alkmaar,Bergerhof en Blaeustraatkwartier,110794.1146534861,517150.79791363236
Alkmaar,Bergermeer,110778.61693445688,517479.08425748954
Alkmaar,Bergerwegkwartier,110506.96460728213,516871.4238192455
Alkmaar,Beverkoog,114719.78924962613,518385.0362257101
Alkmaar,Binnenstad-Oost,112035.28151283327,515924.7935205565
Alkmaar,Binnenstad-West,111614.14298887119,516221.50386611256
Alkmaar,Bloemwijk en Zocherkwartier,110849.72592024544,516477.99827096105
Alkmaar,Boekelermeer-Noord,112338.61772351716,514131.30768818624
Alkmaar,Boekelermeer-Zuid,111603.9444846625,513002.5130674847
Alkmaar,Burgemeesterskwartier,110932.02691469812,515074.03221391083
Alkmaar,Cranenbroek,110449.44969892474,515898.00770967774
Alkmaar,Daalmeer-Noordoost,113341.09211343278,520578.900672636
Alkmaar,Daalmeer-Noordwest,112698.66758372309,520765.1234181477
Alkmaar,Daalmeer-Zuidoost,113086.05516403784,520034.47417902213
Alkmaar,Daalmeer-Zuidwest,112643.79365507847,520109.0042222228
Alkmaar,De Hoef I en II,110239.1490948092,516442.94694852136
Alkmaar,De Hoef III en IV,109942.88781791771,515884.4124711101
Alkmaar,De Horn-Noord,113029.0937556267,519423.8374726683
Alkmaar,De Horn-Zuid,112684.79332550966,518601.671236566
Alkmaar,De Mare,112269.4538383719,519024.8932406974
Alkmaar,De Nollen,113789.51303584913,517950.23221886763
Alkmaar,De Rijp,118281.14036069968,507757.74549990863
Alkmaar,Dillenburg en Stadhouderskwartier,111405.1329443005,515072.9070751291
Alkmaar,Driehuizen,115754.99011926608,510530.93212844024
Alkmaar,Emmakwartier,111334.10710706864,515636.6454022876
Alkmaar,Graft,117486.0474811828,508271.7946290323
Alkmaar,Grootschermer,118425.28600923068,510682.99830153835
Alkmaar,Huiswaard-1-Zuid,111822.41903942642,517465.9930286738
Alkmaar,Huiswaard-2-Oost,112767.90356086963,517834.5789271735
Alkmaar,Huiswaard-2-West,112396.7949982143,517639.82901339256
Alkmaar,Koedijk en De Weijdt,112149.05308103589,520804.3661470343
Alkmaar,Kooimeer,111157.78404988836,514696.70690990274
Alkmaar,Landelijk gebied Noord,112876.431,521468.08533333335
Alkmaar,Landelijk gebied-West,110563.47614785994,517856.3949727623
Alkmaar,Markenbinnen,113869.13541304348,504883.0496014493
Alkmaar,Muiderwaard,111763.5840408719,517836.05340054474
Alkmaar,Nassaukwartier en Hout,111018.47911940313,516107.2735161695
Alkmaar,Noordeinde,117536.57947368422,509499.01263157884
Alkmaar,Oost-Graftdijk,115973.30204303264,506908.3571657026
Alkmaar,Oosterhout,112252.17996950478,514882.8021902381
Alkmaar,Oranjepark,110604.95694362016,515185.3545133528
Alkmaar,Oterleek,117642.06425000004,516432.3464664177
Alkmaar,Oud-Overdie,112427.56172330322,515396.58653703856
Alkmaar,Oud-Rochdale,111488.53794454386,515308.92760107364
Alkmaar,Oudorp-Centrum,113523.01797355033,516259.7922543225
Alkmaar,Oudorp-Noord en Oudorp-Oost,113700.00384393222,516480.19387697976
Alkmaar,Oudorperpolder-Midden,112897.91772937297,516342.2618184814
Alkmaar,Oudorperpolder-Noord,113033.34457929875,516565.9990751254
Alkmaar,Oudorperpolder-Zuid,112740.91662185921,516276.5710894122
Alkmaar,Overdie-Oost,111947.31863136715,514505.61158646224
Alkmaar,Overdie-West,111544.21187770704,514558.46141401253
Alkmaar,Overstad,112021.4504786,516665.6271820197
Alkmaar,Rekerbuurt en Ooievaarsnest,112335.00991620627,516578.94107826834
Alkmaar,Schermereiland en Omval,112741.28569194603,515717.8765115928
Alkmaar,Schermerhorn,121243.42705911332,512672.6584055826
Alkmaar,Spoorbuurt,111311.24552301882,516736.58493056596
Alkmaar,Staatsliedenkwartier en Landstraten,111789.97828905599,515458.9915664151
Alkmaar,Starnmeer,115054.451325,506242.85318749986
Alkmaar,Stompetoren,116629.02784895831,514208.3708749998
Alkmaar,Ursem gem. S,120407.8081842105,515216.529131579
Alkmaar,Vroonermeer-Noord,113458.45745816747,519307.240870518
Alkmaar,Vroonermeer-Zuid,113229.38687500011,518317.6160358276
Alkmaar,West-Graftdijk,114912.1133055573,507586.8518698409
Alkmaar,Zuidschermer,113796.66119285718,511185.05295000033
Almelo,Aadorp-Oost,239558.31949775785,488663.9480852017
Almelo,Aadorp-West,239446.38006875003,487923.1890687499
Almelo,Aalderinkshoek Noordoost,240486.7308065477,486534.45151041663
Almelo,Aalderinkshoek Noordwest,240035.88639522265,486685.3477502715
Almelo,Aalderinkshoek Zuidoost,240558.52500331125,486191.25269205304
Almelo,Aalderinkshoek Zuidwest,240046.133167852,486266.49781081104
Almelo,Achterlanden en omgeving,241008.72026060606,485522.26635757566
Almelo,Arendsboer en omgeving Noord,241975.74505248634,485259.99408011104
Almelo,Arendsboer en omgeving Zuid,241938.051835443,484912.5192974683
Almelo,Bedrijvenpark Twente,238635.59383070862,488453.1875748033
Almelo,Beeklust,240695.74758760675,485263.150715812
Almelo,Binnenstad-Noord,241942.16269373376,486379.9024959695
Almelo,Binnenstad-Zuid,242063.87777010616,485859.99385280744
Almelo,Boomplaats,242001.92580268197,484531.1814272031
Almelo,Bornerbroek,241451.57728125007,480976.07345312525
Almelo,Bornsestraat en omgeving Midden,242518.4911934605,485177.7001607627
Almelo,Bornsestraat en omgeving Zuid,242916.88227272732,484979.2496847194
Almelo,De Grens,240728.17153633217,483058.70186851214
Almelo,Dijkstraat en omgeving,241151.52076114647,486265.0473630573
Almelo,Drakensteyn en omgeving,242718.46091183156,488327.6614999279
Almelo,Groeneveld,239984.0177962264,484507.40217735845
Almelo,Havezathe,243166.50447761195,488870.623880597
Almelo,Hofkamp-Oost,242694.73676933162,485676.50325032807
Almelo,Hofkamp-West,242316.83518508976,485809.1145012851
Almelo,Huttenveld,240464.92842474917,483311.0277859532
Almelo,Java en omgeving,241988.8631709845,486664.08984715026
Almelo,Kanaalzijde,239635.07857189543,484120.1185343138
Almelo,Kerkelanden,240995.30760640735,486333.6284004578
Almelo,Kollenveld-Bolkshoek,243438.11594398337,485156.6056224066
Almelo,Leemslagen-Noord,239795.19688936786,483932.8065287358
Almelo,Leemslagen-Oost,240653.07179629768,483832.8954147287
Almelo,Leemslagen-Zuid,239766.6336035636,483592.32108351856
Almelo,Maardijk,241080.0809097744,483646.74842105265
Almelo,Markgraven,244001.8642793177,487874.2730383795
Almelo,Nieuwland,242605.12529460582,484766.3857033195
Almelo,Nieuwstraat en omgeving,241423.3013009198,485419.5629356111
Almelo,Nijrees,241761.9850854139,483489.7162141919
Almelo,Ootmarsumsestraat en omgeving,243116.99418625672,487295.9549041592
Almelo,Ossenkoppelerhoek-Midden-Noord,241216.53470810808,484942.54233648593
Almelo,Ossenkoppelerhoek-Midden-Zuid,241219.43336926153,484666.04371856287
Almelo,Ossenkoppelerhoek-Oost,241674.3910975207,484699.49898347084
Almelo,Ossenkoppelerhoek-West,240674.0722330623,484878.2825319547
Almelo,Paradijs,243071.34585019236,485728.4590510416
Almelo,Parkweg en omgeving,242077.8486862172,487122.763642228
Almelo,Riet Noord,242304.14642369017,485244.93992482894
Almelo,Riet Zuid,242181.45740552992,484850.6610875576
Almelo,Rohof en omgeving,241034.15087116565,485880.520417178
Almelo,Rumerslanden,243643.66094524492,487620.9980288184
Almelo,Schelfhorst-Noordoost,243425.11948529413,489071.36213235295
Almelo,Schelfhorst-Noordwest,242682.62444298688,488947.37515741686
Almelo,Schelfhorst-Zuidoost,243319.13818074024,488315.0746192589
Almelo,Schelfhorst-Zuidwest,242543.71187740803,488217.4421803853
Almelo,Ulk en omgeving,241822.16883235864,485685.30201754416
Almelo,Veenelanden,242270.05258333334,489461.11724999995
Almelo,Verspreide huizen Hofkamp,244531.6512307693,486271.9562307693
Almelo,Verspreide huizen wijk 11,243317.55541353382,484481.76519924833
Almelo,Verspreide huizen wijk 12,241087.33652361628,487737.800228072
Almelo,Verspreide huizen wijk 13,244343.9830027474,488478.87818681326
Almelo,Verspreide huizen wijk 14,239532.37899433365,485907.6228977576
Almelo,Verspreide huizen wijk 19,241850.933978769,483823.4410636948
Almelo,Verspreide huizen wijk 20,240482.68199999997,489573.83089473686
Almelo,Verspreide huizen wijk 21,241755.21485039353,481488.56129133864
Almelo,Vriezenveenseweg en omgeving Haghoek Oost,242116.7316013986,487667.40849125886
Almelo,Vriezenveenseweg en omgeving Haghoek West,241837.7148145697,487875.0823377479
Almelo,Wester-Sluitersveldlanden,242926.82420741493,487458.8198587178
Almelo,Witvoet en omgeving,241082.21388235292,485425.82280495355
Almelo,Wonde en omgeving,241419.84745671638,485159.02137611946
Almelo,Zeven Bosjes,239874.53813125,483227.19814166665
Almere,Bloemenbuurt,147926.8702029612,489035.47070905846
Almere,Bouwmeesterbuurt,146190.87608887724,489847.72917931445
Almere,Buitenvaart,146873.38957425737,492278.82423762395
Almere,Centrum Almere Buiten,147588.78783829225,489730.67153880943
Almere,Centrum Almere Haven,143509.02244435818,483000.2029603104
Almere,Centrum Almere Stad,143445.9685457674,487082.9600347642
Almere,Columbuskwartier,138317.00053808163,485008.26737658813
Almere,Danswijk,146085.08833999038,486361.0649377617
Almere,De Gouwen,143162.8933737051,484242.6527792823
Almere,De Grienden,144871.29470622007,483498.4135052636
Almere,De Hoven,143342.39020537265,483487.61868110945
Almere,De Marken,144118.40696142617,484131.79969796265
Almere,De Meenten,144625.77954921793,482943.7611720326
Almere,De Steiger,143907.3994431818,484670.4093977273
Almere,De Vaart,145887.21886956526,491196.8156018305
Almere,De Velden,141751.82414406794,483506.30049152597
Almere,De Werven,143924.44688268958,483285.7344070092
Almere,De Wierden,142629.86063932814,483434.9822989136
Almere,Duin,138109.3619027409,483753.54937400523
Almere,Eilandenbuurt,149489.40245677962,490043.775596753
Almere,Europakwartier,138692.1756233107,484403.8692504225
Almere,Faunabuurt,147211.0785210183,488666.18652457185
Almere,Filmwijk,144744.36953941904,486554.7941910907
Almere,Gooisekant,141197.6283896712,484696.83477699483
Almere,Hogekant,140163.93890789477,485200.9580526316
Almere,Hollandsekant,140394.9324478764,486304.4427915057
Almere,Homeruskwartier,139070.54289168125,485305.693280815
Almere,Indischebuurt,149066.97059549805,490465.8224386077
Almere,Kruidenwijk,142442.76320569782,488245.84437777824
Almere,Lagekant,139774.5324,484017.4716
Almere,Landgoederenbuurt,146778.97843818195,489063.15730848466
Almere,Literatuurwijk,141047.18855400992,485531.2015310971
Almere,Markerkant,143350.9746439024,488591.95747804875
Almere,Middenkant,139651.20775,484597.16575
Almere,Molenbuurt,147138.77545673933,490179.9780476757
Almere,Muziekwijk Noord,141095.90782836595,487061.3092597752
Almere,Muziekwijk Zuid,141938.19531595416,486468.86125756014
Almere,Nobelhorst,147886.56158612983,485563.0275604024
Almere,Noorderplassen,140880.44279227554,489402.37072094594
Almere,Olympiakwartier,138800.28799568966,483745.0810818968
Almere,Oostvaardersbuurt,148857.91408863268,490951.2360500755
Almere,Overgooi,145902.64796045193,482516.3339661018
Almere,Overig Almere Buiten,145368.7417096774,490707.18932258064
Almere,Overig Almere Haven,143805.93266666666,484782.08583333326
Almere,Overig Almere Hout,149943.36632116494,484087.87324915495
Almere,Overig Almere Pampus,139971.758,486498.6836666667
Almere,Overig Almere Poort,139717.2,485255.8626666667
Almere,Overig Almere Stad,142537.177,485332.6944166667
Almere,Parkwijk,145527.68727088982,487236.4698126695
Almere,Poldervlak,146801.91494145087,490569.2256896164
Almere,Randstad,143984.35925791855,487794.85580542975
Almere,Regenboogbuurt,148899.25618299094,489590.4656617295
Almere,Sallandsekant,147301.2676097561,486730.45268292696
Almere,Seizoenenbuurt,148117.8538503857,490542.3805455019
Almere,Sieradenbuurt,149563.66868298972,491329.9429896908
Almere,Staatsliedenwijk,143268.07095028527,487803.1198492259
Almere,Stedenwijk,142781.84476758813,486300.6174767343
Almere,Stichtsekant,150022.2736923077,481148.2313076923
Almere,Stripheldenbuurt,150379.38323101512,490497.24879856047
Almere,Tussen de Vaarten Noord,145865.6113829599,488410.4986113321
Almere,Tussen de Vaarten Zuid,146650.23836951476,487274.8951946542
Almere,Twentsekant,147712.053,485992.18200000003
Almere,Veluwsekant,146284.59373026318,485834.91613815766
Almere,Verzetswijk,145202.61794357127,487943.4477292851
Almere,Vogelhorst,149290.39215411563,483627.8118021013
Almere,Waterwijk,144269.327263239,488840.0919153323
Alphen aan den Rijn,Aarlanderveen Dorp,109891.03006153848,461509.35874999984
Alphen aan den Rijn,Ambachtenbuurt-Oost,105018.5245970695,463019.8307667887
Alphen aan den Rijn,Ambachtenbuurt-West,104674.00810689176,463157.3829437412
Alphen aan den Rijn,Appelbuurt,104802.31306359098,453845.86500748125
Alphen aan den Rijn,Archeon,104361.03581087476,458759.3646607561
Alphen aan den Rijn,Bedrijventerrein De Schans I,105957.06714285714,458977.4674285714
Alphen aan den Rijn,Bedrijventerrein De Schans II,105555.32603529411,458635.44754117646
Alphen aan den Rijn,Bedrijventerrein Heimanswetering,104443.08097823142,462522.37314487895
Alphen aan den Rijn,Bedrijventerrein Hoogewaard,102402.52428712873,461024.09749504924
Alphen aan den Rijn,Bedrijventerrein Molenwetering,103693.81373313,460110.26095387765
Alphen aan den Rijn,Bedrijventerrein Rijnhaven-Oost,104187.20168887891,461173.702004283
Alphen aan den Rijn,Bedrijventerrein Rijnhaven-West,103070.01513600002,460775.06976000004
Alphen aan den Rijn,Beerendrecht,105870.06165760859,459658.73245108733
Alphen aan den Rijn,Benthuizen Dorp-Oost,97385.33244338493,454555.588166866
Alphen aan den Rijn,Benthuizen Dorp-West,96935.7441568122,454470.6212930585
Alphen aan den Rijn,Bentwoud,98440.335019084,454616.4846793892
Alphen aan den Rijn,Biezen-Oost,106561.90229692834,454638.4053856657
Alphen aan den Rijn,Biezen-West,105746.28663068169,454608.6606770829
Alphen aan den Rijn,Bomenbuurt,104385.90225602023,460725.21475918905
Alphen aan den Rijn,Bospark,104768.95988872826,460635.79474711063
Alphen aan den Rijn,Botanicusbuurt,104485.73125391308,453286.714723478
Alphen aan den Rijn,Buitengebied Hazerswoude-Dorp,100302.65599723681,456983.6064536677
Alphen aan den Rijn,Buitengebied Hazerswoude-Rijndijk,101080.47328459121,460375.5052641504
Alphen aan den Rijn,Buitengebied Koudekerk aan den Rijn,100235.44377272727,460771.2022590908
Alphen aan den Rijn,Burgemeester Visserpark,105248.7215112426,460665.1407656804
Alphen aan den Rijn,Burgtenbuurt,106191.31229710135,462558.3871068842
Alphen aan den Rijn,Componistenbuurt-Noord,105944.02374943056,462325.21135763114
Alphen aan den Rijn,Componistenbuurt-Zuid,105991.00742553188,462097.5316573349
Alphen aan den Rijn,De Bijlen,106273.04620689653,460600.052
Alphen aan den Rijn,De Burcht,109546.67217647059,457565.34535947716
Alphen aan den Rijn,De Heul,105437.42621804512,461662.16214285727
Alphen aan den Rijn,De Oude Wereld-Oost,104623.87601848062,459247.4716344973
Alphen aan den Rijn,De Oude Wereld-West,104313.2567200967,459345.8324120254
Alphen aan den Rijn,Draaistok,104798.91678659785,454600.00029278337
Alphen aan den Rijn,Edelstenenbuurt,106430.99149640281,461684.6708848915
Alphen aan den Rijn,Emmalaan,105158.9156016381,461335.48651526513
Alphen aan den Rijn,Ericapark,106483.60429948366,462090.27030981047
Alphen aan den Rijn,Europaplein,104675.18535151985,459934.9128854253
Alphen aan den Rijn,Evenaar-Oost,105001.7162212581,459512.3755498919
Alphen aan den Rijn,Evenaar-West,104184.26026649741,459705.6872614211
Alphen aan den Rijn,Gnephoek,103765.95871130998,462118.87049844285
Alphen aan den Rijn,Gouwsluis,105735.71536348687,459259.4541595392
Alphen aan den Rijn,Groenoord,104846.70428735619,462048.4874885062
Alphen aan den Rijn,Hazerswoude-Dorp-Oost,100103.24255028754,456494.0888132189
Alphen aan den Rijn,Hazerswoude-Dorp-West,99383.20873172834,456524.40445273067
Alphen aan den Rijn,Hazeveld,105298.74801228072,459700.81311228074
Alphen aan den Rijn,Herenweg,105328.36725277423,462876.3281911214
Alphen aan den Rijn,Heuvelweg,104921.29697826097,463415.93663636356
Alphen aan den Rijn,Hoge Dijk,110466.78946666663,462003.8087333333
Alphen aan den Rijn,Hooge Burch,109332.4759,457622.0978
Alphen aan den Rijn,Hoogendoornlaan,106737.38915625004,457549.9589999999
Alphen aan den Rijn,Horstenbuurt-Noord,105839.01687146889,462974.7289929374
Alphen aan den Rijn,Horstenbuurt-Zuid,105711.8138499256,462694.4662734029
Alphen aan den Rijn,Koudekerk aan den Rijn-Noord,101274.54590124219,461026.7994646137
Alphen aan den Rijn,Koudekerk aan den Rijn-Zuid,101349.40468339309,460729.311663082
Alphen aan den Rijn,Kromme Aar,107792.47168181818,462025.07586363633
Alphen aan den Rijn,Laag Boskoop,104283.02643653979,455178.22413756035
Alphen aan den Rijn,Lijsterlaan,105672.62223587578,460734.8282401129
Alphen aan den Rijn,Nesse,104748.01499396595,456098.94924038486
Alphen aan den Rijn,Nieuwe Sloot,105608.83242394032,461276.83357356646
Alphen aan den Rijn,Noordeinde,109279.43576404492,462196.1142865169
Alphen aan den Rijn,Noordpolder,97021.89547085199,455153.29595964105
Alphen aan den Rijn,Nuovaweg,104475.82350384619,462055.5920692307
Alphen aan den Rijn,Paddestoelenbuurt,106714.07894528875,462626.25099290867
Alphen aan den Rijn,Paradijslaan,105171.9525065856,460084.60572543036
Alphen aan den Rijn,Planetenbuurt-Noord,105843.21213846146,461899.2803128201
Alphen aan den Rijn,Planetenbuurt-Zuid,105737.20275944329,461722.7033727636
Alphen aan den Rijn,Polderpeil-Oost,105257.53734811532,459096.4944013301
Alphen aan den Rijn,Polderpeil-West,105016.49484283723,458891.1682141866
Alphen aan den Rijn,Preludeweg,105287.82892438266,462397.25896450604
Alphen aan den Rijn,Rhynenburch,100187.42283394157,460118.583545619
Alphen aan den Rijn,Ridderbuurt,106560.09520754717,463161.7320943396
Alphen aan den Rijn,Rietveldse polder,102720.31286941578,456717.0876494844
Alphen aan den Rijn,Rietveldsepad,104409.16314814815,457741.3235925928
Alphen aan den Rijn,Rijndijk,98404.88258763288,460644.5931113761
Alphen aan den Rijn,Rijneveld-Noord,106715.01170247931,456374.629661157
Alphen aan den Rijn,Rijneveld-Zuid,106620.71890869566,455750.1065478261
Alphen aan den Rijn,Rijnoord,105238.1053297873,462056.75969148945
Alphen aan den Rijn,Snijdelwijk,103803.06397083335,453804.4810361111
Alphen aan den Rijn,Spoelwijk,108014.53689855072,454794.40614492755
Alphen aan den Rijn,Steekterbuurt,107329.6818080448,458815.1857740146
Alphen aan den Rijn,Steinenbuurt,106345.44457024794,462867.41265123955
Alphen aan den Rijn,Stromenbuurt,104911.8104385813,462529.80684083025
Alphen aan den Rijn,Van Boetzelaerstraat,105685.19620380417,460265.2386759515
Alphen aan den Rijn,Vogelbuurt,103887.14803278688,453364.19970491773
Alphen aan den Rijn,Voorofschebuurt,104681.50998165137,454183.096614679
Alphen aan den Rijn,Voorweg,101807.38875963305,455837.33034128416
Alphen aan den Rijn,Vroonhoevebuurt,103957.71548307696,459039.930166154
Alphen aan den Rijn,Wagenburg,103627.00338979698,459041.11342399224
Alphen aan den Rijn,Weidebloemenbuurt-Noord,107137.73084135978,462378.88247308775
Alphen aan den Rijn,Weidebloemenbuurt-Zuid,106967.96812933352,462079.3246320001
Alphen aan den Rijn,Weteringpark,104237.73312537037,463437.8492702855
Alphen aan den Rijn,Woubrugseweg,104157.3633478261,463815.3043043479
Alphen aan den Rijn,Zeeheldenbuurt,104824.8973705883,461267.12145196093
Alphen aan den Rijn,Zefierzijde,103757.61348501065,459382.86261241895
Alphen aan den Rijn,Zonnedauw,103757.08875151514,454284.1825515153
Alphen aan den Rijn,Zonneveld,100583.47281692918,460270.5136456702
Alphen aan den Rijn,Zuideinde,110448.36256842103,460811.49213684193
Alphen aan den Rijn,Zuidwijk,105909.66561688579,453866.68048852443
Alphen aan den Rijn,Zwammerdam Dorp,109822.42536978122,457722.85843936366
Alphen-Chaam,Alphen,125118.73536237376,388247.3775334596
Alphen-Chaam,Buitengebied Alphen,125710.41044539357,388397.8080752928
Alphen-Chaam,Chaam,118503.50679019671,390867.33802652423
Alphen-Chaam,Galder,112535.81516423357,391928.4830437956
Alphen-Chaam,Verspreide huizen Bavel,117957.20096,396000.10672
Alphen-Chaam,Verspreide huizen Galder,112266.82891906188,391832.8486272066
Alphen-Chaam,Verspreide huizen Strijbeek,114143.91643636362,390530.49471818184
Alphen-Chaam,Verspreide huizen Ulvenhout,115008.4703298969,394100.80616494844
Alphen-Chaam,Verspreide huizen in het Noordoosten,119461.87566739661,391409.4840463299
Alphen-Chaam,Verspreide huizen in het Zuidwesten,117964.3326035714,390168.69468928565
Alphen-Chaam,Villawijk 't Zand,125169.68831168831,389677.02597402595
Altena,Aalburg,137300.67679354138,418314.03985160886
Altena,Almkerk oost,125736.46008536585,420524.55266666686
Altena,Almkerk west,124982.58334025549,420232.02416293963
Altena,Andel,132169.4821149314,421594.66982416494
Altena,Babyloniënbroek,129596.84869672124,417208.6614836067
Altena,Bedrijventerrein Rietdijk,130605.41175117379,421392.1446056337
Altena,Bedrijventerrein Veen,134955.50443037966,420783.876337553
Altena,Bedrijventerrein Werkendam,120273.54231836497,423932.7985395087
Altena,Buitengebied Almkerk noord,125211.56921505381,421425.7022150536
Altena,Buitengebied Almkerk zuid,126408.45831007752,419605.56354263565
Altena,Buitengebied Andel,132703.292860215,421217.32005376345
Altena,Buitengebied Babyloniënbroek,129879.32904000004,417827.9132600002
Altena,Buitengebied Biesbosch,114726.84996685048,421068.10617803264
Altena,Buitengebied Drongelen,130763.25668493156,414483.79054794525
Altena,Buitengebied Dussen noord,125731.37385185185,417851.12748148147
Altena,Buitengebied Dussen zuid,125763.59767500001,415551.22482500004
Altena,Buitengebied Eethen,131934.94195999994,416188.32944
Altena,Buitengebied Genderen,133931.40130769231,416857.6346730769
Altena,Buitengebied Giessen,130051.05418518522,421546.48716666666
Altena,Buitengebied Hank oost,122220.36003179994,415992.2417165827
Altena,Buitengebied Hank west,119934.24792592591,416689.1163333334
Altena,Buitengebied Meeuwen,128759.62142424243,415179.22145454545
Altena,Buitengebied Nieuwendijk noordoost,123153.60880000002,420577.38499999995
Altena,Buitengebied Nieuwendijk zuid,122337.5982631579,419531.5738947368
Altena,Buitengebied Oostwaard,120167.68985904004,421137.07977421273
Altena,Buitengebied Rijswijk (NB),128987.47552173915,423824.39658695646
Altena,Buitengebied Sleeuwijk,123300.91893114567,425880.10829388193
Altena,Buitengebied Uitwijk,129012.22172972973,421995.33805405407
Altena,Buitengebied Veen,134003.999,420503.411
Altena,Buitengebied Waardhuizen,128030.11039999999,420618.61600000004
Altena,Buitengebied Werkendam noord,122030.92378571429,425736.4029285715
Altena,Buitengebied Werkendam zuid,122674.49122727272,423917.4906363636
Altena,Buitengebied Wijk en Aalburg oost,136301.38179999994,418470.1342599999
Altena,Buitengebied Wijk en Aalburg west,134692.75965151517,418608.9305606061
Altena,Buitengebied Woudrichem,127114.03273128204,424591.4423926558
Altena,Burchtpolder,120777.45086278195,424765.5463176693
Altena,Centrum Werkendam,120961.03852369664,425169.9165296206
Altena,Drongelen,131986.60683185834,414184.01805309724
Altena,Dussen,125710.8537639259,416090.2216728561
Altena,Eethen,131930.2204596773,415872.34322311863
Altena,Genderen,134230.01979093562,416387.1858757308
Altena,Giessen,130471.787422151,422428.6192808992
Altena,Hank,121222.16945000002,416522.2464158538
Altena,Kurenpolder,119903.80078006037,415440.63712410186
Altena,Meeuwen,129066.62403821958,415547.04433972697
Altena,Nieuwendijk,122729.52450906041,420751.60028092546
Altena,Oudendijk,126860.41122297295,424734.0574391892
Altena,Rijswijk (NB),129942.42063870076,423296.80845737475
Altena,Sleeuwijk oost,125175.01072289156,424893.71632530127
Altena,Sleeuwijk west,124844.38062147502,425370.4755547719
Altena,Spijk,136642.27574721185,419876.37438104034
Altena,Uitwijk,128738.55666055038,422074.6532477062
Altena,Uppel,124195.51465714288,422514.2485047621
Altena,Veen,135651.7961356671,421076.80369143834
Altena,Veenseput,134625.48268999395,421639.3132893918
Altena,Vervoornepolder noord,121257.0212488114,424712.97390332783
Altena,Vervoornepolder zuid,121359.99206021919,424179.69326277485
Altena,Waardhuizen,128817.16508421052,421047.43467368436
Altena,Welgelegen,120515.1385061057,424308.77480732644
Altena,Werkense polder,121648.60561551721,424954.3932275861
Altena,Wijk,137046.93042373465,418978.96298090386
Altena,Woudrichem noord,128354.19067193828,425377.32617593586
Altena,Woudrichem zuid,128155.44629353915,424799.7614311791
Ameland,Ballum,174974.48219521914,606491.4439482072
Ameland,Buren,182481.667013141,607410.205254733
Ameland,Hollum,171743.8393826087,606010.3846260868
Ameland,Nes,180662.78388418423,606648.0036201746
Ameland,Verspreide huizen Ballum,175471.365276045,606871.8411371171
Ameland,Verspreide huizen Hollum,171669.06647428285,606897.5389976564
Ameland,Verspreide huizen Nes,180688.28655617047,607519.5197207788
Amersfoort,Albatrosstraat,156525.8100912826,463948.8761217101
Amersfoort,Albert Cuypstraat,155111.6201672475,462268.3929767704
Amersfoort,Amaniet,155339.86069453368,466431.61451125366
Amersfoort,Architectenbuurt-Oost,155927.57391692296,466038.36093230813
Amersfoort,Architectenbuurt-West,155670.54392660575,465970.69332660566
Amersfoort,Ariaweg,156763.93528456916,463217.28192184353
Amersfoort,Bachweg-Zuid,156175.61698181822,462493.4459233767
Amersfoort,Bedrijventerrein Vathorst-Noord,156601.70317142858,466946.86331428564
Amersfoort,Bedrijventerrein Vathorst-Zuid,157668.39690909095,465955.0675454546
Amersfoort,Beestenmarkt,155541.59948342538,463171.4314281766
Amersfoort,Bekenstein en De Luiaard,155156.95311721633,462575.17407325964
Amersfoort,Bieshaar-Noord,154129.50494577773,466931.8978977775
Amersfoort,Bieshaar-Zuid,153966.60098955236,466360.1588716421
Amersfoort,Birkhoven/Bokkeduinen,152393.06158636368,462982.9400181817
Amersfoort,Bloeidaal,158157.94184177215,464147.2154620252
Amersfoort,Bloemenbuurt-Oost,153507.8015083998,463339.61472679046
Amersfoort,Bloemenbuurt-West,152923.55185639003,463490.9362529644
Amersfoort,Bloemweg,154490.55776744193,462701.79197286844
Amersfoort,Bomenbuurt,152657.4324837872,463787.24624513584
Amersfoort,Bosweg,155130.32352751106,461525.49620698724
Amersfoort,Calveen,155271.14970798904,467779.93709917314
Amersfoort,Camera Obscurastraat,155048.78065872035,465206.5234930995
Amersfoort,Centrum-Wat,154109.68444292236,467936.40581735177
Amersfoort,Chromiumweg,153509.0780996117,464257.88978474797
Amersfoort,Coelhorst,153338.91973913045,465758.8611304348
Amersfoort,Columbusweg,155961.87910501732,463523.3442988677
Amersfoort,Coninckstraat,155340.61504569591,463396.0662720508
Amersfoort,Curacaolaan,153797.2451761468,461074.2064770642
Amersfoort,Cycladen,157211.12883196733,466799.1821557379
Amersfoort,Damespolder,157763.8790523561,467389.92245811544
Amersfoort,De Biezen,154152.23850065586,467220.3553126308
Amersfoort,De Bik,154007.24396846123,465565.2362232093
Amersfoort,De Brand,156450.63876923078,466693.7055000001
Amersfoort,De Brinken,154796.45236694676,467199.1655126051
Amersfoort,De Bron Noord,157213.7560978261,467411.14362500043
Amersfoort,De Bron Zuid,157257.43479166648,467055.6133664215
Amersfoort,De Driehoek,154886.46151898737,461938.72288888844
Amersfoort,De Ham,154276.04985695705,465881.0047659296
Amersfoort,De Hoef-Oost,157164.2116747571,465285.6687281556
Amersfoort,De Hoef-West,156587.57027272717,465077.3795036852
Amersfoort,De Horizon,155338.94216165956,467221.8871201715
Amersfoort,De Horsten,156401.75142497258,464520.1918335164
Amersfoort,De Laak Oost,158345.4705,467400.082
Amersfoort,De Lichtenberg,154108.55951515166,461701.64271818154
Amersfoort,De Plaatsen,154955.26655741382,464687.26052731305
Amersfoort,De Verwondering,155332.3881945081,466910.0324691084
Amersfoort,De Wieken,157923.4125952381,464228.7512142856
Amersfoort,Dorpskern Hooglanderveen,157975.80720689657,466577.31629575585
Amersfoort,Dorrestein,155750.9268037384,461288.11601869145
Amersfoort,Duisterweg,156708.80957868026,467201.7540888321
Amersfoort,Eemplein,154609.50283490244,463522.40266340825
Amersfoort,Elly Takmastraat,154583.1840878887,464936.9880632364
Amersfoort,Emiclaer,155749.05580257517,466498.0066351933
Amersfoort,Emminkhuizerberg,156518.73097115377,467659.8521538463
Amersfoort,Erasmusstraat,156399.51856042305,465731.2347522661
Amersfoort,Evertsenstraat,155438.8783025832,463949.41904243507
Amersfoort,G. van Stellingwerfstraat,154102.22893652684,463199.53824311367
Amersfoort,Geldersestraat,154204.7018970588,463782.1087205883
Amersfoort,Gesloten Stad,155150.85297995544,466760.99464588
Amersfoort,Gildekwartier,154701.48629363452,463714.31108624244
Amersfoort,Groote Kreek,155671.56775087104,466817.661036585
Amersfoort,Grote Haag,155035.49877896992,462804.2388369098
Amersfoort,Heideweg,157648.79731967216,466824.24664754095
Amersfoort,Het Gein,155974.98689608165,465312.6187597956
Amersfoort,Het Hallehuis,156022.78146843723,466969.8940402568
Amersfoort,Hoekveen,158231.1009665551,466850.38241471536
Amersfoort,Hof,155153.67724013724,463208.8537512865
Amersfoort,Hoge Hoven,153999.89260885608,467596.41635178344
Amersfoort,Hogesteeg,157220.61198355776,468472.600221973
Amersfoort,Hoornplantsoen,158166.46323348413,467715.48813303147
Amersfoort,Huygenslaan,154138.9111981567,462163.2990230416
Amersfoort,Indische Buurt,154062.6069004739,460935.73881279636
Amersfoort,Jericho en Jeruzalem,154551.9311266492,463895.17392875976
Amersfoort,Juliana van Stolberg,154486.74514919877,462098.1098766957
Amersfoort,Klein Zwitserland,153371.9181127621,461330.22769409145
Amersfoort,Koperhorst,155424.95624958692,464712.17807603296
Amersfoort,Lage Hoven,154655.7953093721,468287.32212010893
Amersfoort,Langenoord,154496.53255710952,466609.5081445223
Amersfoort,Leersumseberg,156633.2731031867,468054.92885887733
Amersfoort,Liendertsedreef,155943.89722651016,464562.95532550296
Amersfoort,Lient,157773.86053155668,466207.3583099582
Amersfoort,Lieve Vrouwekerkhof,155020.4226465754,463081.48733972607
Amersfoort,Lindeboomseweg,155380.08049999998,468228.1433333333
Amersfoort,Maatweg,153937.37581038865,464523.8723577146
Amersfoort,Meridiaan,154918.87806356873,464085.1454750737
Amersfoort,Mooierstraat,155157.63745121952,462931.5703231704
Amersfoort,Mr. Th. Heemskerklaan,153023.92206435642,462296.75494554464
Amersfoort,Muidenkade,157761.30446014486,468098.3243949273
Amersfoort,Muziekbuurt-Noord,156205.09230218682,466265.9931610333
Amersfoort,Muziekbuurt-Zuid,156198.56885086047,465817.0843001909
Amersfoort,Neptunusplein,155728.13862393965,463745.2506606979
Amersfoort,Nieuwstraat,155291.2898047337,463061.0356804734
Amersfoort,Nijkerkerstraat,158371.1747058824,465287.8799215685
Amersfoort,Nimmerdor,155117.6581333333,460967.76546666666
Amersfoort,Oranjelaan,153308.8482369147,461831.66488705267
Amersfoort,Park Schothorst-Noord,154598.97783333334,466111.5336666666
Amersfoort,Park Schothorst-Zuid,154967.09775000002,465476.42010000005
Amersfoort,Piet Mondriaanlaan,154119.40653030295,462972.9843484849
Amersfoort,Podium,158459.9055,466926.433125
Amersfoort,Puntenburg,154299.46080364374,463409.90226012154
Amersfoort,Queekhoven,155542.9476706588,465152.9765785444
Amersfoort,Randenbroekerweg,156097.85435805636,462822.74743478297
Amersfoort,Regentesselaan,154111.74115624998,462429.22315885447
Amersfoort,Reinier,155991.58809090906,467815.743
Amersfoort,Rivierenbuurt-Oost,153775.54371294126,463571.1548635294
Amersfoort,Rivierenbuurt-West,153196.7244785715,463755.18518750026
Amersfoort,Roevoeterstraat,157406.38876506945,467793.4177496136
Amersfoort,Romeostraat,156607.72173547588,463029.50232014805
Amersfoort,Rubensstraat,155506.18376084257,461954.22557744756
Amersfoort,Rustenburg-Noord,156989.37186383,464631.03162411344
Amersfoort,Rustenburg-Zuid,157029.62359730023,464091.8282182243
Amersfoort,Schimmelpenninckstraat,155003.36859558825,463587.97394852905
Amersfoort,Smallepad,154648.9510871671,463113.19189830497
Amersfoort,Snouckaertlaan,154631.1265331493,462863.4131602212
Amersfoort,Sportpark Zielhorst,156785.0657142857,466163.41857142857
Amersfoort,Sprengenberg,157042.99578249347,467946.0630543772
Amersfoort,Stadhuisplein,154870.84968588455,463069.0529582503
Amersfoort,Stadskwartier,154540.89175000007,467685.8867587719
Amersfoort,Stadstuin,153698.27760858598,468510.9419090912
Amersfoort,Station Berkenweg,154204.10066363637,462721.7759545455
Amersfoort,Stille Steeg,155183.95770000006,466191.911860606
Amersfoort,Stoutenburgerlaan,160301.48228571427,463669.5639857144
Amersfoort,Thorbeckeplein,153576.84878008295,462578.28153112077
Amersfoort,Uraniumweg,152626.9750242467,464464.33129818266
Amersfoort,Verdiweg,156778.15898527633,462572.82821717765
Amersfoort,Verhoevenstraat,154367.228608,461690.21428799984
Amersfoort,Vinkenbaan,156160.33864885502,464268.2278931295
Amersfoort,Vinkenhoef,158221.19440625,464630.94809375
Amersfoort,Vlasakkers,152165.55945106375,461455.1697531914
Amersfoort,Vlinderbuurt,156461.2101194821,466392.5194302818
Amersfoort,Voltastraat,154579.53224813633,461386.2629318425
Amersfoort,Vuurtoren,154522.70699388374,464435.12370540254
Amersfoort,Wagenwerkplaats,153346.69977528093,463135.0804044943
Amersfoort,Waterkwartier,154091.3733094844,468397.22416389413
Amersfoort,Weberstraat,156350.03375717474,462229.3700451436
Amersfoort,Weltevreden,154737.82072727272,462449.9006794256
Amersfoort,Westerstraat,154565.4521732284,462389.5856377953
Amersfoort,Willem III,155816.36355495563,462954.7903712439
Amersfoort,Winkelcentrum,157946.54370292896,467452.78187447693
Amersfoort,Woudzoom,154910.7957730496,466526.8737198582
Amersfoort,Zeldert,152524.0505597483,466948.0345345912
Amersfoort,Zon en Schild,152371.5903532935,460514.9277245508
Amersfoort,Zonnehof,154777.8717418034,462623.5711844263
Amersfoort,Zwaluwenstraat,156540.4153856015,463538.8012110455
Amstelveen,Alpen Rondwegbuurt,119556.34363315521,478301.9351080241
Amstelveen,Amsterdamse Bos Noord,117986.84802772253,481496.31684926304
Amstelveen,Amsterdamse Bos Zuid,116423.66350000001,479671.88942857145
Amstelveen,Augustinuspark,119032.19187588188,478463.96536964754
Amstelveen,Beroepenbuurt,118230.76941954032,477468.68288218137
Amstelveen,Betsy Perkbuurt,117046.37114752132,477550.81429382996
Amstelveen,Boekenbuurt,120226.38093397616,479778.7553922919
Amstelveen,Bovenkerk,117241.60380372358,478267.3644173769
Amstelveen,Buitenplaatsenbuurt,116680.28949011293,477734.44530650065
Amstelveen,Buurt over Ouderkerk,121584.65577777775,479160.17230303056
Amstelveen,De Scheg,116079.59297222225,476277.3148611111
Amstelveen,Elsrijk Oost,119604.5642408531,480111.3505748012
Amstelveen,Elsrijk West,118637.81257216845,480075.8342433659
Amstelveen,Galjoenbuurt,119130.94839669345,476738.27819540637
Amstelveen,Heldenbuurt,120277.67625043022,480855.75027282943
Amstelveen,Hemellichamenbuurt,118602.98882149927,477182.7454391936
Amstelveen,In de Wolkenbuurt,119830.11170704199,478171.6644957728
Amstelveen,Kastanjebuurt,118378.28099115788,479071.8111511919
Amstelveen,Kastelenbuurt,116099.3192513812,476818.2818637198
Amstelveen,Kringloopbuurt,119671.75859033418,477735.05966394284
Amstelveen,Kronenburg,120308.256037037,481325.3673703703
Amstelveen,Kruidenbuurt,117288.01259198357,476310.2677872564
Amstelveen,Kruiskerkbuurt,119063.86026831492,480263.8382802196
Amstelveen,Landschappenbuurt,116469.55514359985,477315.2822736723
Amstelveen,Langerhuize,119704.2746382112,478623.58870630123
Amstelveen,Legmeer,117541.98673249992,477273.0819925001
Amstelveen,Legmeerpolder,115784.63578877886,475254.49797689775
Amstelveen,Middelpolder,121724.67282038086,480648.6102448334
Amstelveen,Molenbuurt,118116.57345556402,477048.1270373421
Amstelveen,Nes aan de Amstel,119947.89994219696,476179.332888959
Amstelveen,Operabuurt,120080.57789645453,479204.5344765938
Amstelveen,Oranjebuurt,118353.9143567708,480967.3354244793
Amstelveen,Oude Dorp,118106.33057297379,479514.93072783115
Amstelveen,Patrimonium,118101.15272981704,480316.038517566
Amstelveen,Populierenbuurt,118272.16278151567,478558.1040310873
Amstelveen,Punterbuurt,119235.42751260482,477148.43860714295
Amstelveen,Randwijck Oost,119391.61991069636,481206.02103784384
Amstelveen,Randwijck West,118955.80001337147,481232.68927125115
Amstelveen,Schrijversbuurt,116681.99941388535,476462.9429465958
Amstelveen,Stadshart,119286.21918290209,479535.95763419557
Amstelveen,Startbaanbuurt,118167.08961753009,477971.75071314943
Amstelveen,Theaterbuurt,116866.19142005742,477004.6092185427
Amstelveen,Uilenstede,120102.42371452707,481530.9514847988
Amstelveen,Van der Leekbuurt,119054.06946554071,478946.9832804052
Amstelveen,Vredeveldbuurt,119550.04545033659,480740.0389432437
Amstelveen,Watercirkelbuurt,119421.38354794592,477763.8237454976
Amstelveen,Zeestratenbuurt,120212.7883400889,480351.93872070446
Amsterdam,AMC,125668.03587179485,478356.0548205128
Amsterdam,Aalsmeerwegbuurt Oost,118368.36805191872,484681.0463491348
Amsterdam,Aalsmeerwegbuurt West,118227.57370336188,484799.9978088332
Amsterdam,Afrikahaven,111540.27159000002,491295.58892999997
Amsterdam,Alexanderplein e.o.,123217.63277142856,486320.58557142864
Amsterdam,Alfa-driehoek,118531.82147727274,490031.3102575757
Amsterdam,Amerikahaven,114484.36458900501,491461.03788504226
Amsterdam,Amstel III deel A/B Noord,124848.99779752064,480054.4809223143
Amsterdam,Amstel III deel A/B Zuid,125625.10944805802,478982.3229014558
Amsterdam,Amstel III deel C/D Noord,124317.82865644172,479923.1605071573
Amsterdam,Amstel III deel C/D Zuid,124840.12442168675,478704.38239759044
Amsterdam,Amstelglorie,122153.03638030685,483010.7490912356
Amsterdam,Amstelkwartier Noord,123111.95900134381,483581.96633202094
Amsterdam,Amstelkwartier West,122745.92283502052,483060.3028770943
Amsterdam,Amstelkwartier Zuid,123151.60673359959,483049.8471244547
Amsterdam,Amstelpark,121397.06537037036,482509.4192962963
Amsterdam,Amstelveldbuurt,121747.87874407727,486287.35950081353
Amsterdam,Amsterdamse Bos,118471.19083860096,482966.8783178749
Amsterdam,Amsterdamse Poort,125356.84671047369,480794.5765710468
Amsterdam,Andreasterrein,118110.65233644859,485583.60934579436
Amsterdam,Anjeliersbuurt Noord,120709.50856673157,488049.8410950116
Amsterdam,Anjeliersbuurt Zuid,120610.2060208108,487815.7366372247
Amsterdam,Architectenbuurt,124723.70361824078,486829.618466805
Amsterdam,BG-terrein e.o.,121533.71719965285,487008.7839809028
Amsterdam,Baanakkerspark Noord,125315.26688194444,490260.4121203704
Amsterdam,Baanakkerspark Zuid,125045.71220930232,489917.6511627907
Amsterdam,Balboaplein e.o.,118680.86613155022,486961.0634415938
Amsterdam,Banne Noordoost,123449.01019021739,491494.7425271739
Amsterdam,Banne Noordwest,123102.21334421888,491618.7294095322
Amsterdam,Banne Zuidoost,123024.54371551305,490981.27417470166
Amsterdam,Banne Zuidwest,122666.52465729769,491020.38455673907
Amsterdam,Banpleinbuurt,120102.35642394012,485149.3561022443
Amsterdam,Beatrixpark,120728.0,484161.0
Amsterdam,Bedrijvencentrum Osdorp,113965.7658597561,486070.47298170737
Amsterdam,Bedrijvencentrum Westerkwartier,119432.79406072866,488567.9884158969
Amsterdam,Bedrijvengebied Cruquiusweg,125343.12840415575,486857.71174798894
Amsterdam,Bedrijvengebied Veelaan,124346.19843154054,486773.00987210294
Amsterdam,Bedrijvengebied Zeeburgerkade,124451.92848718316,486659.9005594615
Amsterdam,Bedrijvenpark Lutkemeer,112902.9782613636,485687.3063636363
Amsterdam,Bedrijventerrein Hamerstraat,123397.79280572601,488654.4371288343
Amsterdam,Bedrijventerrein Landlust,119031.9904621075,488510.26486264047
Amsterdam,Bedrijventerrein Nieuwendammerdijk,124935.546825,488643.33508750005
Amsterdam,Bedrijventerrein Schinkel,118086.90802490906,483949.0342206286
Amsterdam,Bedrijventerrein Sloterdijk I,118506.967011194,489510.7180074625
Amsterdam,Beethovenbuurt,120387.41232704405,484660.0270534591
Amsterdam,Begijnhofbuurt,121227.81265736432,487089.95846356585
Amsterdam,Belgiëplein e.o.,115800.45093023258,484354.36698632006
Amsterdam,Bellamybuurt Noord,119548.66273049127,486948.57953325816
Amsterdam,Bellamybuurt Zuid,119469.20648727757,486641.4581389872
Amsterdam,Bertelmanpleinbuurt,119024.29504732827,484732.40526870225
Amsterdam,Betondorp,124872.67050272145,483753.7151410194
Amsterdam,Bijlmermuseum Noord,126818.6775248668,481500.1435097691
Amsterdam,Bijlmermuseum Zuid,126999.98746285708,481189.6358464287
Amsterdam,Blauwe Zand,123765.49114875241,489553.01618138223
Amsterdam,Bloemenbuurt Noord,122908.121666931,490126.8290436162
Amsterdam,Bloemenbuurt Zuid,122830.16406106263,489711.99997938104
Amsterdam,Bloemgrachtbuurt,120479.52177403338,487524.7378073131
Amsterdam,Borgerbuurt,119577.74662980686,486471.3740316975
Amsterdam,Borneo,124874.14939281942,487163.30609094957
Amsterdam,Bosleeuw,118345.70023562059,488266.02571898786
Amsterdam,Bretten Oost,116604.3429090909,488883.309
Amsterdam,Bretten West,113377.0,488964.0
Amsterdam,Buiksloterbreek,122367.02625224787,490608.94156528864
Amsterdam,Buiksloterdijk Oost,123409.53605454546,490024.0344545455
Amsterdam,Buiksloterdijk West,123101.48611475411,490390.42416393437
Amsterdam,Buiksloterham,121963.03065156256,489551.089573468
Amsterdam,Buikslotermeer Noord,124734.34137242261,490673.4144420104
Amsterdam,Buikslotermeerplein,124658.42453077697,490149.9241331984
Amsterdam,Buitenveldert Midden Zuid,120004.39026139816,482139.94391185435
Amsterdam,Buitenveldert Oost Midden,120750.0430023084,482711.5687899354
Amsterdam,Buitenveldert West Midden,119198.9753832442,482769.1539447416
Amsterdam,Buitenveldert Zuidoost,120676.04943556707,482132.1937135496
Amsterdam,Buitenveldert Zuidwest,119230.06428580674,482183.4954519885
Amsterdam,Burgemeester Tellegenbuurt Oost,121895.27355371899,484849.9649740259
Amsterdam,Burgemeester Tellegenbuurt West,121573.35366392216,484769.7848188623
Amsterdam,Burgwallen Oost,121736.93504251656,487330.1225062996
Amsterdam,Buurt 10,114404.82292227667,488257.6421934384
Amsterdam,Buurt 2,116997.12917654638,488082.5883228092
Amsterdam,Buurt 3,116996.65450212067,488423.75865252875
Amsterdam,Buurt 4 Oost,116149.62257678618,488342.2558512582
Amsterdam,Buurt 5 Noord,116009.20826179703,487915.3001137686
Amsterdam,Buurt 5 Zuid,115919.9894650919,487550.90156955406
Amsterdam,Buurt 6,115183.83113237598,487714.3475631641
Amsterdam,Buurt 7,114818.2252616114,487749.6660758293
Amsterdam,Buurt 8,115184.26418585065,488026.42062212294
Amsterdam,Buurt 9,115115.84811482433,488400.94407197944
Amsterdam,Buyskade e.o.,119845.14519039968,488058.573700754
Amsterdam,Calandlaan/Lelylaan,115381.59970238095,485409.76488095237
Amsterdam,Centrumeiland,129584.73275941734,484842.9975105407
Amsterdam,Circus/Kermisbuurt,120750.96631939737,492398.7588681986
Amsterdam,Coenhaven/Mercuriushaven,119960.65724937076,490093.46834943164
Amsterdam,Columbusplein e.o.,118769.01342829363,486588.71063490526
Amsterdam,Concertgebouwbuurt,120225.19969005002,485637.3086227947
Amsterdam,Cornelis Douwesterrein,120560.23957735852,491524.9048905661
Amsterdam,Cornelis Schuytbuurt,119880.58874157957,485397.8329030196
Amsterdam,Cornelis Troostbuurt,121058.98756212242,484873.5623004304
Amsterdam,Cremerbuurt Oost,119493.68201395674,486146.9221946964
Amsterdam,Cremerbuurt West,119140.97761540192,485997.35049648915
Amsterdam,Czaar Peterbuurt,123809.84553548694,486969.69598837045
Amsterdam,D-buurt,125409.61995171588,481588.6944159397
Amsterdam,Da Costabuurt Noord,119931.2033516189,487014.0474420433
Amsterdam,Da Costabuurt Zuid,120049.10653375044,486675.6609176645
Amsterdam,Dapperbuurt Noord,123658.59533909128,486348.6631277934
Amsterdam,Dapperbuurt Zuid,123689.33568418822,486024.12993429427
Amsterdam,De Aker Oost,114253.14222845483,484564.84459595
Amsterdam,De Aker West,113449.01429286809,484924.49782192433
Amsterdam,De Bongerd,122019.85736956343,491258.1842504169
Amsterdam,De Eenhoorn,123218.2973026561,484737.79372761154
Amsterdam,De Heining,112734.31347814707,489941.22589251265
Amsterdam,De Kleine Wereld,124614.79466893987,490469.23819776817
Amsterdam,De Klenckebuurt,120584.94608571428,483006.0551619047
Amsterdam,De Omval,122885.56949963978,484150.4506615409
Amsterdam,De Punt,114066.69032016069,485535.7516493638
Amsterdam,De Wester Quartier,119137.95568811346,486728.30439912784
Amsterdam,De Wetbuurt,123570.49765212649,484047.86032933474
Amsterdam,De Wittenbuurt Noord,120433.19282520618,488542.36851590057
Amsterdam,De Wittenbuurt Zuid,120244.51769978962,488356.8033120529
Amsterdam,Delflandpleinbuurt Oost,117976.44293252831,484726.5755092328
Amsterdam,Delflandpleinbuurt West,117582.1688994591,484737.4622589141
Amsterdam,Den Texbuurt,121312.42326329826,485839.2032522533
Amsterdam,Diamantbuurt,122223.12037994625,484905.72925637354
Amsterdam,Diepenbrockbuurt,120455.0558792135,484361.5062921349
Amsterdam,Don Bosco,123643.5415936114,485117.9775350486
Amsterdam,Dorp Driemond,129716.77175882355,479805.2680897059
Amsterdam,Dorp Sloten,114758.51583766186,483927.8815368047
Amsterdam,Drieburg,124048.3316,483646.3408
Amsterdam,Driehoekbuurt,120714.94169361956,488270.7044872689
Amsterdam,Duivelseiland,120772.14930188682,485178.6187735849
Amsterdam,Durgerdam,128055.58620719159,487904.8980318411
Amsterdam,E-buurt,126093.12677331424,481913.31916642684
Amsterdam,Ecowijk,119693.56647763577,488572.4146565496
Amsterdam,Eendrachtspark,115649.74678935856,488566.91988192673
Amsterdam,Elandsgrachtbuurt,120457.2209212711,487132.67857803975
Amsterdam,Elzenhagen Noord,123995.70778689558,490963.03325763415
Amsterdam,Elzenhagen Zuid,123761.92619598235,490415.2567708763
Amsterdam,Emanuel van Meterenbuurt,116663.1788615649,485997.2285374033
Amsterdam,Entrepot-Noordwest,124313.47371451314,487004.4609895726
Amsterdam,Erasmusparkbuurt Oost,118874.97200772626,487843.1219503312
Amsterdam,Erasmusparkbuurt West,118519.18384226576,487890.3284762528
Amsterdam,F-buurt,125541.16701981175,481166.60227538407
Amsterdam,Fannius Scholtenbuurt,120045.2548691876,488538.8018953065
Amsterdam,Felix Meritisbuurt,120827.10356852181,487150.4664447754
Amsterdam,Filips van Almondekwartier,118966.55062441311,487036.5112785602
Amsterdam,Flevopark,125413.05821503396,486040.1473630221
Amsterdam,Frankendael,123847.61600000001,484903.5711
Amsterdam,Frans Halsbuurt,121041.14715736841,485539.09126026306
Amsterdam,Frederik Hendrikbuurt Noord,120141.58446512406,487978.08171173505
Amsterdam,Frederik Hendrikbuurt Zuidoost,119963.40604699364,487526.1804284611
Amsterdam,Frederik Hendrikbuurt Zuidwest,119796.74721084446,487541.5574487665
Amsterdam,Frederikspleinbuurt,121767.04692530268,485854.5894324697
Amsterdam,G-buurt Noord,126506.85765599176,481847.4410785121
Amsterdam,G-buurt Oost,127140.66584708993,482033.8164185186
Amsterdam,G-buurt West,126374.96486236824,481553.67525976436
Amsterdam,Gaasperdam Noord,127050.42337316356,478997.00224387855
Amsterdam,Gaasperdam Zuid,127157.50387635577,478590.26362798264
Amsterdam,Gaasperpark,128074.8292271089,480530.1644557058
Amsterdam,Gaasperplas,129161.82327586207,479777.79672413797
Amsterdam,Gein Noordoost,128209.04584980237,479089.1241106719
Amsterdam,Gein Noordwest,127588.91449345794,479069.1914317762
Amsterdam,Gein Zuidoost,127916.48983631714,478425.0925294117
Amsterdam,Gein Zuidwest,127571.04993429697,478601.8659658344
Amsterdam,Gelderlandpleinbuurt,120017.35055948465,482829.01526880433
Amsterdam,Gerard Doubuurt,121366.58840079782,485543.694663955
Amsterdam,Geuzenhofbuurt,119411.86422753354,487322.35407033504
Amsterdam,Gibraltarbuurt,118636.92033153748,488535.10404931614
Amsterdam,Gooise Kant,126385.89217446804,480722.4629872339
Amsterdam,Gouden Bocht,121196.35145212765,486540.25209042546
Amsterdam,Groenmarktkadebuurt,120165.86525311018,487168.10517977056
Amsterdam,Grunder/Koningshoef,127259.49018098161,481574.0424233129
Amsterdam,Haarlemmerbuurt Oost,121260.46621426813,488166.5634146295
Amsterdam,Haarlemmerbuurt West,120898.60168605414,488453.37645179126
Amsterdam,Hakfort/Huigenbos,125651.67639999998,479916.74866695283
Amsterdam,Harmoniehofbuurt,120657.44396771885,484983.8078998577
Amsterdam,Haveneiland Noord,128918.92676508438,485034.3116049879
Amsterdam,Haveneiland Noordoost,128524.41537369696,485383.38306776265
Amsterdam,Haveneiland Noordwest,128059.33173926339,485800.3835920093
Amsterdam,Haveneiland Oost,129163.47272523126,484652.1953271687
Amsterdam,Haveneiland Zuidwest/Rieteiland West,128197.12667822736,485261.907261079
Amsterdam,Helmersbuurt Oost,120201.75545336417,486444.32986849523
Amsterdam,Hemelrijk,121452.29357116268,487888.9438236669
Amsterdam,Hemonybuurt,121955.5221205389,485527.50243337767
Amsterdam,Hercules Seghersbuurt,121040.68506152554,485216.26665824116
Amsterdam,Het Funen,123939.93404891866,486816.2150872717
Amsterdam,Hiltonbuurt,119938.41336,484930.90875999996
Amsterdam,Hoge Dijk,125577.90019685053,477507.2379926427
Amsterdam,Holendrecht Oost,126488.68112684852,479421.99867552466
Amsterdam,Holendrecht West,125970.8348685875,479307.88685031625
Amsterdam,Holysloot,130125.2847205882,491459.77258823527
Amsterdam,Hondecoeterbuurt,120411.51259966774,485212.035082226
Amsterdam,Hoofdcentrum Zuidoost,124528.58700274726,480612.6206758242
Amsterdam,Hoptille,125392.10084577926,480218.2899813321
Amsterdam,Houthavens Oost,121201.38328528103,489393.6110273173
Amsterdam,Houthavens West,120519.77343381097,489676.9482628842
Amsterdam,Huntum,126022.5271188811,480070.7598741259
Amsterdam,IJplein e.o.,122853.26881030048,488412.45601058303
Amsterdam,IJsbaanpad e.o.,118409.19014384468,483761.50133119844
Amsterdam,IJselbuurt Oost,122312.8751390175,484565.6812028659
Amsterdam,IJselbuurt West,121858.16539144318,484520.3009252874
Amsterdam,Jacob Geelbuurt,117060.50088564327,486047.85826848954
Amsterdam,Jacques Veltmanbuurt,117097.90685255293,485346.87989436754
Amsterdam,Jan Maijenbuurt,118508.16524801154,487234.57389298634
Amsterdam,Java-eiland,123874.40515830931,487927.4752140237
Amsterdam,Johan Jongkindbuurt,117599.58271604938,485805.9234567901
Amsterdam,Johannnes Vermeerbuurt,120691.7201260504,485408.8541271006
Amsterdam,John Franklinbuurt,118712.5926801688,487287.4166962026
Amsterdam,Julianapark,123248.95232968751,484413.76382656273
Amsterdam,K-buurt Midden,127188.35386263744,480960.60149921494
Amsterdam,K-buurt Zuidoost,127550.21251422318,480920.0327986873
Amsterdam,K-buurt Zuidwest,127179.77227722772,480707.3485148515
Amsterdam,KNSM-eiland,124752.05366741457,487771.40486760234
Amsterdam,Kadijken,122956.92635436993,486854.22122968064
Amsterdam,Kadoelen,122076.87616387708,492227.60731770005
Amsterdam,Kalverdriehoek,121218.41516875,486785.74429166666
Amsterdam,Kantershof,127756.32475766017,481262.9764001857
Amsterdam,Kattenburg,123156.88160599985,487290.8042821244
Amsterdam,Kazernebuurt,123420.12982807569,486499.1948485804
Amsterdam,Kelbergen,126789.81933842239,480496.8600508906
Amsterdam,Kolenkitbuurt Noord,117855.36418546733,488209.36942581297
Amsterdam,Kolenkitbuurt Zuid,117753.70048293965,487841.11484164506
Amsterdam,Koningin Wilhelminaplein,117628.49219065777,485261.566279841
Amsterdam,Kop Zeedijk,121827.1216270365,487631.81597807934
Amsterdam,Kop Zuidas,121441.776377193,483503.402214912
Amsterdam,Kortenaerkwartier,119184.0472063629,487029.18589681893
Amsterdam,Kortvoort,126532.52538670886,481013.04434493673
Amsterdam,Kromme Mijdrechtbuurt,122383.56707296695,484242.65636188333
Amsterdam,L-buurt,127233.76038978016,480100.2076417112
Amsterdam,Laan van Spartaan,117644.18690666665,487502.2026850786
Amsterdam,Landelijk gebied Driemond,129522.3196,480272.3184444445
Amsterdam,Landlust Noord,118934.99871759268,488228.07686188247
Amsterdam,Landlust Zuid,119109.07371879871,487832.80456723075
Amsterdam,Langestraat e.o.,121153.6776620207,487934.897995362
Amsterdam,Lastage,122028.94601143293,487412.85017978586
Amsterdam,Legmeerpleinbuurt,118501.48433799997,485150.99730899994
Amsterdam,Leidsebuurt Noordoost,120814.68205467192,486280.0383180917
Amsterdam,Leidsebuurt Noordwest,120623.75169090908,486471.1510690909
Amsterdam,Leidsebuurt Zuidoost,120750.72990415334,486154.1900990413
Amsterdam,Leidsebuurt Zuidwest,120488.5077087084,486417.27285505395
Amsterdam,Leidsegracht Noord,120770.43274784114,486792.6014507772
Amsterdam,Leidsegracht Zuid,120868.86943700151,486649.2803923447
Amsterdam,Leliegracht e.o.,120955.27509461642,487658.39091185713
Amsterdam,Linnaeusparkbuurt,124046.66901649923,485238.920667145
Amsterdam,Lizzy Ansinghbuurt,121337.45507597402,484948.6977506494
Amsterdam,Loenermark,123961.36085867631,490266.81017978524
Amsterdam,Lootsbuurt,119166.1741283309,486302.08588063065
Amsterdam,Louis Chrispijnbuurt,116618.25841615595,485397.5569264624
Amsterdam,Lucas/Andreasziekenhuis e.o.,117564.8437413793,487275.3216931036
Amsterdam,Marathonbuurt Oost,119318.58077362638,484619.816187912
Amsterdam,Marathonbuurt West,119149.9558996805,484450.67753801926
Amsterdam,Marcanti,119605.92484531249,487548.55232031253
Amsterdam,Marine-Etablissement,122954.06763977733,487626.58342552895
Amsterdam,Marjoleinterrein,122700.43537414966,490505.4149659864
Amsterdam,Markengouw Midden,125742.43901688835,489816.7457274506
Amsterdam,Markengouw Zuid,126037.49564016746,489352.18358054437
Amsterdam,Markthallen,119564.96043325796,487975.69181467366
Amsterdam,Marnixbuurt Midden,120178.7770909091,487345.5556573426
Amsterdam,Marnixbuurt Noord,120502.7901908428,488234.9686594523
Amsterdam,Marnixbuurt Zuid,120388.26224814035,486655.28218524734
Amsterdam,Medisch Centrum Slotervaart,116665.18878877898,484384.91729702934
Amsterdam,Meer en Oever,115455.51984070252,486387.1628740161
Amsterdam,Mercatorpark,118034.15784210528,487156.77131578943
Amsterdam,Middelveldsche Akerpolder,113708.51677784813,485196.15754999995
Amsterdam,Middeneiland Zuidwest,129795.96800000001,485246.576
Amsterdam,Middenmeer Noord,124322.15910685805,485340.8633205742
Amsterdam,Middenmeer Zuid,124614.59856933939,484922.3734127637
Amsterdam,Minervabuurt Midden,119940.18028056834,484549.82037581014
Amsterdam,Minervabuurt Noord,119933.5261246201,484759.2787021277
Amsterdam,Minervabuurt Zuid,119869.41898700305,484320.307292049
Amsterdam,Molenwijk,121154.44275254247,492422.47417423676
Amsterdam,Museumplein,120662.3253788146,485800.9301052427
Amsterdam,NDSM terrein,121249.56497730518,490791.6420914347
Amsterdam,Nelson Mandelapark,126162.548125,480487.44474999997
Amsterdam,Nes e.o.,121415.36800221728,487117.1367383594
Amsterdam,Nieuw Sloten Noordoost,116038.04553251444,484658.3121784681
Amsterdam,Nieuw Sloten Noordwest,115375.67042707493,484523.43674456084
Amsterdam,Nieuw Sloten Zuidoost,116138.69905458516,484218.8316408297
Amsterdam,Nieuw Sloten Zuidwest,115423.1677304948,484134.3799705421
Amsterdam,Nieuwe Diep/Diemerpark,126910.4729552515,485558.0828619326
Amsterdam,Nieuwe Kerk e.o.,121391.26322222226,487574.0393157895
Amsterdam,Nieuwe Meer,115830.13598345235,482708.30687390204
Amsterdam,Nieuwe Oosterbegraafplaats,124419.96707692307,484139.0730769231
Amsterdam,Nieuwendammerdijk Oost,124835.72523365908,489096.9283344815
Amsterdam,Nieuwendammerdijk West,124029.03972343674,489398.7074809045
Amsterdam,Nieuwendammerdijk Zuid,124494.91580433601,488996.7461022585
Amsterdam,Nieuwendijk Noord,121566.05624777185,487765.68206595344
Amsterdam,Nieuwmarkt,121947.79836043308,487190.68849165627
Amsterdam,Nintemanterrein,123503.5,490066.2
Amsterdam,Noorder IJplas,119153.07019775754,493186.0647856669
Amsterdam,Noorderstrook Oost,126153.87277777778,489920.44944444444
Amsterdam,Noorderstrook West,124707.8766916149,491655.56904480315
Amsterdam,Noordoever Sloterplas,116798.91742247841,487400.0673801152
Amsterdam,Noordoostkwadrant Indische buurt,124742.17124289594,486375.1451115479
Amsterdam,Noordwestkwadrant Indische buurt Noord,124227.17592595537,486420.50406090764
Amsterdam,Noordwestkwadrant Indische buurt Zuid,124232.90737519263,486174.8421760399
Amsterdam,Olympisch Stadion e.o.,118741.53775227274,484329.99747954553
Amsterdam,Ookmeer,115029.56120225498,487003.5843792812
Amsterdam,Oostelijke Handelskade,123427.36142567634,487721.93344870297
Amsterdam,Oostenburg,123566.25593483646,487048.5563400356
Amsterdam,Oosterdokseiland,122325.01700967544,487723.4643740875
Amsterdam,Oosterpark,122987.05276271186,486057.9631525423
Amsterdam,Oosterparkbuurt Noordwest,122673.81559128161,485775.10878872266
Amsterdam,Oosterparkbuurt Zuidoost,123302.93343164498,485651.94008112967
Amsterdam,Oosterparkbuurt Zuidwest,122858.07833778232,485481.2112664272
Amsterdam,Oostoever Sloterplas,117086.61351936417,486651.39043436287
Amsterdam,Oostpoort,123919.62441212662,485620.73200702993
Amsterdam,Oostzanerdijk,120958.67034616251,492285.67236000375
Amsterdam,Orteliusbuurt Midden,118438.42973991418,486848.6084729614
Amsterdam,Orteliusbuurt Noord,118320.85209170853,487174.23530904524
Amsterdam,Orteliusbuurt Zuid,118525.02017652175,486533.8832339131
Amsterdam,Osdorp Midden Noord,114396.94633847191,486214.0982915537
Amsterdam,Osdorp Midden Zuid,114570.81110408434,485804.9638899868
Amsterdam,Osdorp Zuidoost,115750.84947311346,485289.9347284228
Amsterdam,Osdorper Binnenpolder,113588.57708988765,488311.92540449445
Amsterdam,Osdorper Bovenpolder,113533.49508438668,487102.9627101543
Amsterdam,Osdorpplein e.o.,115281.29404483622,485712.9343455556
Amsterdam,Oude Kerk e.o.,121595.0214179955,487449.25175854244
Amsterdam,Overamstel,121845.54724999999,482009.1344375
Amsterdam,Overbraker Binnenpolder,119301.532125,489353.0965625
Amsterdam,Overhoeks,122063.76184186745,488819.5214210147
Amsterdam,Overtoomse Veld Noord,117617.90983177569,486699.605786916
Amsterdam,Overtoomse Veld Zuid,117630.86661171296,486174.64514640934
Amsterdam,P.C. Hooftbuurt,120501.98452551018,485927.6857971941
Amsterdam,Papaverweg e.o.,122253.03645493471,490008.5390665493
Amsterdam,Paramariboplein e.o.,118781.11490620559,486101.81362150644
Amsterdam,Park Haagseweg,116710.35871981777,484135.73299772205
Amsterdam,Park de Meer,125190.60952061041,484112.4818183523
Amsterdam,Parooldriehoek,122772.21916030535,485237.0549770992
Amsterdam,Passeerdersgrachtbuurt,120536.6752063914,486715.8817749667
Amsterdam,Petroleumhaven,117925.14505202683,491730.0962568397
Amsterdam,Pieter van der Doesbuurt,118936.3125098039,487366.52988422045
Amsterdam,Plan van Gool,124293.87458783752,489951.50121576193
Amsterdam,Planciusbuurt Noord,120780.67267315176,488920.92115175095
Amsterdam,Planciusbuurt Zuid,120659.18171895425,488652.6178366013
Amsterdam,Postjeskade e.o.,118500.47303699523,486036.2257701464
Amsterdam,Prinses Irenebuurt,119917.77316458334,484006.12047916657
Amsterdam,RAI,121076.52155172414,483800.00175862067
Amsterdam,RI Oost terrein,126337.61903468196,487327.17618535546
Amsterdam,Ransdorp,128284.72529931967,489504.489802721
Amsterdam,Rapenburg,122476.97010939158,487162.52133165364
Amsterdam,Rechte H-buurt,125642.25174942704,480447.3778525592
Amsterdam,Reguliersbuurt,121328.27087660939,486639.2280022187
Amsterdam,Reigersbos Midden,126579.35140909093,478454.40705145797
Amsterdam,Reigersbos Noord,126340.65460570199,478833.3591979559
Amsterdam,Reigersbos Zuid,126822.72423342415,478164.15132425074
Amsterdam,Rembrandtpark Noord,117976.83673243245,486582.2620432432
Amsterdam,Rembrandtpark Zuid,117973.04575163398,486191.1786492375
Amsterdam,Rembrandtpleinbuurt,121685.5626080991,486603.69695904286
Amsterdam,Riekerhaven,117541.7046277371,483988.446390511
Amsterdam,Riekerpolder,116739.01589501426,483894.97422943194
Amsterdam,Rieteiland Oost,128748.34531761592,484333.94142803294
Amsterdam,Rietlanden,124173.30075149672,487407.53161536396
Amsterdam,Rijnbuurt Midden,122088.55409417779,483842.2545409427
Amsterdam,Rijnbuurt Oost,122454.34311738484,483942.9495879049
Amsterdam,Rijnbuurt West,121787.11347096774,483889.7562350231
Amsterdam,Robert Scottbuurt Oost,118273.07990402478,487480.04205159965
Amsterdam,Robert Scottbuurt West,118064.48282667526,487686.7668476156
Amsterdam,Rode Kruisbuurt,123957.0885390071,489708.66321985814
Amsterdam,Sarphatiparkbuurt,121478.79326758372,485384.6854157798
Amsterdam,Sarphatistrook,122476.65158751054,486090.19675947697
Amsterdam,Scheepvaarthuisbuurt,122203.01475147618,487401.64130433317
Amsterdam,Scheldebuurt Midden,121663.6386331505,484212.60775198054
Amsterdam,Scheldebuurt Oost,122028.16563522014,484184.9416061323
Amsterdam,Scheldebuurt West,121379.33415185654,484149.8439274091
Amsterdam,Schellingwoude Noord,126813.33333333333,488543.3333333333
Amsterdam,Schellingwoude Oost,126134.09575163065,488501.943686367
Amsterdam,Schellingwoude West,126005.97683585412,488478.6487149792
Amsterdam,Schinkelbuurt Noord,118708.21419245051,485122.7100835396
Amsterdam,Schinkelbuurt Zuid,118702.07524484051,484785.73262382747
Amsterdam,Schipluidenbuurt,117480.13315208183,485624.0643925233
Amsterdam,Science Park Noord,125024.78562127668,485455.88109627663
Amsterdam,Science Park Zuid,125892.33305101724,485218.65091962257
Amsterdam,Sloterdijk II,117170.69288235289,489494.46370588226
Amsterdam,Sloterdijk III Oost,115337.19685517244,489368.0316620689
Amsterdam,Sloterdijk III West,113929.59446337807,489454.59088938753
Amsterdam,Slotermeer Zuid,116872.09226394158,487716.97068871715
Amsterdam,Sloterpark,116264.86287804876,487278.1248292682
Amsterdam,Sloterweg e.o.,115550.4289540297,483790.75385991496
Amsterdam,Spaarndammerbuurt Midden,120200.3359353741,489352.5234818597
Amsterdam,Spaarndammerbuurt Noordoost,120577.71548600357,489273.01964681357
Amsterdam,Spaarndammerbuurt Noordwest,120039.4505071813,489468.01643177745
Amsterdam,Spaarndammerbuurt Zuidoost,120586.59077738332,489009.7926348387
Amsterdam,Spaarndammerbuurt Zuidwest,120330.03296919004,489150.0304700705
Amsterdam,Spiegelbuurt,120957.0843780193,486432.08918719855
Amsterdam,Sporenburg,124799.4704571007,487405.35909515177
Amsterdam,Sportpark Middenmeer Noord,125102.04897307685,484972.2794653849
Amsterdam,Sportpark Middenmeer Zuid,124680.28412149534,484536.7503411215
Amsterdam,Sportpark Voorland,125513.955,484491.7162
Amsterdam,Spuistraat Noord,121255.98791999869,487643.3841673496
Amsterdam,Spuistraat Zuid,121089.61325205532,487104.1278716801
Amsterdam,Staalmanbuurt,117090.06896118299,484718.074711645
Amsterdam,Staatsliedenbuurt Noordoost,120269.55612320146,488649.08161899727
Amsterdam,Stationsplein e.o.,121845.55734258457,488006.0510300567
Amsterdam,Steigereiland Noord,127548.99245454549,486308.11959790223
Amsterdam,Steigereiland Zuid,127224.97925929376,486034.3405381042
Amsterdam,Surinamepleinbuurt,118540.23096287959,485560.36000562453
Amsterdam,Swammerdambuurt,122370.55399775412,485589.6111544628
Amsterdam,Teleport,117492.28668347572,489011.0609348332
Amsterdam,Terrasdorp,121666.47570848533,491279.4744211198
Amsterdam,Transvaalbuurt Oost,123431.15732235799,485353.45929854916
Amsterdam,Transvaalbuurt West,123012.14399321881,485096.9766916817
Amsterdam,Trompbuurt,119185.9280069808,487379.9598935429
Amsterdam,Tuindorp Amstelstation,123305.67945417516,484188.7006496945
Amsterdam,Tuindorp Frankendael,124149.71780275782,484465.84139628307
Amsterdam,Tuindorp Nieuwendam Oost,125025.20308270678,489264.4275969926
Amsterdam,Tuindorp Nieuwendam West,124549.1647946659,489561.750062806
Amsterdam,Tuindorp Oostzaan Oost,121017.97682013361,491803.97012547695
Amsterdam,Tuindorp Oostzaan West,120435.85279279278,492267.3348663664
Amsterdam,Twiske Oost,121985.57553033708,492745.58918876405
Amsterdam,Twiske West,121518.95262845917,492737.9724078625
Amsterdam,Uilenburg,122204.39387421969,487053.5277445557
Amsterdam,Utrechtsebuurt Zuid,121782.14967381554,486079.0166842906
Amsterdam,VU-kwartier,119263.04536296295,483091.6198925924
Amsterdam,Valeriusbuurt Oost,119545.31077300625,485153.7668490808
Amsterdam,Valeriusbuurt West,119130.17555231684,484973.539325112
Amsterdam,Valkenburg,122340.77661458332,486892.804965625
Amsterdam,Van Brakelkwartier,118998.32994779115,486661.6784036144
Amsterdam,Van Loonbuurt,121332.8845419476,486283.68588895927
Amsterdam,Van Tuyllbuurt,119251.46978077044,484198.5768382804
Amsterdam,Van der Helstpleinbuurt,121750.48242336587,485106.1261641619
Amsterdam,Van der Kunbuurt,122828.13173193646,484439.219134741
Amsterdam,Van der Pekbuurt,122547.71262467433,489150.3379052022
Amsterdam,Veluwebuurt,121706.37585714285,483636.77112386975
Amsterdam,Venserpolder Oost,124986.47404797259,481956.49695145636
Amsterdam,Venserpolder West,124811.63684068875,481375.0440545024
Amsterdam,Vervoerscentrum,117885.43715151513,490395.0971111111
Amsterdam,Vivaldi,120623.42410720285,483233.32135678554
Amsterdam,Vliegenbos,124300.75483029895,489261.82851153647
Amsterdam,Vogelbuurt Noord,123537.13382352325,489073.2340226698
Amsterdam,Vogelbuurt Zuid,123023.30508456059,488785.08992494055
Amsterdam,Vogeltjeswei,125890.33000790516,481087.08009090915
Amsterdam,Vondelpark Oost,119925.6956,485826.1018
Amsterdam,Vondelpark West,118849.8725,485345.8315
Amsterdam,Vondelparkbuurt Midden,119779.35500606058,486018.474090909
Amsterdam,Vondelparkbuurt Oost,120267.97762410143,486155.7957271029
Amsterdam,Vondelparkbuurt West,119072.14495588241,485722.21609117615
Amsterdam,WG-terrein,119846.70102264808,486276.28078789194
Amsterdam,Walvisbuurt,120989.04759205777,492864.5931137184
Amsterdam,Waterloopleinbuurt,122008.78285456648,486739.7742517971
Amsterdam,Weesperbuurt,122268.33775815171,486349.26513247186
Amsterdam,Weespertrekvaart,123520.03428309277,483542.95476597926
Amsterdam,Weesperzijde Midden/Zuid,122589.02786512101,485099.4396047083
Amsterdam,Werengouw Midden,125349.50294364544,489655.3084733771
Amsterdam,Werengouw Zuid,125688.83835616439,489223.84246575343
Amsterdam,Westelijke eilanden,120999.16917360123,488797.4913620048
Amsterdam,Westerdokseiland,121317.82890751475,488691.09596810315
Amsterdam,Westergasfabriek,119981.18560256413,488826.5312692307
Amsterdam,Westerstaatsman,119835.14452092275,488441.9202172747
Amsterdam,Westhaven Noord,116691.90544497603,491472.2629234452
Amsterdam,Westhaven Zuid,116532.54469696968,489684.9997979798
Amsterdam,Westlandgrachtbuurt,118288.87548755275,485227.94051573484
Amsterdam,Weteringbuurt,121254.4138347203,486022.3256561938
Amsterdam,Wielingenbuurt,121036.0676306781,484369.32809677423
Amsterdam,Wildeman,115041.22253180022,486261.2937969817
Amsterdam,Willemsparkbuurt Noord,119069.41171686107,485206.10412513255
Amsterdam,Willibrordusbuurt,122088.87749044412,485241.8525256938
Amsterdam,Wittenburg,123313.12417867615,487177.5143732739
Amsterdam,Woon- en Groengebied Sloterdijk,118466.07369254196,488796.8295859971
Amsterdam,Zaagpoortbuurt,120295.35948686811,487702.4846951663
Amsterdam,Zamenhofstraat e.o.,123865.42262745101,488765.6570686275
Amsterdam,Zeeburgerdijk Oost,125200.73872654693,486569.0665796054
Amsterdam,Zeeburgereiland Noordoost,126925.90366666665,487021.4917777777
Amsterdam,Zeeburgereiland Noordwest,125803.02982610265,487856.9933519937
Amsterdam,Zeeburgereiland Zuidoost,126300.1350817896,486963.991194438
Amsterdam,Zeeburgereiland Zuidwest,125903.11827089179,487021.0436273101
Amsterdam,Zeeheldenbuurt,121001.27296496474,489158.65096074465
Amsterdam,Zorgvlied,121995.46701053363,483078.1131770208
Amsterdam,Zuidas Noord,119766.7979214122,483748.64004897466
Amsterdam,Zuidas Zuid,119923.42225937007,483288.0085977022
Amsterdam,Zuiderhof,118804.52266037735,483092.0888962264
Amsterdam,Zuiderkerkbuurt,121750.03082334077,486966.59617584955
Amsterdam,Zuidoostkwadrant Indische buurt,124738.49718071648,485941.36438724975
Amsterdam,Zuidwestkwadrant Indische buurt,124347.61504536583,485859.9791087804
Amsterdam,Zuidwestkwadrant Osdorp Noord,114680.53365211064,485444.9978362446
Amsterdam,Zuidwestkwadrant Osdorp Zuid,114830.71142619857,484998.41012872825
Amsterdam,Zunderdorp,126446.91212888887,491404.1657822222
Amsterdam,Zwarte Gouw,127335.4762222222,488715.2038888889
Amsterdam,de Plantage,122696.93810417966,486568.9717007259
Apeldoorn,Agrarisch gebied Beekbergen,195163.58138547483,464260.2307932959
Apeldoorn,Agrarisch gebied Beemte Broekland,197574.0461714287,474201.5646476184
Apeldoorn,Agrarisch gebied Lieren-Oosterhuizen,196810.92703864723,464054.49224154593
Apeldoorn,Agrarisch gebied Uddel,181076.9199860627,474734.59591637674
Apeldoorn,Agrarisch gebied Wenum,194439.31369631898,474184.6243159505
Apeldoorn,Agrarisch gebied Wiesel,193102.7072743293,474575.0721369957
Apeldoorn,Anklaar,195953.03520463433,471555.57395427616
Apeldoorn,Bedrijvenpark Apeldoorn Noord,196120.30660219188,472636.2677444748
Apeldoorn,Bedrijvenpark Ecofactorij,199184.54462962956,468059.7974074074
Apeldoorn,Bedrijvenpark Oost,198090.62204545457,470739.5230227273
Apeldoorn,Beekbergen,194573.11791430804,463765.7310511003
Apeldoorn,Beemte,196029.17471153845,474321.2637115386
Apeldoorn,Berg en Bos,192175.32287331845,470391.1461603139
Apeldoorn,Binnenstad,194264.9575838365,469599.5322630054
Apeldoorn,Bosgebied Beekbergen-West,193566.02672959192,463038.4026173468
Apeldoorn,Bosgebied Beekbergen-Zuid,196629.27711032244,461630.52140709694
Apeldoorn,Bosgebied Hoenderloo,190803.13503004287,459674.3528927038
Apeldoorn,Bosgebied Hoog Buurloo,185361.38923188404,465262.1582173912
Apeldoorn,Bosgebied Hoog Soeren,187190.15320689656,469667.2300344826
Apeldoorn,Bosgebied Loenen,198843.20148595516,459479.21285112406
Apeldoorn,Bosgebied Meerveld,181021.33323863638,471707.6405113634
Apeldoorn,Bosgebied Nieuw Milligen,182183.08445403902,470159.6887855154
Apeldoorn,Bosgebied Oosterhuizen,198823.59028813563,462571.7722711863
Apeldoorn,Bosgebied Ugchelen,190799.0295531915,465794.742893617
Apeldoorn,Brinkhorst,193639.69644542632,469542.4623747644
Apeldoorn,Brouwersmolen-Noord,192950.22644073272,467814.09731191205
Apeldoorn,Brouwersmolen-Zuid,192775.13882456138,467108.0728421052
Apeldoorn,Brummelhof,194485.77780793703,468801.8564773752
Apeldoorn,Componistenkwartier,194584.70031456978,467042.97828035324
Apeldoorn,De Bouwhof,193320.0701365387,466543.732161538
Apeldoorn,De Haven,194859.96200330052,469619.1697689772
Apeldoorn,De Heeze,193802.1573985681,468343.20469132776
Apeldoorn,De Hooilanden,199568.2697254334,465220.9794739883
Apeldoorn,De Hooilanden-Oosterhuizen,199068.506483871,463397.9705268816
Apeldoorn,De Mheen,196308.8323894163,470275.09986092243
Apeldoorn,De Parken,194380.0452270782,470594.1511525276
Apeldoorn,De Voorwaarts,196457.29025,469201.46249999997
Apeldoorn,Dennenheuvel,193586.5832820513,465932.10602564085
Apeldoorn,Driehuizen,192976.03677652692,469089.3180034654
Apeldoorn,Groot Zonnehoeve,197420.62808166398,468760.2426795064
Apeldoorn,Het Goreld,200689.24193269233,461605.91625000007
Apeldoorn,Het Loo,193659.9417680922,471875.04329934274
Apeldoorn,Hoenderloo,188655.41351443564,458935.3936692913
Apeldoorn,Holthuizen,193523.72662637365,468512.03692307684
Apeldoorn,Hommelbrink,194183.73004506965,472226.9827512985
Apeldoorn,Hoog Soeren,188264.16811864407,470257.28934745764
Apeldoorn,Kayersmolen-Midden,195757.52689261636,466912.7107036703
Apeldoorn,Kayersmolen-Noord,195435.03984827604,468426.03175862064
Apeldoorn,Kayersmolen-Zuid,195970.31955384617,466155.5804153846
Apeldoorn,Kerschoten,194440.63575666054,471627.60223534744
Apeldoorn,Kerschoten-West,193929.76805865936,471561.674173184
Apeldoorn,Klarenbeek,201044.5598815331,464403.9011533103
Apeldoorn,Kuipersveld,196336.0540090909,466663.51499090885
Apeldoorn,Lieren,196130.32217692334,463957.081453846
Apeldoorn,Loenen,198415.00611506857,458832.2090712336
Apeldoorn,Loolaan-Noord,193616.29121293742,471037.79809720756
Apeldoorn,Malkenschoten,194873.28848024431,465894.78595275886
Apeldoorn,Matendonk,197491.20769722312,468044.8440387829
Apeldoorn,Matendreef,195958.5971211969,468150.5826643386
Apeldoorn,Matengaarde,196942.85775828786,467867.1447793849
Apeldoorn,Matenhoek,195694.0176542715,468972.27009815903
Apeldoorn,Matenhoeve,197656.45284995664,467195.8018065174
Apeldoorn,Matenhorst,196333.38369343086,468721.56393576704
Apeldoorn,Matenveld,196689.54480363833,466973.41663084016
Apeldoorn,Miggelenberg,189246.19647297286,459768.77951801784
Apeldoorn,Orden,192386.18024783194,468363.85834377166
Apeldoorn,Orderbos,191007.8205,468122.81000000006
Apeldoorn,Osseveld-Oost,197477.49899096103,470393.82517088234
Apeldoorn,Osseveld-West,196614.85307032138,469899.09478412464
Apeldoorn,Paleispark,193064.1787027027,471949.3346756756
Apeldoorn,Park Berg en Bos,191464.0571578947,470126.91336842114
Apeldoorn,Rivierenkwartier,195300.26366244195,466998.71371914545
Apeldoorn,Sleutelbloem,195195.98807352938,471036.48392647074
Apeldoorn,Sluisoord,195606.84641054837,470886.8518035165
Apeldoorn,Spainkbos,193535.60279475982,470552.22886608454
Apeldoorn,Sprengenbos,192923.94125340978,470153.6555164991
Apeldoorn,Sprengenweg-Noord,193466.4911989663,470178.47596640844
Apeldoorn,Sprenkelaar,196766.00178083737,470922.0040349967
Apeldoorn,Staatsliedenkwartier,195219.16966233,468128.7244228266
Apeldoorn,Stadhoudersmolen,194837.4398993243,472966.3975890041
Apeldoorn,Uddel,181983.81794961228,474608.3438966412
Apeldoorn,Ugchelen,192319.31480232635,466400.80735417217
Apeldoorn,Ugchelen-Zuid,191766.67358888892,465742.24484444445
Apeldoorn,Vogelkwartier,194635.8933544476,467977.7606692302
Apeldoorn,Welgelegen,195457.70542346282,469599.6705256764
Apeldoorn,Wenum,193875.1398358972,473979.3211692305
Apeldoorn,Wernem,194036.68875862067,466056.0537241379
Apeldoorn,Westenenk,193738.12109948712,467591.37882429233
Apeldoorn,Winkewijert,194020.98471297673,467186.1813254527
Apeldoorn,Wolthuis,199125.81769444447,470059.43844444456
Apeldoorn,Woudhuis,197633.38206966835,469639.1642711544
Apeldoorn,Zevenhuizen,195404.6579072581,470094.557578318
Apeldoorn,Zuidbroek - De Wellen,197204.74248543693,471611.2726796115
Apeldoorn,Zuidbroek - Mozaïek & Rooster,196635.473817684,472367.2087801103
Appingedam,Appingedam-Centrum,253054.15749296616,593893.562696025
Appingedam,Appingedam-Oost,253690.85813741872,593248.102968431
Appingedam,Appingedam-West,252244.21485468093,593583.9490957351
Appingedam,Verspreide huizen Damsterdiep en Eemskanaal,252274.44035955053,592683.6332921351
Appingedam,Verspreide huizen ten noorden van het Damsterdiep,252012.94421052633,594625.8231842105
Appingedam,Verspreide huizen ten zuiden van Eemskanaal,252843.782703125,591562.20575
Arnhem,'t Duifje,191965.52832038832,440709.949297735
Arnhem,Alteveer/Cranevelt,190692.75586118357,446349.67266317294
Arnhem,Angerenstein,192903.52985142366,445169.8804288265
Arnhem,Arnhemse Allee,193285.6806976379,446473.29539370077
Arnhem,Arnhemse Broek,192151.09104582018,443432.30176607694
Arnhem,Bakenberg,188673.11767252765,446581.40504395607
Arnhem,Bakenhof,191961.16114264075,441855.3467329259
Arnhem,Bij de John Frostbrug,191318.12102564098,443270.03115384624
Arnhem,Boulevardwijk,191538.27195246343,443636.9816957644
Arnhem,Brouwerijweg e.o.,189704.85007951036,444471.1474051991
Arnhem,Burgemeesterswijk,189938.55074037905,444648.85105674964
Arnhem,De Laar-Oost,188194.8185384549,439900.4918404842
Arnhem,De Laar-West,187415.17828849575,440244.150091236
Arnhem,De Overmaat,189385.58195928604,440807.72784343915
Arnhem,Eimersweide,190719.2983099511,441431.89621044043
Arnhem,Elden,188813.8377252286,441238.8505692689
Arnhem,Elderhof,188154.00301386658,441825.7483270802
Arnhem,Elderveld-Noord,187496.42768670374,441662.19909628236
Arnhem,Elderveld-Zuid,187378.99221883062,441159.5074733552
Arnhem,Elsweide,193962.3138707864,444602.9364634835
Arnhem,Geitenkamp,192933.7841871473,446228.45176899707
Arnhem,Graaf Ottoplein e.o.,191123.19186777406,444755.99566843867
Arnhem,Groene Weide,191064.14267771077,442367.04501807276
Arnhem,Gulden Bodem,189573.10054741387,445156.9335409485
Arnhem,Hazegrietje,191279.6995937501,445428.7842083331
Arnhem,Heijenoord,189154.85983105798,444531.4074539251
Arnhem,Het Dorp/Mariëndaal,188944.4815034166,444835.9287858769
Arnhem,Holthuizen,190903.91879841563,440243.6001640462
Arnhem,Hommelstraat,191306.83595017446,444165.3255008765
Arnhem,Hoogkamp,188812.49120878693,445476.24050767283
Arnhem,Ijsseloord,195199.85051948042,443345.5757532469
Arnhem,Immerloo I,191382.28712281637,441683.81464295764
Arnhem,Immerloo II,191650.55678420278,441340.72898451425
Arnhem,Industrieterrein,192989.61654483926,442880.4918766464
Arnhem,Janssingel,190853.95072131144,444126.86104262294
Arnhem,Kamillehof,191603.03853625778,442022.61189435964
Arnhem,Klarenbeek,192147.92399426948,445868.6105945557
Arnhem,Klarendal-Noord,191546.84095300094,444613.65523571946
Arnhem,Klarendal-Zuid,191689.78942888236,444462.9048889704
Arnhem,Klingelbeek,188470.10300773522,443892.9235623677
Arnhem,Kronenburg,189845.80189731534,441223.5785954853
Arnhem,Lombok,189056.68266377464,444212.09613882896
Arnhem,Malburgen-West,190156.04693999168,442386.86154679564
Arnhem,Markt,190964.79166431393,443701.50190196064
Arnhem,Meinerswijk/De Praets,189822.50996953243,443490.94019019254
Arnhem,Middelgraaflaan e.o.,190921.04965124337,442065.97164952854
Arnhem,Molenbeke,192091.5483661484,444289.6167392058
Arnhem,Monnikenhuizen,192535.48117353386,445991.63636212284
Arnhem,N.O. van Schaarsbergen,189963.3267926831,449330.4235701219
Arnhem,Nieuwe Kadekwartier,191546.54472727282,443024.3234829543
Arnhem,Onder de Linden,191614.7242999999,444947.56335526315
Arnhem,Over het Lange Water,194586.83459031166,443960.3434762476
Arnhem,Paasberg,193539.05607050014,445462.4645955476
Arnhem,Plattenburg,192985.51682771192,444584.0208778506
Arnhem,Presikhaaf I,193041.0198342156,444120.68271425425
Arnhem,Presikhaaf II,193273.55167874417,443778.9336787431
Arnhem,Presikhaaf III,193927.25626308893,443573.6058188765
Arnhem,Rijkerswoerd-Midden,189823.78611104845,439355.7927296693
Arnhem,Rijkerswoerd-Oost,190357.0718896315,439170.4075684621
Arnhem,Rijkerswoerd-West,189500.97089398498,439962.6740259444
Arnhem,Rijnstraat,190715.0169594203,443907.9881840587
Arnhem,Schaarsbergen,188265.13857894737,448485.721245614
Arnhem,Schuytgraaf-Centrum,186732.80773126156,440512.42958866485
Arnhem,Schuytgraaf-Noord,186134.16687518833,441248.5661665838
Arnhem,Schuytgraaf-Zuid,186302.8710979212,440174.9842335902
Arnhem,Sonsbeek-Noord,191164.27226538447,445039.5340730765
Arnhem,Sonsbeek/Zijpendaal,190270.91107407404,445126.36122222233
Arnhem,Spijkerbuurt,191593.80754862726,443968.2461584666
Arnhem,St. Janskerkstraat e.o.,192132.37187167638,444891.11335144506
Arnhem,St. Marten,191071.8815156897,444440.48588389123
Arnhem,Statenkwartier,192286.25935249368,443657.4875993239
Arnhem,Stationsplein,190380.99518844215,443987.1646080407
Arnhem,Sterrenberg,189100.31823416494,445079.422074856
Arnhem,Terrein ENKA,192535.98215503874,444486.3919069768
Arnhem,Transvaalbuurt,190765.84258356175,444353.801271233
Arnhem,Utrechtsestraat,190087.902127126,444025.10556258226
Arnhem,Van Verschuerbuurt,191577.74390051025,443296.76156887755
Arnhem,Velperweg-Noord,192182.21369792667,444639.30390918057
Arnhem,Vredenburg,190403.47055718195,440722.2863715311
Arnhem,West van Schaarsbergen,186034.4670251045,448046.12117991614
Arnhem,Weverstraat,190644.49195399237,443570.82788219716
Arnhem,Winkelcentrum,193748.2260914827,444118.05228391034
Arnhem,Zeegsingel e.o.,190769.71965339218,441863.69601327425
Assen,Amelterhout,235239.62698412698,557539.1904761905
Assen,Anreep/Schieven,235397.3341470588,555042.0263529411
Assen,Asserbos,233643.52,556069.2
Assen,Baggelhuizen Midden,231898.23233374988,555879.5867112499
Assen,Baggelhuizen Noord,231805.11655590063,556426.4519937888
Assen,Baggelhuizen Zuid,232209.09349593497,555342.6402439025
Assen,Bedrijventerrein Marsdijk Oost,235863.94220600856,558794.2893433477
Assen,Bedrijventerrein Marsdijk West,234987.74094505495,559089.5869285715
Assen,Bedrijventerrein Oost,234930.09405696203,558520.2634493671
Assen,Bedrijventerrein West,234507.96044594594,558363.2917162161
Assen,Bomenbuurt,234134.94917352946,556312.8739911765
Assen,Bos en Golf,231090.90142105264,559104.1870526315
Assen,Brinkkwartier,233862.13628717954,556970.6546999998
Assen,Componistenbuurt Oost,233989.59736971994,558661.583927117
Assen,Componistenbuurt West,233541.63356164383,558762.0993150685
Assen,Cultuureelkwartier,233496.69113147413,557097.3403306773
Assen,De Beemden,235595.18183011672,559657.815987013
Assen,De Boskamp,233000.42985714288,554925.7375714285
Assen,De Breeën,234958.10707932693,560021.4663100961
Assen,De Dorpen,234558.52097206705,556331.0064371509
Assen,De Dreven,235434.711198718,560047.1698717948
Assen,De Esch,233894.11611827958,556449.5074344086
Assen,De Goorns,235435.15323333335,559370.7161151515
Assen,De Hamels,236198.24271232876,560068.5267945206
Assen,De Hertenkamp,233547.1333178491,556808.7486504503
Assen,De Heugten,235043.79619793457,559656.0397435457
Assen,De Hoogspanning,231274.3178125,557356.180375
Assen,De Hoven,234810.16564754094,559363.1033770492
Assen,De Hullen,235921.65569620254,559784.7468354431
Assen,De Kampen/De Essen,234220.82028985507,559566.8115942029
Assen,De Kleuven,235891.2547368421,560186.8589473685
Assen,De Landen/De Akkers,233868.66260514237,559606.2369467401
Assen,De Lariks Oost,233084.83433832324,557334.9588962079
Assen,De Lariks West,232241.25789473683,557445.4272368421
Assen,De Maten,233802.5061666667,554701.0792222223
Assen,De Messchen,236092.54854674218,560533.7636883854
Assen,De Stoepen,236039.94105748503,559246.3339964072
Assen,De Velden/De Stukken,233413.50334672022,559752.1834002677
Assen,De Venen/De Wallen,233484.07111111112,559298.0044444444
Assen,De Zoom,231076.1528653846,556862.9
Assen,Dichtershof,234238.64114390244,557842.8689975609
Assen,Dijkveld,236021.67092105266,557850.4319473684
Assen,Erfgoedkwartier,233981.2785833333,556863.3695
Assen,GGZ-terrein,234567.29316483525,555567.1556373627
Assen,Galgenveld,234134.4682815014,557297.6226085788
Assen,Graswijkbuurt,233393.63129032258,553132.5626451613
Assen,Groene Dijk,231833.54128433706,557795.291885951
Assen,Havenkanaal Noordzijde,234974.7658902439,558136.0227073171
Assen,Havenkanaal Zuidzijde,234703.27270526323,557524.1820105263
Assen,Het grote Veld,236360.797,561792.2590588236
Assen,Houtlaan,235806.42753623187,557348.9927536232
Assen,Huize Nassau,231815.7831363636,557129.1887727273
Assen,Kazerneterrein,232358.5310392157,556749.6014313726
Assen,Kloosterbos,230352.20680630623,558564.4479369369
Assen,Kloostergaarde,229958.28453846154,558065.7944911242
Assen,Kloosterhage,230058.1344827586,557580.4344827586
Assen,Kloosterhaven,230661.56113768116,557303.432442029
Assen,Kloosterhout,230868.05686257308,558435.8894561402
Assen,Kloosterhoven,230542.77625961538,557976.7305673077
Assen,Kloosterkade,230192.92925287355,557225.2789310345
Assen,Kloosterlanen,231005.79422382673,557753.1155234657
Assen,Kloosterstede,230440.82380263155,558251.5280921053
Assen,Kloostertuinen,230320.24441498556,557599.5313573487
Assen,Kloosterveste,230633.01032327578,557615.2989935343
Assen,Koopmanskwartier,233801.63879289027,557322.70685626
Assen,Landgoed Lariks,232572.95716546764,557309.0911564749
Assen,Lauwers,231688.47531250003,556788.6706875
Assen,Loon,237230.29378378377,559135.2048288288
Assen,Luchiesland Noord,233043.09868421053,558364.9035087719
Assen,Luchiesland Zuid,232742.72666728622,557813.2021394053
Assen,Messchenveld,235190.37458865246,560545.1452198582
Assen,Natuurgebied Amelte,236103.25,556750.5
Assen,Oranjebuurt,234306.9228949343,557235.865562852
Assen,Oude Gasfabriek,232943.29791082809,556868.3356114649
Assen,Oude Molenbuurt,233615.50730411988,557640.6798052434
Assen,Overcingel,234087.05993518519,556676.1686234568
Assen,Park Diepstroeten,234439.65744201667,554853.2438689078
Assen,Peelerpark,234142.2349856115,560316.9979424461
Assen,Pittelo Midden,232411.05457766991,558327.1839538836
Assen,Pittelo Noord,232641.61994668588,558745.5702881844
Assen,Pittelo Zuid,232130.26829268291,557884.7256097561
Assen,Planetenbuurt,230703.72983236995,556925.3633988439
Assen,Recreatiepark Pittelo,232960.38759433912,558803.614816638
Assen,Recreatiepark Zeijerveen,231155.2063333333,558421.319
Assen,Rhee,234408.44891304348,561399.4719130435
Assen,Schildersbuurt,234900.87989822286,557315.8554458808
Assen,Sluisdennen,235456.1129805448,556448.4216303503
Assen,Sportpark Stadsbroek,232734.68427272726,555796.2090909091
Assen,Sterrenbeeldenbuurt,230326.15401818184,556819.1494863636
Assen,Ter Aard,232753.48387096773,560392.3870967742
Assen,Ubbena,234541.79438095237,562920.7838571428
Assen,Uitbreidingsgebied Kloosterveen,229609.8236969697,556964.4338181819
Assen,Veningerland,233311.44092715828,557966.841984712
Assen,Verspreide huizen Anreep,235334.75,554492.25
Assen,Verspreide huizen Loon,236654.66666666666,559439.2222222222
Assen,Verspreide huizen Schieven,235663.1518285714,555838.2472285713
Assen,Verspreide huizen Ter Aard,232388.05716666664,561273.6765833333
Assen,Verspreide huizen Ubbena Oost,235937.76282142857,563566.063
Assen,Verspreide huizen Ubbena West,233600.339,563072.497875
Assen,Verspreide huizen Witten,230191.39481999996,555075.98055
Assen,Vredeveld Noord,234860.82988097152,556879.2323878545
Assen,Vredeveld Zuid,235043.69146570604,556130.9676246513
Assen,Vreebergen,235521.42809836066,557712.3224262295
Assen,Westerpark,232497.7300666667,556402.8490999999
Assen,Witten,230870.27586206896,555474.6896551724
Assen,Zeijerveld,230941.14839999998,561335.1810444444
Assen,Zuid Molukse Buurt,232798.49781659388,558072.0393013101
Assen,Zuiderpark,233840.6218895027,555399.0677679557
Assen,Zwarte Water,233621.6150379919,558266.3693500678
Asten,Asten,180075.2424929968,379489.7481685063
Asten,De Loverbosch,181029.5954749798,379581.4395632967
Asten,Heusden,181200.52181683882,377283.3977917281
Asten,Nobis,180364.8010753623,380563.1905913044
Asten,Ommel,180091.32411570247,381610.118570248
Asten,Verspreide huizen Achterbosch en Rinkveld,182434.74212500002,379666.08696875005
Asten,Verspreide huizen Asten,178588.07717475717,380681.0896504855
Asten,Verspreide huizen Heusden,182141.50078399995,376201.2027893334
Asten,Verspreide huizen Kleine Heitrak en omgeving,186755.85892982452,376694.3746666667
Asten,Verspreide huizen Leensel en Hutten,185176.8566153846,378893.0020384615
Asten,Verspreide huizen Ommel,179037.4654770642,382267.66220183484
Baarle-Nassau,Baarle-Nassau,123175.44823818072,384173.6042700887
Baarle-Nassau,Bungalowpark,121810.46775000001,384934.69884375
Baarle-Nassau,Hoogbraak,122748.33887050358,384499.90821103135
Baarle-Nassau,Ulicoten,118239.38700796815,385454.8278286853
Baarle-Nassau,Verspreide huizen Baarle-Nassau,123811.10402912836,382509.0373632302
Baarle-Nassau,Verspreide huizen Castelre,113308.33926239068,381316.24052694393
Baarle-Nassau,Verspreide huizen Ulicoten,118744.62012207686,385077.77630233124
Baarn,Amaliapark,148005.55777886498,469108.99215068494
Baarn,Amerpoort Sherpa,144152.82182660335,470430.4122090262
Baarn,Centrum,148337.39083752545,469365.52573827334
Baarn,Componistenwijk,146770.1305480427,470230.35745729535
Baarn,Eemdal-Noord,149291.7057317079,469335.59652223444
Baarn,Eemdal-Zuid,149215.89217057303,468435.7432449241
Baarn,Eemland waaronder Eembrugge,149867.5143191151,470321.19371090113
Baarn,Lage Vuursche,143672.611140625,465770.89328124997
Baarn,Nieuwe-Oosterhei,148843.66856720002,468293.8264383997
Baarn,Oude-Oosterhei,148724.5017253788,468714.1078740529
Baarn,Pekingpark,148236.63097333335,468759.9622
Baarn,Pr. Hendrikpark,147379.46162666674,468735.08495666663
Baarn,Professorenwijk,147658.6203948375,470235.38588049705
Baarn,Schilderswijk,148772.87022026547,469749.1525589738
Baarn,Schoonoordpark,148843.2613447619,469183.58980380953
Baarn,Staatsliedenwijk,148286.94941863703,469981.3713171071
Baarn,Transvaal,147707.3783127854,469368.79806621
Baarn,Verspreide huizen Baarn,145935.76899159662,467977.11323529406
Baarn,Verspreide huizen Lage Vuursche,143750.9885461989,466153.82349589444
Baarn,Wilhelminapark,147037.20933215553,469567.8375035336
Baarn,Zandvoort,147910.71951988366,469828.2007516971
Barendrecht,Achterzeedijk Oost,97180.68810391614,427670.0992861326
Barendrecht,Achterzeedijk West,95869.17636842106,427775.2147368421
Barendrecht,BT Achterzeedijk,95861.56411999998,427631.88471999986
Barendrecht,BT Bijdorp,95359.07170198672,430806.720655629
Barendrecht,BT Cornelisland,97291.0545555556,431805.4995666667
Barendrecht,BT Dierenstein,97434.6586686047,430440.13003488386
Barendrecht,BT Gebroken Meeldijk,98003.90912121208,430054.31587878783
Barendrecht,BT Handelscentrum,97706.77900000001,430195.0430652174
Barendrecht,BT Kilweg Noord,95145.7675,428905.7658333333
Barendrecht,BT Reijerswaard,97152.62633333332,431450.8210555558
Barendrecht,BT Vaanpark 1,94508.03060606062,429023.6628484848
Barendrecht,BT Vaanpark 2,94621.20577500004,429557.09547500015
Barendrecht,BT Vaanpark 3,94782.03539130437,430041.6960652173
Barendrecht,BT Vaanpark 4,94718.45195161292,430607.08954838704
Barendrecht,BT Veiling,97925.39,430409.02200000006
Barendrecht,BT Ziedewij,98077.22751639347,429700.74414754094
Barendrecht,Bijdorp,95611.86699652787,430586.754123264
Barendrecht,Binnenland,97115.90869884161,430199.61155405414
Barendrecht,Buitenoord 1,96526.99748275864,429276.981045259
Barendrecht,Buitenoord 2,96917.17435037601,429075.33795488725
Barendrecht,Buitenoord 3,97214.26249885585,429048.9770800912
Barendrecht,Centrum,96551.31791755317,429920.26689095754
Barendrecht,Centrum Oost,96916.214,429667.968478873
Barendrecht,Centrum West,96210.12297417827,430313.78090610274
Barendrecht,Dordtsestraatweg,96705.10031690139,431382.9966338027
Barendrecht,Dorpzicht,96131.09942272729,430614.24265000003
Barendrecht,Gaatkensoog,93283.47493729366,429228.47020131984
Barendrecht,Havenkwartier,93690.31009030541,429024.36069588293
Barendrecht,Kilweg,95743.95267454795,428875.8538080667
Barendrecht,Koedood,93752.06974520352,428465.12116290355
Barendrecht,Kooiwalbos,96270.47789999998,431202.5416666666
Barendrecht,Meerwede Noordoost,94193.10620642205,429878.99360550457
Barendrecht,Meerwede Noordwest,93752.67203963964,429833.1376054054
Barendrecht,Meerwede Zuidoost,94170.1938331551,429464.4832855612
Barendrecht,Meerwede Zuidwest,93763.0450492847,429472.4815961841
Barendrecht,Molenvliet 1,96214.62693387322,429317.4851214578
Barendrecht,Molenvliet 2,95902.06199381447,429436.81154845405
Barendrecht,Nieuweland 1,95554.25291440502,429438.55955323554
Barendrecht,Nieuweland 2,95292.84825657905,429611.5252828946
Barendrecht,Nieuweland 3,95464.47275342456,429902.5706465751
Barendrecht,Nieuweland 4,95739.08694883718,430095.61469767464
Barendrecht,Nieuweland 5,95418.868825301,430184.3433835343
Barendrecht,Noldijk,98131.71614207649,428723.649251366
Barendrecht,Noord 1,96558.21978025477,430285.4324490444
Barendrecht,Noord 2,96807.72927737226,430177.2243138686
Barendrecht,Noord 3,96978.67195219111,429923.01069521887
Barendrecht,Noord 4,97337.80211307431,429827.2334947
Barendrecht,Oranjewijk 1,97499.94898015271,429422.20989160304
Barendrecht,Oranjewijk 2,97565.75321161821,429002.93707053934
Barendrecht,Paddewei,96063.7944340659,429988.4988000003
Barendrecht,Riederhoek,93167.43008458651,429895.81462594005
Barendrecht,Sint Clarabos,93160.8982,431329.7206
Barendrecht,Smitshoek,92663.95449462363,430231.6142078851
Barendrecht,Smitshoek 1,92811.58398170734,430106.6909146343
Barendrecht,Smitshoek 2,92950.76435593214,430100.71879661
Barendrecht,Sportpark Smitshoek,92715.6537,430557.33269999997
Barendrecht,Ter Leede,96625.80338036809,428660.972259202
Barendrecht,Voordijk,94054.77288628764,430166.9619966554
Barendrecht,Vrijenburg,94002.4053966765,430540.81702076923
Barendrecht,Vrijenburgbos,93941.411,431484.392
Barendrecht,Vrijheidsakker,93315.52391176469,430529.60056561115
Barendrecht,Waterkant,94128.50674681937,428984.0641119597
Barneveld,Blankenhoef,164114.57851948054,464278.25789610395
Barneveld,Blankensgoed,170305.75293625487,467028.23392031866
Barneveld,Buitengebied Achterveld,163813.98133333336,461187.6329833334
Barneveld,Buitengebied Barneveld,168726.22268932033,461511.96355663415
Barneveld,Buitengebied De Glind,163882.76361764706,459066.5645196079
Barneveld,Buitengebied Garderen,176712.88286488695,471513.3429918376
Barneveld,Buitengebied Kootwijkerbroek,174798.44829122658,462825.2456035366
Barneveld,Buitengebied Stroe,175343.51734304702,466672.9080679768
Barneveld,Buitengebied Terschuur,164297.99022481055,463815.3591412876
Barneveld,Buitengebied Voorthuizen,172369.56218547357,467074.37452941964
Barneveld,Buitengebied Zwartebroek,163206.04714596272,465609.36826397496
Barneveld,Buitengebied kootwijk,182228.13241577893,466683.53177468793
Barneveld,Centrum Barneveld,168596.55499306033,461289.3991644687
Barneveld,Centrum Voorthuizen,170066.02399113073,466523.4639711748
Barneveld,Componistenwijk,169898.318875,465990.4458320895
Barneveld,De Briellared,167264.34238285714,460038.06994857156
Barneveld,De Burgt,167904.72090080607,459831.6752107878
Barneveld,De Glind,163140.76716176467,459104.1841617645
Barneveld,De Koot,168365.0070024938,460893.9999600997
Barneveld,De Kromme Akker,170211.18783333327,466077.7638971627
Barneveld,De Lors,167699.43677354898,461649.5922873458
Barneveld,De Maat,169168.28316520213,466332.1679507909
Barneveld,De Steenkamp,170853.49251612904,466711.0598451612
Barneveld,De Vaarst,168666.77760930432,462706.38218472584
Barneveld,De Valk,169414.331436,460916.0708360001
Barneveld,De Wheem,169662.48138685015,466709.963325688
Barneveld,Garderen,177247.96856027158,471743.33416808146
Barneveld,Haarkamp,170550.17215646265,466574.4569931973
Barneveld,Harselaar-Oost,170033.8172363636,464200.20966545463
Barneveld,Harselaar-West,168555.8853306123,464113.850318367
Barneveld,Kootwijk,181292.54233870967,466379.2841774193
Barneveld,Kootwijkerbroek,174197.55016178725,462602.04064869025
Barneveld,Kootwijkerbroek-west,173703.86427897008,462385.3845879829
Barneveld,Norschoten,169964.95843950997,461104.79526799376
Barneveld,Oldenbarneveld,167850.04997910737,461196.86739601137
Barneveld,Prinsessenwijk,170476.71367346944,466295.0765782313
Barneveld,Roeleneng,170162.77842173917,466769.26421739144
Barneveld,Rootselaar-Oost,169144.22604455453,460451.22966831666
Barneveld,Rootselaar-West,168153.5380472154,460504.85926573846
Barneveld,Staatsliedenwijk,168321.836599713,461828.2910473458
Barneveld,Stroe,175784.63663604236,466458.8653745582
Barneveld,Veller,169382.4167237568,459951.4305593923
Barneveld,Vliegersveld,168773.60042079055,462303.073471488
Barneveld,Vogelbuurt,168847.58184418143,460772.7486785009
Barneveld,Zeeheldenwijk,169489.88829972752,466100.2881498637
Barneveld,Zwartebroek,162988.93724840763,465586.9864713376
Barneveld,terschuur,163873.7855970874,464053.7969514563
Beek,Beek,183834.12176769305,328015.0672769119
Beek,Geverik,183088.3452611112,326584.0084833332
Beek,Grootgenhout,185514.21616514833,326559.0267836918
Beek,Kelmond,183967.4391506849,326013.6491095891
Beek,Kleingenhout,184810.11028571436,326466.3473857143
Beek,Neerbeek,185028.71884397208,329039.99881796143
Beek,Spaubeek,186765.0478518376,327912.6604977053
Beek,Verspreide huizen Vliegbasis Zuid-Limburg,182621.91139500006,325942.921375
Beekdaelen,Aalbeek,187602.6466771654,323528.439007874
Beekdaelen,Amstenrade,192593.6239476668,328018.08691862924
Beekdaelen,Arensgenhout,186921.94535454523,322104.6544545467
Beekdaelen,Bingelrade,193614.93545609756,331307.5452853658
Beekdaelen,Groot-Doenrade,191598.90740719697,330971.9304053031
Beekdaelen,Haasdal,185312.73061929754,322820.61170682276
Beekdaelen,Hommert (gedeeltelijk),192479.3042712215,327461.51942650107
Beekdaelen,Hulsberg,187991.1905744252,322250.47231934336
Beekdaelen,Industrieterrein De Horsel,189678.50833333345,326276.6392416667
Beekdaelen,Jabeek,193904.3083746479,332409.5354563381
Beekdaelen,Klein-Doenrade,191628.68984705882,329982.7010235294
Beekdaelen,Merkelbeek-Douvergenhout,193516.5655481386,329632.38357638
Beekdaelen,Nagelbeek-Hegge,189177.73713120568,327771.58243971627
Beekdaelen,Nuth,190043.5845013745,325236.05216561904
Beekdaelen,Oensel,184756.3145714286,324577.50442857115
Beekdaelen,Oirsbeek,191806.13811125833,328939.2672700316
Beekdaelen,Puth,189092.82849204665,329442.4194199364
Beekdaelen,Schimmert,185659.59963314762,324171.5924022291
Beekdaelen,Schinnen,190096.40173467697,328298.58956402086
Beekdaelen,Schinveld,196709.2758419462,331135.477100583
Beekdaelen,Sweikhuizen,187392.317676976,329408.23573195876
Beekdaelen,Swier,191125.36471830975,324063.802852113
Beekdaelen,Tervoorst en omgeving,188854.42086493532,325210.1918883134
Beekdaelen,Thull,190728.70322222222,327495.24116049387
Beekdaelen,Vaesrade,191359.08993306308,326693.4369513187
Beekdaelen,Verspreide huizen,195689.86774444446,331173.1019888889
Beekdaelen,Wijnandsrade,189891.16307535334,324132.0072150689
Beemster,Middenbeemster,122887.09831230606,506880.9096954499
Beemster,Noordbeemster,124165.06848510478,510203.8182224866
Beemster,Oostbeemster,125542.67843181822,507830.9851590909
Beemster,Verspreide huizen Zuidoostbeemster,123829.08356725145,503917.5233801169
Beemster,Verspreide huizen in Noorden en Noordwesten,122512.41173563215,511880.1436436778
Beemster,Verspreide huizen in het Noordoosten,126572.64911206899,509284.3488965517
Beemster,Verspreide huizen ten zuiden en oosten van Middenbeemster,123392.08273664129,505878.6202022901
Beemster,Verspreide huizen ten zuidwesten van Middenbeemster,119701.82172972978,506636.36474054045
Beemster,Westbeemster,121909.063060606,509805.34996969724
Beemster,Zuidoostbeemster Tuinhoek,124819.8064072349,503370.914729948
Beesel,Beesel,200687.31237713122,364594.4432487462
Beesel,Bussereind,201628.85772413792,363906.8838448276
Beesel,Offenbeek,204044.1553193246,366225.4273684099
Beesel,Overige verspreide huizen,205207.38477419355,366408.8267419355
Beesel,Reuver,202732.9014782857,366186.8068465711
Beesel,Rijkel,199068.2078043512,363332.6044689309
Beesel,Verspreide huizen,201276.46555681818,363417.4019431818
Beesel,Verspreide huizen ten oosten en zuiden van de spoorlijn,204388.2902790698,364972.58641860465
Berg en Dal,Bedrijventerrein De Bouwkamp,193708.0920645161,429975.6315483872
Berg en Dal,Bedrijventerrein Hulsbeek,193830.072,420502.8165
Berg en Dal,Bedrijventerrein Lieskes Wengs,197191.08186363635,428274.9785
Berg en Dal,Bedrijventerrein Mies,193851.44610869564,421221.7585978262
Berg en Dal,Bedrijventerrein Molenveld,199319.65574285714,431298.3595999999
Berg en Dal,Beek-Midden,192169.6928018868,426861.5432368969
Berg en Dal,Beek-Oost,192704.8599343515,426657.999850382
Berg en Dal,Beek-West,191732.62503886927,427133.98972438154
Berg en Dal,Breedeweg,193212.99590750263,419082.66424974304
Berg en Dal,Buitengebied Beek,192885.42423076925,426979.95707692305
Berg en Dal,Buitengebied Berg en Dal,191591.8278098591,425688.2939295776
Berg en Dal,Buitengebied Breedeweg,193673.04634123214,418791.81295260665
Berg en Dal,Buitengebied De Horst,195101.95098275854,420748.81779885053
Berg en Dal,Buitengebied Groesbeek-Midden-West,189910.67877310928,421668.2445378152
Berg en Dal,Buitengebied Groesbeek-Noord,193477.88507970996,422178.8400362317
Berg en Dal,Buitengebied Groesbeek-Noord-West,190096.828164557,423843.3122594938
Berg en Dal,Buitengebied Groesbeek-Zuid-West,192123.566,419764.9531818181
Berg en Dal,Buitengebied Heilig Landstichting,189545.27406122448,425221.3396734694
Berg en Dal,Buitengebied Kekerdom,197824.95576470587,429921.88388235285
Berg en Dal,Buitengebied Leuth,196430.35355263163,428031.46536842105
Berg en Dal,Buitengebied Millingerwaard,197433.81455555555,431998.3576666667
Berg en Dal,Buitengebied Ooij,191277.59014607008,430601.5373905475
Berg en Dal,Buitengebied Zuid,199457.2588181818,429476.4698409091
Berg en Dal,De Horst,195136.4307338936,420891.6313921569
Berg en Dal,Erlecom,194361.92693055558,429170.0790972223
Berg en Dal,Groesbeek Centrum-Noord,192847.81721192057,421477.5779039734
Berg en Dal,Groesbeek Centrum-Zuid,192931.08807395503,420932.2221093246
Berg en Dal,Groesbeek De Drul-Oost,193186.1454502732,420606.3094469944
Berg en Dal,Groesbeek De Drul-West,192567.25104795746,420447.0533694494
Berg en Dal,Groesbeek Nijerf,193347.71359318186,420230.7902431819
Berg en Dal,Groesbeek Stekkenberg,191972.30587489583,421864.3360116763
Berg en Dal,Heilig Landstichting,189307.0124548387,425600.5191096775
Berg en Dal,Hoog Berg en Dal,191839.97641030527,425761.4979999999
Berg en Dal,Kekerdom,197942.31211885254,430751.7624918031
Berg en Dal,Laag Berg en Dal,190927.3820775096,426587.1577814485
Berg en Dal,Leuth,196708.11770013222,428015.3632536329
Berg en Dal,Millingen aan de Rijn-Oost,200819.95877186683,430661.421183896
Berg en Dal,Millingen aan de Rijn-West,200086.56119093884,430725.89038293686
Berg en Dal,Ooij,193036.35678404686,429839.94478015625
Berg en Dal,Persingen,192916.33902040822,428285.58508163266
Berg en Dal,Ubbergen,190534.19113780925,427597.8511837457
Bergeijk,Aan de Heerstraat e.o.,156021.28139333334,371650.81425333343
Bergeijk,Aarperstraat-Lange Akkers,155503.19489908256,371668.58077064226
Bergeijk,Beistervelden,152081.79238461526,370102.28333076916
Bergeijk,Beukenlaan e.o.,155676.52120143882,371511.84949640307
Bergeijk,Boscheind,149525.2624130435,365898.8684347826
Bergeijk,Broekstraat-Hoek-Lijnt-Eijkereind,153318.7900904522,369744.5145778892
Bergeijk,Bucht e.o.,153767.53669,370629.16375000007
Bergeijk,Buitengebied Noord 1,154987.59242528738,375386.0646551725
Bergeijk,Buitengebied Noord 2,154477.5655362319,373530.47676811594
Bergeijk,Buitengebied Noord 3,155869.44827121223,373904.66081882484
Bergeijk,Buitengebied Noord 4,154148.41958139537,371580.9486744186
Bergeijk,Buitengebied Noord-West 1,149831.9192950819,369639.1953442624
Bergeijk,Buitengebied Noord-West 2,150351.31623767907,368040.93240840256
Bergeijk,Buitengebied Zuid 1,152091.03061057694,366325.44649999996
Bergeijk,Buitengebied Zuid 2,154349.72546031748,367992.6253809523
Bergeijk,Buitengebied Zuid-Oost,157095.95044154776,370776.10849552223
Bergeijk,Buitengebied Zuid-West,147488.52648333335,366710.18351666676
Bergeijk,Burgemeester Magneestraat e.o.,152905.28674129347,369757.8844129353
Bergeijk,De Hasselt e.o.,154707.86440384606,373937.82302564103
Bergeijk,De Kabouterberg e.o.,151896.64745544552,370257.69208910887
Bergeijk,Dokter A. Hoynck van Papendrechtstraat-Dokter Duchateaustraa,153260.3147006173,369834.63644135796
Bergeijk,Dorpsplein e.o.,154997.88189655173,373706.61875862064
Bergeijk,Dorpsstraat e.o.,155117.73375675673,372743.78611582995
Bergeijk,Dorpstraat,150163.87660465113,366259.45168604667
Bergeijk,Dorpstraat-Sengelsbroeksestraat,150880.335183908,366577.4446666668
Bergeijk,Eerselsedijk-Woonbos e.o.,152613.99666197182,370806.97685211257
Bergeijk,Eikenberg-Hooge Berkt,151933.1248686869,370590.3105656566
Bergeijk,Eviestraat-Vlasstraat e.o.,155076.89828000002,374047.76447111083
Bergeijk,Hagelkruis e.o.,152519.11668339756,370329.06981274165
Bergeijk,Hasselsestraat e.o.,150567.37790952384,366857.46724285727
Bergeijk,Heijerstraat-Loveren,155696.0069230769,371408.2923372782
Bergeijk,Heuvel,155907.75518750004,371560.11496875004
Bergeijk,Hoeverstraat e.o.,156388.50494230769,371803.9504423077
Bergeijk,Hof,152997.731042194,370291.13984388165
Bergeijk,Industrieterrein ' 't Stoom ',152158.5875103448,369616.79091034445
Bergeijk,Industrieterrein 'Leemskuilen',156393.42732051288,372071.94175641023
Bergeijk,Industrieterrein 'Loonsebaan',149988.06119047615,366872.9251428571
Bergeijk,Industrieterrein 'Waterlaat',151657.4047377049,369678.49817213096
Bergeijk,Industrieterrein 'Zoeferbeemd',151082.967,366899.1093333333
Bergeijk,Jeruzalem,152693.4605687023,369894.0283435119
Bergeijk,Kapellerweg-Rijt,150225.01249425288,366711.0731954023
Bergeijk,Kept e.o.,153333.96376483512,370159.83624395606
Bergeijk,Kerkstraat e.o.,150457.02074725286,366598.26350549445
Bergeijk,Kleine Broekstraat,152547.2254029851,369350.5422686568
Bergeijk,Langveld e.o.,151289.8592,368866.46065333334
Bergeijk,Loo,151584.52199447525,368881.82522651926
Bergeijk,Meester Pankenstraat-Riethovensedijk,153335.6881872146,370463.29959360725
Bergeijk,Molenstraat e.o.,150234.98272277229,366455.0856138614
Bergeijk,Prins van Luikstraat e.o.,150832.29387078644,366792.13969662925
Bergeijk,Schutsboom e.o.,153962.87620567367,370510.8883652482
Bergeijk,Steenovens,155956.9927651179,371849.9753718826
Bergeijk,Tiliaans-Weegbree e.o.,150870.0417875647,367066.88079792773
Bergeijk,Van den Tillaartstraat e.o.,152014.37222023812,369067.99340476206
Bergeijk,Van den Valgaetstraat e.o.,152769.42795882348,370588.5503470589
Bergeijk,Walik,153720.26658928566,374335.7529702381
Bergeijk,Weebosch,148620.17750660787,368800.9825286342
Bergeijk,Weebosserweg-Breerijt,151666.73502898554,369118.3713043477
Bergeijk,Willibrordusstraat e.o.,155108.65827272725,373574.72389772726
Bergen (L.),Afferden Buitengebied,199055.88260103634,405353.9281295335
Bergen (L.),Afferden Kern,198395.69204097323,405364.27473239467
Bergen (L.),Aijen Buitengebied,200735.24708333335,400063.18491666665
Bergen (L.),Aijen Kern,200380.68502197805,399790.8693406594
Bergen (L.),Nieuw-Bergen Buitengebied,201806.4709421488,401767.76801652875
Bergen (L.),Nieuw-Bergen De Flammert,200325.57655155705,402603.97930056247
Bergen (L.),Nieuw-Bergen Kern,201207.70769892985,401841.33159236895
Bergen (L.),Oud-Bergen Buitengebied,200066.21933333334,401504.39366666664
Bergen (L.),Oud-Bergen Kern,199812.84486792455,401424.60174213845
Bergen (L.),Siebengewald Buitengebied,203045.6280873017,407012.6405515876
Bergen (L.),Siebengewald Kern,204625.4237268782,407127.4945534683
Bergen (L.),Well Buitengebied,203747.5828133359,397557.67835143907
Bergen (L.),Well-Oost,203612.7334694835,396849.71916744945
Bergen (L.),Well-West,203927.66801769912,395853.6506371682
Bergen (L.),Wellerlooi Buitengebied,207835.031828125,394327.7154804688
Bergen (L.),Wellerlooi Kern,207050.24858362981,394299.8667437723
Bergen (NH.),Aagtdorp,109033.95754430507,522944.87784528424
Bergen (NH.),Beekhove,108874.62756505577,519863.66051301116
Bergen (NH.),Bergen aan Zee,103916.87354144135,519624.0754740602
Bergen (NH.),Bergen-Centrum,108616.46225573197,520493.83911992935
Bergen (NH.),Boendermaker,108923.45784342692,520096.5708552439
Bergen (NH.),Boschrand,108392.2834053628,521113.66264195583
Bergen (NH.),Buitengebied Bergen,108446.96451522622,519828.93399286864
Bergen (NH.),Camperduin,105372.38314452938,526691.287098856
Bergen (NH.),Catrijp,107201.8338195671,525530.513831729
Bergen (NH.),Conincx,109036.69105119455,519613.32063139917
Bergen (NH.),De Rekere,109357.93747479773,520748.50224097987
Bergen (NH.),Egmond aan Zee,103438.01521250838,514951.058646357
Bergen (NH.),Egmond aan den Hoef,105120.94040087042,515201.9815303991
Bergen (NH.),Egmond-Binnen,105320.80101656448,512145.25345525413
Bergen (NH.),Elkshove,108962.60902564098,520495.7363162391
Bergen (NH.),Geest,108468.46201731604,519761.0351861472
Bergen (NH.),Groet met Hargen,106372.19671993857,526352.2629485824
Bergen (NH.),Kruidenbuurt,109285.51610447763,519588.2268582091
Bergen (NH.),Landweg,108803.41333333333,521183.3
Bergen (NH.),Negen-Nessen,108646.85677606177,521614.5887027026
Bergen (NH.),Oldehove,108790.09047087381,519516.7778689321
Bergen (NH.),Oudtburgh,109048.64600000002,521080.4406499998
Bergen (NH.),Prins Hendrik Stichting,103807.03261437912,514707.2111241831
Bergen (NH.),Rinnegom,104816.28670220201,513894.8361812941
Bergen (NH.),Saenegheest,109817.72665869015,520185.4658337534
Bergen (NH.),Schoorl met Bregtdorp,108281.33977027147,524581.9146628533
Bergen (NH.),Schoorldam (gedeeltelijk),109333.0638467742,524406.3620564516
Bergen (NH.),Slotplan,105626.5,515337.2322834646
Bergen (NH.),Sportlaan,103774.4452258699,515242.745596378
Bergen (NH.),Tuin-en Oostdorp,109668.20756885246,519846.75946557365
Bergen (NH.),Van Reenen,108223.31374212031,520610.3716332378
Bergen (NH.),Verspreide huizen Egmondermeer,107057.66300000003,515750.56760144926
Bergen (NH.),Verspreide huizen in de polders,106738.80737453778,527584.723256269
Bergen (NH.),Westdorp,107259.93979499995,520034.4536700001
Bergen (NH.),Wimmenum,105822.68407352408,516521.0090379559
Bergen (NH.),Zuid I en II,103330.7381675711,514432.50379905
Bergen op Zoom,Augustapolder,79736.78710000002,387006.3275500001
Bergen op Zoom,Bergse Plaat,77721.79417891541,388253.78653102356
Bergen op Zoom,Buitengebied-Oost,81666.26584685758,391576.3501780435
Bergen op Zoom,Centrum,78618.96321586319,390092.48594946275
Bergen op Zoom,De Beek,77620.85169426161,394552.3321420511
Bergen op Zoom,De Markiezaten,78683.44849637552,388281.14497065736
Bergen op Zoom,De Schans en Oude Molen,78576.9257065763,394331.4415340961
Bergen op Zoom,Gageldonk-Oost,80337.08388258643,389908.452901306
Bergen op Zoom,Gageldonk-West,79608.76316887692,389938.74580733245
Bergen op Zoom,Halsteren-Centrum,77462.12796408468,393599.2654408455
Bergen op Zoom,Havenkwartier,78054.43345133303,390276.8197482121
Bergen op Zoom,Het Fort,78755.66372582159,389162.8020723009
Bergen op Zoom,Het Glacis,78959.51352164525,389296.41527489224
Bergen op Zoom,Jankenberg,78148.14645433253,392720.8171007026
Bergen op Zoom,Lage Meren,79876.4284019608,390540.6655098039
Bergen op Zoom,Langeweg,79338.40115768468,388377.88369660685
Bergen op Zoom,Lepelstraat,77924.56300895516,396147.3876208952
Bergen op Zoom,Meilust Noord,79138.9666042588,391561.97647648613
Bergen op Zoom,Meilust Zuid,79251.34382167649,391100.77574917
Bergen op Zoom,Nieuw Borgvliet,79783.69569284495,388041.2598089
Bergen op Zoom,Nieuwe Molen,77647.45954166666,392653.8882604167
Bergen op Zoom,Noordgeest,78455.93845520515,391766.15680136735
Bergen op Zoom,Rode Schouw,78152.70908433734,393359.1965282671
Bergen op Zoom,Schelde Vesting,77701.76629199598,390098.961621532
Bergen op Zoom,Tuinwijk,78284.86266483011,391053.84867309476
Bergen op Zoom,Verspreide huizen Halsterse Polders,75867.4074864865,393662.3310540541
Bergen op Zoom,Verspreide huizen Heimolen,81217.08565986394,387017.6020952383
Bergen op Zoom,Verspreide huizen Kladde,77211.10813043479,397409.97431884066
Bergen op Zoom,Verspreide huizen Klutsdorp,79003.71334567905,396337.40418518527
Bergen op Zoom,Verspreide huizen Oud Glymespolder,77076.6612878788,395828.5567878788
Bergen op Zoom,Verspreide huizen Vrederust,79497.34248062014,392527.60005426366
Bergen op Zoom,Vestinggronden-Noord,78811.4464053708,390453.1501214839
Bergen op Zoom,Vestinggronden-Zuid,78757.5911651007,389838.4652617452
Bergen op Zoom,Warande-Oost,80078.1223657289,389076.9398763927
Bergen op Zoom,Warande-West,79442.98680904055,389102.62995295227
Bergen op Zoom,Waterfront-Industriegebied,77444.91415868266,391059.8102035925
Bergen op Zoom,Zeekant,78538.8077452135,388945.43567820214
Berkelland,Beltrum,235724.4149225808,453817.17422096775
Berkelland,Borculo Oude-Centrum,232814.72693802818,459142.3332084509
Berkelland,Borculo overige komgebieden,232463.66414128122,459360.1224010678
Berkelland,Eibergen-Centrum en -Oost,241632.26165329313,457644.3895225676
Berkelland,Eibergen-West,240729.13770612256,457506.32372419856
Berkelland,Geesteren,233010.7421423077,461718.82324230764
Berkelland,Gelselaar,232851.9350838709,465153.3126387097
Berkelland,Haarlo,236781.34639160841,458966.7287342658
Berkelland,Neede,238878.3762920781,461402.4130728934
Berkelland,Noordijk,236295.55408181818,462545.6605
Berkelland,Rekken,246405.2789953271,457058.4757663552
Berkelland,Rietmolen,242275.7636460177,462121.34145575226
Berkelland,Ruurlo,227937.16719952,455991.802856359
Berkelland,Stichting Rekken,247950.5726666667,458806.55083333334
Berkelland,Uitbreidingsplan Hambroek,233320.48231930943,459090.4637572152
Berkelland,Verspreide huizen Beltrum Lintvelde en Avest,235404.38055384622,454027.90119230776
Berkelland,Verspreide huizen Beltrumsche Veld,234994.94561333334,450829.1922800001
Berkelland,Verspreide huizen Borculo,231851.45122950815,457684.3259508197
Berkelland,Verspreide huizen Geesteren,232469.097969014,461793.1818084506
Berkelland,Verspreide huizen Gelselaar,232959.4368786127,465359.86389595375
Berkelland,Verspreide huizen Haarlo,236258.37822660097,458506.5492364533
Berkelland,Verspreide huizen Heurne,226837.45600000003,450883.66708219185
Berkelland,Verspreide huizen Holterhoek,242989.05737878798,455377.382457576
Berkelland,Verspreide huizen Hupsel-Oost,241104.94125961547,454730.3270288461
Berkelland,Verspreide huizen Hupsel-West,239807.0934454546,456159.0398136364
Berkelland,Verspreide huizen Mallem en Loo,242305.28751111118,459147.6331833334
Berkelland,Verspreide huizen Neede,239086.45894986796,462264.8510158311
Berkelland,Verspreide huizen Noordijk,236042.37490350878,463644.37250877195
Berkelland,Verspreide huizen Olden en Eibergen,239385.9704768212,457906.9175629139
Berkelland,Verspreide huizen Rekken,246820.1602720587,457266.0216838236
Berkelland,Verspreide huizen Rietmolen en Broeke,241763.02491666668,463015.0317135418
Berkelland,Verspreide huizen Ruurlo,228670.18848876128,455804.38502420957
Berkelland,Verspreide huizen Ruurlosche Broek,228754.9813773585,450254.4626603773
Berkelland,Verspreide huizen Veldhoek,226130.871409594,453349.966808118
Berkelland,Verspreide huizen Voor-Beltrum,237243.59099310343,451980.7624965517
Berkelland,Verspreide huizen Zuidelijk Broek,230778.12229813667,452501.7696770185
Bernheze,'t Dorp,164819.06978192506,416272.0441905694
Bernheze,'t Vijfeiken,164475.46405617974,416042.9683651685
Bernheze,Balledonk,160648.5103820225,406734.1554887641
Bernheze,Bekerbuurt,165003.77006306296,415641.6265450452
Bernheze,Beugt,162992.1994511278,405700.4055338346
Bernheze,Broekhoek - Middelste Groes,163570.3961561773,416129.1607575751
Bernheze,Buitenpas - Noordrand,165145.8808784452,416487.6870090745
Bernheze,Componistenbuurt,165219.5662289156,416088.6868152612
Bernheze,De Beemd,163777.182664825,415526.6424088399
Bernheze,De Bleeken - 't Grolder,164004.7235391304,412044.56683478237
Bernheze,De Hoef,167334.41623757285,412794.4662158175
Bernheze,De Hoef 1,165576.95349418602,416197.7422558142
Bernheze,De Hoef 2,165853.75397427593,415919.22095990175
Bernheze,De Velft,164755.02554761904,415488.3552460317
Bernheze,De Zeis,165429.00440754724,415640.9163433964
Bernheze,De abdij,161050.43414180938,407151.4580880192
Bernheze,Den Berg,164369.99943071164,415417.0829700376
Bernheze,Donzel,166621.82522564102,413748.01830256404
Bernheze,Eikenhoek,162191.81580816308,406509.39570612257
Bernheze,Fokkershoek,159864.81569444446,407758.44969444437
Bernheze,Graaf Wernerstraat,160869.6081421319,406972.22970558365
Bernheze,Graanbuurt,165630.14680640036,415423.1558183014
Bernheze,Groote Heide,165835.72556481484,410263.43855092576
Bernheze,Hazelberg,164369.61069767442,406748.68008720945
Bernheze,Heelwijk,165024.37385277776,416069.35809166636
Bernheze,Heeswijkse Bosschen,161152.33726421394,409011.48389632115
Bernheze,Heilaren,161460.7003151711,407330.0575944388
Bernheze,Heilige Stok - Kerkstraat,161775.89154081634,406611.4251581631
Bernheze,Heische Wal - DintherseHoek,163684.1952546584,408432.8641552795
Bernheze,Het Rul,165351.13999563322,415416.6629475981
Bernheze,Hoge Akkers,167377.60647846884,413269.451751196
Bernheze,Hoofdstraat,160487.59610869572,407010.27529999975
Bernheze,Hooge Wijst - De Vorssel,165890.25841044786,415121.3875597014
Bernheze,Hopveld - Muggenhoek,160614.53720524017,407416.8419082969
Bernheze,Kennedystraat,164575.52233057862,415763.40514876053
Bernheze,Kerkveld,167109.30144545445,413162.35324090894
Bernheze,Kleinwijk,167197.81160852703,413622.0637325584
Bernheze,Laar,167217.6530637255,412561.8398504904
Bernheze,Loosbroek,163359.67341605827,409939.6197007299
Bernheze,Maxend,167005.9720772533,412298.5340085836
Bernheze,Menzel,168160.6320792683,412049.3458292684
Bernheze,Monseigneur van Den Hurklaan,164285.1511467182,416350.50403474894
Bernheze,Oranjebuurt,164179.00974397585,415814.7593253013
Bernheze,Oranjewijk,161346.40690350888,406840.8663245615
Bernheze,Rodenburg,161754.8415273311,407143.51765594864
Bernheze,Schoonstraat,164862.0418238342,415885.4841295336
Bernheze,St. Servatius - Schoonstr - Den Dolvert,161456.7114396784,406513.274560322
Bernheze,Van 't Rijk,166760.05886307062,412652.1119709544
Bernheze,Vorstenbosch,166394.1872491803,407219.59314590145
Bernheze,Wagnerplein,165281.74412977102,415795.15514503827
Bernheze,Weijen West,166734.46948666658,412903.89688333333
Bernheze,Zoggel - Berkt,162918.5506325581,414535.68249767437
Bernheze,Zwarte Molen,167743.5005628415,412446.6023770493
Best,'t Zand,156293.45100447437,390294.73261073837
Best,Batadorp,155576.12203292185,389186.9133950617
Best,Breeven,155912.85759797294,388846.589483108
Best,Buitengebied,155212.9183644178,392044.22154711635
Best,Centrum,155500.9518803681,391381.70604524494
Best,De Leeuwerik,155647.89596158618,390883.9107905818
Best,Dijkstraten,154750.00586440682,391532.3405127123
Best,Heide,155002.4064285714,389041.9091428571
Best,Heivelden,153826.0750094088,390501.88702083356
Best,Heuveleind,154317.52675465838,389900.79811956495
Best,Hoge Akker,155994.09667393682,391331.04587677174
Best,Kantonnier,155147.66075177296,389619.5018297873
Best,Naastenbest,154976.99073031277,390732.91481175757
Best,Salderes,155239.35225426056,391855.4233687794
Best,Speelheide,156223.45873295472,390841.0486458336
Best,Villawijk,156889.84922222226,389686.04001111124
Best,Wilhelminadorp,155434.45873322606,389975.610979602
Beuningen,Beuningen-Aalsterveld,180419.54097187502,430746.87453125
Beuningen,Beuningen-Beuningse Plas,181193.9346774044,429183.7542819795
Beuningen,Beuningen-Blanckenburgh,181166.99106349205,430503.24462169316
Beuningen,Beuningen-Buitengebied Noord,182376.24049590755,430914.9639740711
Beuningen,Beuningen-Buitengebied Zuid,179747.29310606062,428070.01933333324
Beuningen,Beuningen-Centrum,181483.075207723,430440.05600266275
Beuningen,Beuningen-Centrum Oost,181844.963493537,430275.1842338426
Beuningen,Beuningen-De Haaghe,182287.86304761903,430222.95610714285
Beuningen,Beuningen-De Hutgraaf,181768.3275104895,429927.89209790213
Beuningen,Beuningen-De Linde,181781.33333333334,429695.1111111111
Beuningen,Beuningen-De Notenhof,182725.12577217096,430323.13125993905
Beuningen,Beuningen-Den Balmerd,181002.02681282052,430868.59198205126
Beuningen,Beuningen-Duivenkamp,181448.0937726269,429964.2208211921
Beuningen,Beuningen-Heuve-1,180645.13383333336,429493.4348435374
Beuningen,Beuningen-Heuve-2,180380.4204309392,429710.13343093917
Beuningen,Beuningen-Heuve-3,180274.85245391354,430033.4156519412
Beuningen,Beuningen-Heuve-4,180320.6531005917,429339.5417573964
Beuningen,Beuningen-Hoeve-1,181150.10555555555,429732.22222222225
Beuningen,Beuningen-Hoeve-2,181398.606437751,429653.4793453815
Beuningen,Beuningen-Hoeve-3,181580.94059405942,429538.24752475246
Beuningen,Beuningen-Olden Tempel,180761.13285109715,430561.0887021944
Beuningen,Beuningen-Schoenaker,179281.51006741574,429715.58713483147
Beuningen,Beuningen-Sportpark De Ooigraaf,179937.271,430459.1454
Beuningen,Beuningen-Tinnegieter,180934.92895817492,430059.20349049434
Beuningen,Beuningen-Viermorgen,180400.08679927667,430380.26401446655
Beuningen,Ewijk-Buitengebied Noord-1,179165.53932758624,431970.7052413794
Beuningen,Ewijk-Buitengebied Zuid-1,178712.44655555557,430782.3078148148
Beuningen,Ewijk-Buitengebied Zuid-2,175698.809880531,428479.5908318584
Beuningen,Ewijk-Centrum,179376.8578582398,431284.79786674015
Beuningen,Ewijk-Den Elt,179084.3426612903,430792.2356290322
Beuningen,Ewijk-Keizershoeve,179834.18239759022,431062.3906325301
Beuningen,Ewijk-Veluwstraat,179190.8735647059,431978.48877647065
Beuningen,Ewijk-Vording-2,179071.89651644736,431394.4996348684
Beuningen,Ewijk-Vording-3,178823.94754381443,431207.85490335047
Beuningen,Weurt-Buitengebied Noord,183905.05821212122,430415.98642424244
Beuningen,Weurt-Buitengebied Zuid,183335.59895774646,429376.64033802814
Beuningen,Weurt-De Sluis,184371.48310948908,429337.4690291971
Beuningen,Weurt-Noord,184730.54641249074,430016.3386997901
Beuningen,Weurt-Zuid,184322.36895099338,429727.3563350994
Beuningen,Winssen-Buitengebied Noord,176756.31065782663,432717.48579552874
Beuningen,Winssen-Buitengebied Zuid-1,176737.3356327684,431942.798115819
Beuningen,Winssen-Buitengebied Zuid-2,175751.75089999998,430393.1921
Beuningen,Winssen-Centrum,176954.5276422535,432507.5305422533
Beverwijk,Beijnes,106188.50888764046,499965.35347191
Beverwijk,Binnenduin,104431.61037931032,500792.8920948277
Beverwijk,Bleriotlaan,105831.98604554265,501534.3337994186
Beverwijk,Burgerhartstraat,105464.79881040889,500276.3628791821
Beverwijk,Creutzberglaan,104218.29703166278,500673.25773098547
Beverwijk,De Horn,104677.4965840708,500630.013159292
Beverwijk,De Ladder Noord,107153.15941050657,500525.31730291015
Beverwijk,De Ladder Zuid,106823.03180505411,500139.7671083032
Beverwijk,De Naald,105541.77321634615,500638.5256778846
Beverwijk,De Pijp,106045.30683731547,499086.2080049324
Beverwijk,Fokkerlaan,106167.86511165845,501339.75689983583
Beverwijk,Industriegebied Hoogovens,102570.23657142857,500458.08714285714
Beverwijk,Kagerweg,106556.64015105882,498289.15527944866
Beverwijk,Koningstraat,105398.66342799597,499733.9611752266
Beverwijk,Kuenenplein,105392.16370622796,500934.8771938895
Beverwijk,Lanen,107424.95880149813,500193.2109862672
Beverwijk,Meerplein,105554.67934241953,499547.42241587915
Beverwijk,Oostertuinen,105180.13594433399,500615.35079522856
Beverwijk,Oosterwijk,106672.21167411543,500837.323695841
Beverwijk,Oranjebuurt,105971.62237162214,500191.73004806845
Beverwijk,Oud Sportpark,105896.11327761193,499791.3308716418
Beverwijk,Overbos,105847.26086910992,500597.93819371733
Beverwijk,Plantage,104950.842565356,500359.35693942616
Beverwijk,Reguliersstraat,105739.26653592232,500104.72302912624
Beverwijk,Ronde Boogaard,104946.05910810808,499921.0994525098
Beverwijk,Sint Aagtendorp,105198.39767654323,500075.12515802466
Beverwijk,Vondellaan,104954.00456232685,499513.9901011079
Beverwijk,Warande,104488.63275809934,500218.15758747305
Beverwijk,Waterwijk,107400.7235866142,500425.4359881889
Beverwijk,Westerhout,103931.36361111111,499884.33127777773
Beverwijk,Westertuinen,104993.91894676807,501106.9098821292
Beverwijk,Wijk aan Zee,101178.20367331707,500912.24967548903
Beverwijk,Wijkerbaan,105800.67980760035,501098.4968236368
Beverwijk,Wijkerbroek,106982.5420833333,498638.26413541666
Beverwijk,Wijkertoren,105552.73322514085,499959.0858180117
Beverwijk,Zwaansmeer,106502.38657382659,500528.72039752605
Bladel,Bladel,143237.44113398844,375569.2438918255
Bladel,Casteren,144684.00071300447,378633.5821255607
Bladel,Dalem,146099.36268181817,373651.4240909091
Bladel,Hapert,145950.50894208046,375469.47366036335
Bladel,Hoogcasteren en omgeving,148485.99124561404,378840.49523684214
Bladel,Hoogeloon,146711.5004581614,378538.29718203633
Bladel,Industrieterrein Bladel,142038.98812195117,374530.7612648085
Bladel,Industrieterrein Hapert,146855.3254672896,375895.80498130835
Bladel,Netersel,142570.2218110236,379496.13872965897
Bladel,Verspreide huizen Casteren,144733.3858571429,379468.671
Bladel,Verspreide huizen Hapert,145571.23015637873,373198.8019657066
Bladel,Verspreide huizen Hoogeloon,146350.26922222227,379083.23190740746
Bladel,Verspreide huizen Netersel,142458.32761403508,379500.30463157914
Bladel,Verspreide huizen ten noorden van Bladel,143005.56636134454,377045.45641176484
Bladel,Verspreide huizen ten zuiden van Bladel,143651.84078767122,373468.04805479466
Blaricum,Bijvanck,146785.04123591384,477620.2224149553
Blaricum,Blaricum-Dorp,145267.49226966937,476009.4338356977
Blaricum,Blaricummer Heide,143673.48275,476447.0795
Blaricum,Blaricummermeent,147637.12783025583,478217.1060291196
Blaricum,Crailo,142818.8452637362,475759.39887912094
Blaricum,De Kampen,147508.0,477033.0
Blaricum,Stichtsebrug,149174.58333333334,479193.2293333334
Blaricum,Warandepark-De Eng,145523.81900000002,476913.65099999995
Bloemendaal,Aerdenhout-Centrum,101372.95052014997,486462.54205716966
Bloemendaal,Aerdenhout-Noord,101176.33354761904,487368.5964081633
Bloemendaal,Aerdenhout-West,100126.44653501401,486725.6326806723
Bloemendaal,Aerdenhout-Zuid,100844.01720610684,485517.54847709934
Bloemendaal,Bloemendaal,102727.49523068838,490866.89937835006
Bloemendaal,De Rijp,102504.91067123288,490669.9882191781
Bloemendaal,Duinlustpark,103065.03110944205,492299.4411523606
Bloemendaal,Leidsevaart- Bloemhof,100733.90045196506,482175.8777969432
Bloemendaal,Meerwijk,101667.8379137948,481365.78762342053
Bloemendaal,Oldenhove,102546.69019706028,490104.69500649115
Bloemendaal,Oude Kern Bennebroek,101329.36324131071,481693.22305697505
Bloemendaal,Overveen,102374.40539342262,489563.8464470159
Bloemendaal,Overveen-West,101296.665578125,488530.88790624996
Bloemendaal,Provinciaal Ziekenhuis,102755.02192038215,492753.8059108281
Bloemendaal,Veen en Duin,103421.29703956834,491663.9209424461
Bloemendaal,Verspreide huizen Bloemendaal,99174.40655202411,490626.75522229896
Bloemendaal,Verspreide huizen Vogelenzang,99936.68965714285,482612.38482857146
Bloemendaal,Villawijk Bijweg,100933.44628099173,482431.71074380167
Bloemendaal,Villawijk Het Duin,101017.62104663212,481853.6842642488
Bloemendaal,Vogelenzang,99763.00351249562,481557.35148572945
Bloemendaal,Vogelenzang Psychiatrisch Ziekenhuis,100550.0960945946,481733.1362522522
Bloemendaal,Wildhoef,102999.2243913044,491503.95519806776
Bodegraven-Reeuwijk,Abessinië,110234.83936337214,452067.9965058141
Bodegraven-Reeuwijk,Broekvelden,111517.82169119587,454381.0000626371
Bodegraven-Reeuwijk,Buitenkerk,110591.91180952477,456317.53471126396
Bodegraven-Reeuwijk,Burgemeester Kremerweg,111291.9638910891,455612.4235996555
Bodegraven-Reeuwijk,Centrum,111238.4770698717,455142.4413993588
Bodegraven-Reeuwijk,Dammekant,110401.93405946017,456210.74506034114
Bodegraven-Reeuwijk,Driebruggen,114684.93896006388,450760.8262891379
Bodegraven-Reeuwijk,Dronenwijk,110868.69342229459,454681.380899105
Bodegraven-Reeuwijk,Gravekoop,112142.83907894736,450207.8153026316
Bodegraven-Reeuwijk,Groote Wetering,112123.508078125,453758.120375
Bodegraven-Reeuwijk,Hogebrug,115050.98602777778,448852.6198611111
Bodegraven-Reeuwijk,Hoogeind,114626.2360877193,449717.416122807
Bodegraven-Reeuwijk,J.C. Hoogendoornlaan,109620.16254545454,455504.22736363637
Bodegraven-Reeuwijk,Laageind,114369.05578571428,451762.7617857143
Bodegraven-Reeuwijk,Meije,112767.51424192476,458520.93098362675
Bodegraven-Reeuwijk,Middelburg,106438.01997297296,452242.5948918919
Bodegraven-Reeuwijk,Noordzijde,112430.08373551398,455049.8672503884
Bodegraven-Reeuwijk,Oosteinde,117242.02651020409,452863.30606122455
Bodegraven-Reeuwijk,Oud-Bodegraafseweg,110346.76951666668,454235.91229999997
Bodegraven-Reeuwijk,Oud-Reeuwijk,108952.67503448276,452313.56620689656
Bodegraven-Reeuwijk,Oukoop,113168.123106383,449684.73244680854
Bodegraven-Reeuwijk,Platteweg,110073.88409433965,448846.17491509434
Bodegraven-Reeuwijk,Randenburg,105898.65683606558,452779.00877049187
Bodegraven-Reeuwijk,Ravensberg,109799.37193230282,451211.4409626865
Bodegraven-Reeuwijk,Reeuwijk Brug,109247.54574079417,451200.0444519854
Bodegraven-Reeuwijk,Reeuwijk Dorp,107281.88985330575,452045.3347789254
Bodegraven-Reeuwijk,Sluipwijk,110747.07695867767,450197.87569834705
Bodegraven-Reeuwijk,Tempel,108212.42995604398,453199.9978791209
Bodegraven-Reeuwijk,Twaalfmorgen,112037.07388311687,448218.4065324676
Bodegraven-Reeuwijk,Verspreide huizen polder Middelburg,107213.5935625,453462.5910625
Bodegraven-Reeuwijk,Verspreide huizen polder Reeuwijk,108281.53120289855,453967.54107246373
Bodegraven-Reeuwijk,Waarder,116230.9189470802,452667.3615967153
Bodegraven-Reeuwijk,Weijland,115530.73335928147,454865.99886227556
Bodegraven-Reeuwijk,Weijpoort,115779.67151465784,454516.64670032565
Bodegraven-Reeuwijk,Westeinde,115553.40256410255,451614.6327307691
Bodegraven-Reeuwijk,Zoutman,109059.80442669988,450394.16637273825
Bodegraven-Reeuwijk,Zuidzijde,112328.07813931895,454426.7171238397
Boekel,Boekel,174984.82022880742,401508.58613397885
Boekel,Venhorst,179331.49651489375,402305.55567021266
Boekel,Verspreide huizen Arendnest-Zijp,175983.89412558128,401706.0624093024
Boekel,Verspreide huizen Bovenstehuis en Peelsehuis,175610.58784523804,403256.13704166666
Boekel,Verspreide huizen Logt en Berkhoek,176989.88977653842,400098.6069937843
Boekel,"Verspreide huizen Molenwijk, Elzen en Neerbroek",174387.48648231616,402739.46598315856
Boekel,Verspreide huizen Venhorst,178821.71182685505,402259.97382685513
Boekel,Verspreide huizen Zandhoek en Peelstraat,174859.89375,400543.5334363636
Borger-Odoorn,Borger,249537.56688730724,549334.5594936281
Borger-Odoorn,Bronneger,251135.13895652173,552129.8630434783
Borger-Odoorn,Buinen,252416.88748749992,550340.3014874997
Borger-Odoorn,Buinerveen,255419.66624431824,550833.5392784092
Borger-Odoorn,Drouwen,249596.06780104717,552684.5903193725
Borger-Odoorn,Drouwenermond,257439.6002533334,555950.3582666668
Borger-Odoorn,Drouwenerveen,253611.28263725486,554403.9214509807
Borger-Odoorn,Eerste Exloërmond,259981.64512666673,550782.45962
Borger-Odoorn,Ees,250594.74631914892,547627.5041631205
Borger-Odoorn,Eesergroen,248791.83013157896,545546.0897105265
Borger-Odoorn,Exloo,254325.26662048657,544914.589604598
Borger-Odoorn,Exloërveen,256867.82819999996,548254.44808
Borger-Odoorn,Klijndijk,254137.03743962842,539306.4852786374
Borger-Odoorn,Nieuw-Buinen,259553.58363912025,554166.9174944998
Borger-Odoorn,Odoorn,253642.38962975045,541218.7184668836
Borger-Odoorn,Odoornerveen,249286.42238345856,540461.1151503759
Borger-Odoorn,Tweede Exloërmond,259152.36332867775,547810.4420949719
Borger-Odoorn,Tweede Valthermond,265144.1164615385,545780.956846154
Borger-Odoorn,Valthe,256397.06621836298,540855.4251966574
Borger-Odoorn,Valthermond,260886.52497773545,544950.1995180467
Borger-Odoorn,Verspreide huizen Borger,248303.01977840907,549589.5570340906
Borger-Odoorn,Verspreide huizen Bronneger,250986.22,551408.4550000001
Borger-Odoorn,Verspreide huizen Bronnegerveen,252225.73397058825,553078.4767058823
Borger-Odoorn,Verspreide huizen Buinen,252263.40493939395,550750.8216060605
Borger-Odoorn,Verspreide huizen Buinerveen,256288.63600000003,549875.485
Borger-Odoorn,Verspreide huizen Drouwen,249068.3772647059,552890.3911617645
Borger-Odoorn,Verspreide huizen Drouwenermond,256116.9369230769,556228.2100000001
Borger-Odoorn,Verspreide huizen Drouwenerveen,254556.69299999997,553516.7552222223
Borger-Odoorn,Verspreide huizen Ees,251119.4915503145,547830.2046540877
Borger-Odoorn,Verspreide huizen Eesergroen,249145.2386296296,545981.9057407407
Borger-Odoorn,Verspreide huizen Eeserveen,248170.68373684204,543734.9129894739
Borger-Odoorn,Verspreide huizen Ellertshaar,245886.7363333334,546147.0075333333
Borger-Odoorn,Verspreide huizen Exloo,255569.8499326922,542934.0005032052
Borger-Odoorn,Verspreide huizen Klijndijk,252738.08765384613,538543.8333461538
Borger-Odoorn,Verspreide huizen Nieuw-Buinen,259445.37857499992,554826.6749250002
Borger-Odoorn,Verspreide huizen Odoorn,252187.5658125,543172.028625
Borger-Odoorn,Verspreide huizen Odoornerveen,250649.29680645166,540948.137580645
Borger-Odoorn,Verspreide huizen Tweede Exloërmond,257084.62742857137,546149.7416666666
Borger-Odoorn,Verspreide huizen Valthe,256401.41208333336,540862.5061666666
Borger-Odoorn,Verspreide huizen Valthermond,263937.99513888895,545787.1535833334
Borger-Odoorn,Verspreide huizen Westdorp,246763.9932857142,547431.4664761906
Borger-Odoorn,Westdorp,247881.04294594604,547364.3888378378
Borger-Odoorn,Zandberg,265095.28,548830.3942857143
Borne,'t Wensink Noord,248638.1877240706,479627.7367729939
Borne,'t Wensink Zuid,248579.13660438414,479208.6852275575
Borne,Borne Centrum,248248.52972764795,480048.64338514436
Borne,Bornsche Maten,249355.72170405858,479773.1985933583
Borne,Dikkerslaan-Molenkampsweg en omgeving,247617.7182992701,480628.4258686132
Borne,Hertme,248659.7058534483,482267.4827931034
Borne,Lettersveld I,247249.7095389718,480255.91355721385
Borne,Lettersveld II,247433.75576572667,479560.8428958787
Borne,Stroom-Esch,248470.95228074564,480942.14665496623
Borne,Tichelkamp,247944.32103155818,479304.3775562132
Borne,Verspreide huizen Borne-Oost,249853.33850303036,479804.83450303035
Borne,Verspreide huizen Borne-West,247192.34845312487,479407.1004726564
Borne,Verspreide huizen Hertme,249068.06761904756,481969.7810238094
Borne,Verspreide huizen Zenderen,246313.09934899327,482539.41610738245
Borne,Zenderen,246093.08575114157,482556.0446324203
Borsele,'s-Gravenpolder (Kern),51975.6968549108,386695.44317912956
Borsele,'s-Heer Abtskerke (Kern),50305.94043558279,387894.18565644167
Borsele,'s-Heerenhoek (Kern),42642.3738854041,386204.22163691215
Borsele,Baarland (Kern),50473.224916279076,381065.47969767416
Borsele,Borssele (Kern),40145.64224999998,382874.086086
Borsele,Driewegen (Kern),44912.11977551021,382291.42090816295
Borsele,Ellewoutsdijk (Kern),45667.4082929293,379043.3377929293
Borsele,Havengebied Sloe,39343.698164179106,386437.0346865671
Borsele,Heinkenszand (Kern),45727.101833599445,388265.69807142834
Borsele,Hoedekenskerke (Kern),52409.81617303257,382821.1910911255
Borsele,Kwadendamme (Kern),50005.74263694269,383810.6352133759
Borsele,Lewedorp (Kern),41265.12950719424,390879.47268345323
Borsele,Nieuwdorp (Kern),40501.93206696427,388084.69410937466
Borsele,Nisse (Kern),48246.96585398228,386154.300415929
Borsele,Oudelande (Kern),48290.189545454574,381079.8643636366
Borsele,Ovezande (Kern),46120.987593617,383447.7358808511
Borsele,Verspreide huizen 's-Gravenpolder,51270.97021777778,386165.01373333344
Borsele,Verspreide huizen 's-Heer Abtskerke,49106.40604878048,388273.73114634154
Borsele,Verspreide huizen 's-Heerenhoek,42729.95663636363,386389.74828977254
Borsele,Verspreide huizen Baarland,50898.4286627219,380276.77161538467
Borsele,Verspreide huizen Borssele,41148.58902222224,383067.30055555573
Borsele,Verspreide huizen Driewegen,44841.35627380952,382449.7635833334
Borsele,Verspreide huizen Ellewoutsdijk,45798.755270270274,380172.4046216217
Borsele,Verspreide huizen Heinkenszand,44788.66488380754,388707.9332247538
Borsele,Verspreide huizen Hoedekenskerke,52054.54044285714,383243.0148714286
Borsele,Verspreide huizen Kwadendamme,50249.06754285713,384065.81788571423
Borsele,Verspreide huizen Lewedorp,41391.18891250001,390200.0458291668
Borsele,Verspreide huizen Nieuwdorp,40873.03181967213,388062.39181147545
Borsele,Verspreide huizen Nisse,48294.84160869566,385385.83733333315
Borsele,Verspreide huizen Oudelande,47769.32502087004,381338.2463818694
Borsele,Verspreide huizen Ovezande,45107.787177631566,383850.0745328947
Boxmeer,Bakelgeert-Noord,193196.99449081166,407021.57310796337
Boxmeer,Bakelgeert-Zuid,193529.49379518075,406448.5012048194
Boxmeer,Bedrijventerrein Saxa Gotha,192932.9722910447,406136.32587313437
Boxmeer,Beugen Centrum,193100.40046208116,409465.39140211645
Boxmeer,Boxmeer Centrum,194078.65539011007,406637.14683045505
Boxmeer,De Elzen,193862.06971158696,407208.86748740566
Boxmeer,Groeningen Centrum,197304.20311851846,402244.35272592586
Boxmeer,Hollesteeg,193007.46911900537,407480.01156660746
Boxmeer,Holthees Centrum,197951.9539264706,398545.6227450981
Boxmeer,Luneven,194048.2348886076,405995.59312067507
Boxmeer,Maasbroeksche Blokken,193173.754532374,407895.28949280584
Boxmeer,Maashees Centrum,199709.55683284457,398268.83298240456
Boxmeer,Oeffelt Centrum,192865.66771990745,412321.650997685
Boxmeer,Overloon Centrum,193800.21247547172,398244.7170264151
Boxmeer,Rijkevoort Centrum,189529.37352570475,407758.84841625195
Boxmeer,Sambeek Centrum,195051.3986261829,405398.03051104065
Boxmeer,Verspreide Huizen Holthees,197860.37553846155,399036.3011923077
Boxmeer,Verspreide huizen Beugen,192317.44611828064,409524.15361937083
Boxmeer,Verspreide huizen Boxmeer,192916.0195609756,407168.0351219512
Boxmeer,Verspreide huizen Maashees,199787.66967745786,397920.33021385845
Boxmeer,Verspreide huizen Oeffelt,191840.0923712575,412086.1148323353
Boxmeer,Verspreide huizen Overloon,193703.12970571002,397958.28910688154
Boxmeer,Verspreide huizen Rijkevoort,189714.05745390078,408219.80194326234
Boxmeer,Verspreide huizen Sambeek,194514.83425641028,404813.5854423077
Boxmeer,Verspreide huizen Stevensbeek,192437.45784999998,400536.1226
Boxmeer,Verspreide huizen Vierlingsbeek en Groeningen,197080.65282258068,401139.70248387085
Boxmeer,Verspreide huizen Vortum-Mullem,195372.62825333336,403043.09761333343
Boxmeer,Verspreide huizen Westerbeek,189646.72231249997,398621.944375
Boxmeer,Vierlingsbeek Centrum,197996.085108133,400947.8214926063
Boxmeer,Villapark 't Zand,194587.52849115044,406481.7290442476
Boxmeer,Vortum-Mullem Centrum,195900.96155940593,403648.9215247525
Boxtel,Boxtel-Centrum,150355.8724164377,400067.2367158884
Boxtel,Boxtel-Noord,150128.08839580644,401189.2473431
Boxtel,Boxtel-Oost,151778.133680985,399827.06124095584
Boxtel,Hezelaar,155033.19216923075,397536.04923076916
Boxtel,Industrieterrein Boxtel,149833.99358058698,399164.01635478757
Boxtel,Lennisheuvel,150011.65474598072,398201.76437942125
Boxtel,Liempde,153837.72350374388,397895.7728567052
Boxtel,Munsel-Selissen,151120.41903142433,400914.2994947873
Boxtel,Verspreide huizen Hal en Heult,150301.74694744492,402557.40135064337
Boxtel,Verspreide huizen Kasteren en Berg,153769.26486111112,398988.58667592594
Boxtel,Verspreide huizen Kleinderliempde,151769.92032051284,398602.8872564103
Boxtel,Verspreide huizen Langenberg,152589.774,400980.9380561798
Boxtel,Verspreide huizen Lennisheuvel,150111.95530864788,397336.8139696906
Boxtel,Verspreide huizen Roond,148618.04339199903,399067.4775482232
Boxtel,"Verspreide huizen Tongeren, Luissel en Nergena",148019.73032419628,400760.27716407215
Boxtel,"Verspreide huizen Velders, Bosch en De Scheeken",153322.04052857138,396352.2021428572
Boxtel,Vrilkhoven,152398.74467500002,397039.891425
Breda,Bavel,116400.67780888407,397665.04498255486
Breda,Belcrum,112666.67937868353,401195.6648585458
Breda,Biesdonk,113274.04097536555,402167.08617731015
Breda,Blauwe Kei,113908.6799273093,398536.3444305904
Breda,Boeimeer,112200.54074756143,398866.94156841614
Breda,Brabantpark,114467.14276979136,400413.01583902235
Breda,Buitengebied Bavel,117078.28117982455,397693.4485964912
Breda,Buitengebied Prinsenbeek,107131.42575698326,402306.6572458103
Breda,Buitengebied Teteringen,116372.18946031747,403103.28568253963
Breda,Buitengebied Ulvenhout,114910.52158433737,395282.8287590361
Breda,Chassé,112768.66167192915,399589.17567465745
Breda,City,112627.51905404341,400096.01549357275
Breda,Doornbos-Linie,113799.91007253145,401303.0459969649
Breda,Effen-Rith,109003.09235471825,396167.9363396421
Breda,Emer,111331.88356610812,402360.21660707635
Breda,Fellenoord,112115.53877723256,399860.7165996072
Breda,Gageldonk,110318.15239213209,401988.2349170654
Breda,Geeren-Noord,114051.91961892082,402535.05533177906
Breda,Geeren-Zuid,114010.6668710989,401938.5781490897
Breda,Ginneken,113329.5227411951,397924.053057742
Breda,Haagpoort,111619.15081227449,399434.9802671487
Breda,Hagebeemd,109207.7526483517,403757.4887472527
Breda,Hazeldonk,110401.92845390072,389990.32309219893
Breda,Heilaar,109950.9921546391,399881.4122010308
Breda,Heksenwiel,110493.89816168556,403897.78166242054
Breda,Heusdenhout,115610.46310381794,400101.527382116
Breda,Heuvel,111039.62081451232,398653.4521336917
Breda,Hoogeind,116778.75053674287,400167.91932514403
Breda,Kesteren,109236.57182504181,402355.3959413084
Breda,Kievitsloop,110679.65983143737,402906.0498412615
Breda,Kroeten,109445.09531404065,403732.0236055727
Breda,Krogten,112276.98852187528,402563.3636976906
Breda,Liesbos,107807.22957670462,398982.57985227276
Breda,Mastbos,111792.87830223874,395404.7560037313
Breda,Moleneind-Oost,116056.41137837849,400881.19140090083
Breda,Muizenberg,109350.7363034343,403178.76933300507
Breda,Nieuw Wolfslaar,115476.2173769064,397674.0734095858
Breda,Overakker,114226.22100452273,397764.1024085427
Breda,Overkroeten,109977.64532873569,404227.7068689649
Breda,Princenhage,110125.53645591984,398684.83319678984
Breda,Prinsenbeek,108279.19827200862,401319.4996823023
Breda,Ruitersbos,112197.54168510708,397933.63271682576
Breda,Schorsmolen,112110.89611435415,400226.3052940822
Breda,Sportpark,113671.09039964608,399314.9778956516
Breda,Station,113073.63730033436,400780.80537591927
Breda,Steenakker,110584.85734649905,400935.8200484739
Breda,Teteringen,115824.93113687054,402448.69851201196
Breda,Tuinzigt,111379.04833586971,400007.48602232145
Breda,Ulvenhout,114286.00417321753,395648.5122966178
Breda,Valkenberg,113182.5136666665,400378.0481568627
Breda,Vuchtpolder,114800.47679069768,404337.73327906977
Breda,Waterdonken,114591.12790944878,402384.4501456693
Breda,Westerpark,110572.0626541047,400145.8423559826
Breda,Wisselaar,113217.97877135241,402825.0729964417
Breda,Ypelaar,114807.54621392374,398295.05996279354
Breda,Zandberg,113015.95702873792,398838.86592232983
Brielle,Brielle,70849.68546119316,435726.7903480855
Brielle,De Kapel en omgeving,70523.09660646605,434470.1604994422
Brielle,Kleine Goote,70977.55361855666,434327.3158865979
Brielle,Nieuwland,71577.27306961415,434733.69339604874
Brielle,Noord Meeuwenoord,71324.50034218728,436315.788098278
Brielle,Recreatiestrook Brielse Maas,73345.54884,435682.4084
Brielle,Rugge,70052.40004508043,435316.49300979683
Brielle,Spuilaan en omgeving,70869.12530754702,434743.8463283017
Brielle,Tuindorp-Hofstede,74538.97596946567,433368.3405133588
Brielle,Verspreide huizen,71793.52560423456,433886.77405048854
Brielle,Vierpolders,71848.41860157474,432955.4859842521
Brielle,Zalmlaan,74966.82366666668,433636.5704722222
Brielle,Zwartewaal,74814.83347151897,433262.0256139239
Bronckhorst,Achterdrempt,209640.33873282434,448547.6726717558
Bronckhorst,Baak,212495.8533120301,454593.453691729
Bronckhorst,Bronkhorst,209336.94959322037,454501.1062203391
Bronckhorst,Drempt,209005.32211805583,446819.7851689813
Bronckhorst,Halle,226616.50268914938,445033.0009090909
Bronckhorst,Hengelo,218415.54298069174,451817.13521239354
Bronckhorst,Hoog-Keppel,211044.14092376674,446594.5658251122
Bronckhorst,Hummelo,213104.32899239546,446483.47848669154
Bronckhorst,Keijenborg,217364.73768113207,449465.5516452831
Bronckhorst,Kranenburg,221543.289673077,457413.6341923076
Bronckhorst,Laag-Keppel,212281.44957242042,445761.64405571116
Bronckhorst,Olburgen,205631.3394285714,450999.02364285715
Bronckhorst,Rha,207134.81137142857,451964.1091142857
Bronckhorst,Steenderen,209826.80816792243,453249.13439397246
Bronckhorst,Toldijk,212197.50755828217,452190.6857852761
Bronckhorst,Veldhoek,225228.53141269842,451338.70615873026
Bronckhorst,Velswijk,218058.4734402985,447360.95988059713
Bronckhorst,Verspreide huizen Baak,213381.09214798227,453699.82708071725
Bronckhorst,Verspreide huizen Bakerwaard,210871.65144680848,454419.0759574468
Bronckhorst,Verspreide huizen Bekveld en Gooi,216060.6211266666,452349.60160000005
Bronckhorst,Verspreide huizen Delden en Veldwijk,218379.66170623142,457682.45825222525
Bronckhorst,Verspreide huizen Dunsborg,219615.23608968605,451264.4243946189
Bronckhorst,Verspreide huizen Grote Veld,220670.72004255312,459634.0527021277
Bronckhorst,Verspreide huizen Halle,226708.3245154472,446420.47272357706
Bronckhorst,Verspreide huizen Hengelo en Noordink,218184.7303147542,452587.09166885226
Bronckhorst,Verspreide huizen Hoog-Keppel,210838.2793076923,446807.45679487195
Bronckhorst,Verspreide huizen Hummelo,213360.44287591244,447259.7938029194
Bronckhorst,Verspreide huizen Hummelo-Broek,214671.56829787235,447614.172319149
Bronckhorst,Verspreide huizen Keijenborg,217049.44897706414,449635.2128532108
Bronckhorst,"Verspreide huizen Linde, Mossel en Wildenborch",222650.88675852277,456828.23646306846
Bronckhorst,Verspreide huizen Olburgen en Rha,206405.8376493157,450803.88189308706
Bronckhorst,Verspreide huizen Oude IJsselgebied,210252.84667924533,444776.95922641497
Bronckhorst,Verspreide huizen Steenderen,209814.31410000002,452931.95817857125
Bronckhorst,Verspreide huizen Toldijk,212740.73183410137,450822.2639032258
Bronckhorst,Verspreide huizen Varssel,222973.85619886368,452753.4365340907
Bronckhorst,Verspreide huizen Velswijk,217589.55683055552,447326.3875694443
Bronckhorst,Verspreide huizen Vierakker,213020.56408139534,457590.8476860466
Bronckhorst,Verspreide huizen Wichmond,215034.25204142003,456223.52657988167
Bronckhorst,Verspreide huizen Zelhem,222178.47713740406,446925.28927735344
Bronckhorst,Verspreide huizen Zuidelijk bosgebied,223057.77438095244,451102.68001190486
Bronckhorst,Verspreide huizen ten noorden van Drempt,209997.113,448579.0816213019
Bronckhorst,Verspreide huizen ten zuidoosten van Hummelo,215183.4280375,445294.3994500001
Bronckhorst,Vorden,218091.2799020326,457895.23204715416
Bronckhorst,Wichmond,214794.47462910795,456060.2078497649
Bronckhorst,Zelhem,220990.69644734135,446920.34348988085
Brummen,Brummen Centrum,207643.7395801778,455883.27547772933
Brummen,Brummense Enk Oost,208049.23827642272,456423.96214634116
Brummen,Brummense Enk West,207694.4021903226,456427.7811274194
Brummen,Cellenrijk,203541.3299166666,456602.15538095246
Brummen,Coldenhove,199291.18234130455,455974.017045652
Brummen,Cortenoever,209206.8014952382,457080.52417142846
Brummen,De Pothof,207132.46329411777,455443.9851096257
Brummen,Dovenkamp,208338.7544666667,463639.78710000013
Brummen,Eerbeek Zuid,201292.1796170212,457071.003787234
Brummen,Eerbeek centrum,201593.87428742525,457696.89013173623
Brummen,Eerbeekse Enk,200807.37095194013,457353.41190696176
Brummen,Elzenbos,207737.1103214287,457074.7764780227
Brummen,Empe Kern,206370.79667961167,463211.60175728134
Brummen,Hall kern,203898.99992481206,458381.6915413535
Brummen,Hazenberg,206975.80286734697,456466.1601326531
Brummen,Het Hungeling,201820.71594838714,457078.4115870968
Brummen,Koppelenburg,207607.06872398188,455491.96411312214
Brummen,Leuvenheim kern,206675.23294331983,454376.3583562753
Brummen,Lichtenbelt,205550.20443999997,454672.84184
Brummen,Lombok,200481.27465240378,458442.1103044068
Brummen,Noorder Enk,200820.68922337153,457927.0726649428
Brummen,Oeken kern,206926.20191379308,458630.5978103448
Brummen,Rhienderen Kern,207419.9963839286,456949.94262500026
Brummen,Rhienderen Noord,207580.34414285715,457489.05184693885
Brummen,Rhienderense Broek,205820.23425000007,456856.55228571425
Brummen,Rhienderense Enk,207286.25337704914,456480.1281967211
Brummen,Tonden,205715.8530428572,461031.94026428583
Brummen,Veldkant,200188.75393150686,457416.0726438356
Brummen,Verspreide huizen Brummen,206257.2905757576,455873.0710909092
Brummen,Verspreide huizen Eerbeek,201170.15306963795,457850.73302228394
Brummen,Verspreide huizen Empe,205132.94634013614,462436.01161224494
Brummen,Verspreide huizen Hall,203443.00750666662,458888.7962600001
Brummen,Verspreide huizen Leuvenheim,206282.76482051282,454110.6244871795
Brummen,Verspreide huizen Oeken,207042.2098135594,458533.52840677963
Brummen,Verspreide huizen Rhienderen,207757.44683453237,457137.0305971225
Brummen,Voorstonden,207232.98655102044,460072.1199591836
Brummen,Wapsum,208756.57879166666,460011.5764583333
Brummen,Werfakker,201205.5347185533,458176.35519654065
Brummen,Wilhelminapark,201730.77695031068,456208.63338509324
Brunssum,Achter de Put,195860.202123967,328122.77174380195
Brunssum,Amstenraderveld,194153.89936318403,327959.556995025
Brunssum,Bexdelle,195014.2500331491,328430.025309392
Brunssum,Bouwberg,197495.5796583608,329642.37177896703
Brunssum,Brandenberg,198755.746,327430.332
Brunssum,Brunssumer Heide,196758.07092344505,326873.98980382754
Brunssum,Buitengebied,194922.51939999996,328756.4528352949
Brunssum,Centrum,196073.91872771503,328636.85875040514
Brunssum,De Eggen,196645.52677224184,328804.7107995254
Brunssum,De Heide,197287.649875,328660.8975
Brunssum,De Hemelder,195243.59606849315,327943.0725499021
Brunssum,De Kattekoelen,197271.646,330115.213
Brunssum,De Kling,195432.91611076912,329286.3970030772
Brunssum,De Streek,195303.84826315808,328812.2018926316
Brunssum,De Struiken,196528.5756805811,327443.978625805
Brunssum,Douvenberg,196643.1147945206,327820.1749452052
Brunssum,Emma,193899.8135251138,326850.1901034987
Brunssum,Haansberg,195728.25517281084,327648.1156728107
Brunssum,Hendrik en omgeving,198170.14398655825,328410.68851738615
Brunssum,Het Heufken,195365.63329925208,328569.41240648396
Brunssum,Hofpoel,196213.3068026541,329090.81467827567
Brunssum,Houserveld,195850.4428387096,329910.8752580645
Brunssum,Kerkeveld,196365.25005309735,328617.3706283187
Brunssum,Kleikoelen,197084.43061788613,328153.9705772358
Brunssum,Klingbemden,195633.34488617894,329607.4015813008
Brunssum,Klingelsberg,194614.46347583644,328127.5241895911
Brunssum,Koutenveld,195952.03645248868,328878.22255656094
Brunssum,Kruisberg,195524.7017371048,328136.6702462562
Brunssum,Langenberg,196056.2784643398,327229.45795902907
Brunssum,Lemmender,195068.2445238084,328997.49916541134
Brunssum,Merkelbeekerdal,195110.5515000001,329598.9930399999
Brunssum,Oeloven,196577.78342670153,329503.06875392696
Brunssum,Op de Vaard,195805.1182826088,328562.29408695566
Brunssum,Op de Vos,194774.85605112798,327754.60585714295
Brunssum,Op den Haan,195718.57473513487,329050.28118108143
Brunssum,Op gen Hoes,196387.0821363636,329659.9088636364
Brunssum,Ora et Labora,198782.40099999998,329027.4066666667
Brunssum,Rode Beek,196477.7931536226,329898.04715715366
Brunssum,Rozengaard,196084.74727421772,329466.5783278684
Brunssum,Rumpener Beemden,196134.36298176265,328051.8731914893
Brunssum,Schuttersveld,196829.25680529303,328301.941967864
Brunssum,Treebeek-Noord,193924.59682386386,327526.7015724433
Brunssum,Treebeek-Zuid,194292.74384457432,327357.50565298094
Brunssum,Vijverpark,196445.13948275876,328356.02434482775
Brunssum,Vondelstraat,195861.48384259257,327105.862611111
Bunnik,Bunnik,142065.9164238103,453239.7027446875
Bunnik,Odijk,144551.87826653192,451563.80055384495
Bunnik,Vechten,140602.94761643838,452876.2675479452
Bunnik,Verspreide huizen in het noorden,140236.18540909092,453562.93768181803
Bunnik,Verspreide huizen in het zuiden,141683.78496551726,452031.0757356322
Bunnik,Verspreide huizen van Odijk,143676.01631128395,450954.514217899
Bunnik,Verspreide huizen van Werkhoven,145071.48621789887,448275.98880155646
Bunnik,Werkhoven,145173.10879354106,448410.17592618254
Bunschoten,Bikkersvaart,153654.90763770486,473169.69736311474
Bunschoten,Blokhuiswetering,153450.61691234322,472258.1129090195
Bunschoten,Broerswetering,153897.76706761267,473881.696576795
Bunschoten,Bunschoten,154018.6999784315,472061.37485490204
Bunschoten,De Haar,154104.1578506224,470396.5348755188
Bunschoten,Eemdijk,151011.88013622287,473986.01321052626
Bunschoten,Koenraadswetering,154558.49991780816,473079.20757990866
Bunschoten,Rengerswetering,154551.13153354137,471824.12188767496
Bunschoten,Spakenburg,154404.46739355839,473716.20001231413
Bunschoten,Verspreide huizen,154140.556280528,472809.07914191426
Buren,Asch,149906.40162406012,437936.01091729326
Buren,Beusichem,148380.10942510125,440180.95492874517
Buren,Buren Appelenboomgaard,150962.75147277227,436263.4776361385
Buren,Buren Tielseweg,151606.0760214629,435488.21768865926
Buren,Buren-Oude Kern,151349.8277580071,435885.202633452
Buren,De Woerd,154095.8540909091,435019.06445454544
Buren,Eck en Wiel,159774.38322477063,442304.01708027517
Buren,Erichem,152652.7337409638,434548.16491566255
Buren,Ganzert,160788.29868292683,442266.05942682934
Buren,Ingen,161708.69044798292,441208.5326581743
Buren,Kerk Avezaath,154529.38940442653,434366.75809456734
Buren,Klinkenberg,162475.21040909088,441813.98475757573
Buren,Lienden,163943.60007930608,439851.9446214377
Buren,Maurik,157404.22699862064,441393.200005517
Buren,Ommeren met Den Eng,162285.364513369,439857.4883903744
Buren,Ommerveld en verspreide huizen polder Meerten,161477.88813888884,438479.72586111113
Buren,Ravenswaaij,151045.66064220184,440429.52540366974
Buren,Rijswijk,152903.67019512196,441158.1263353658
Buren,Verspreide huizen Aalst Leutes polder Aalst,162897.7245910064,437488.4554710922
Buren,Verspreide huizen Asch,149970.52964285715,437884.26021428575
Buren,Verspreide huizen Beusichem en Zoelmond,148083.527237931,440128.8081896552
Buren,Verspreide huizen Buren,151550.80280839038,435445.52377051255
Buren,Verspreide huizen De Mars en Marsdijk,166221.24046363635,440333.5635909091
Buren,Verspreide huizen Eck en Wiel,159329.80225694447,442396.2522326389
Buren,Verspreide huizen Erichem,151767.72525000002,434186.09849999996
Buren,Verspreide huizen Kapel Avezaath,152965.46027710848,433031.2673012048
Buren,Verspreide huizen Kerk Avezaath,154471.7304782609,435488.012652174
Buren,Verspreide huizen Klinkenberg,161963.7310518393,441999.4822252184
Buren,Verspreide huizen Lienden,164026.05288323358,439779.86100299406
Buren,Verspreide huizen Maurik,157646.36225246696,441487.88585065317
Buren,Verspreide huizen Ommerenveld en Zwarte Paard,159941.91896774192,439836.9286774194
Buren,Verspreide huizen Ravenswaaij,151476.61906593406,440188.07592307695
Buren,Verspreide huizen Rijswijk,153707.01336904764,440939.9555238096
Buren,Verspreide huizen Zoelen,156070.46666146893,436475.3928771867
Buren,Verspreide huizen poldergebied,152358.09053488376,439065.5275116279
Buren,Verspreide huizen poldergebied Buurmalsen,149163.80655555555,435020.9575555555
Buren,Verspreide huizen ten oosten van kanaal,158991.5746017699,437382.2014601769
Buren,Zoelen,156010.02762820508,436245.10835897434
Buren,Zoelmond,149744.01118454934,439248.7005879828
Capelle aan den IJssel,'s-Gravenpark,99347.56318181817,438658.36539393954
Capelle aan den IJssel,'s-Gravenweg/Alexanderlaan,98910.5923939394,438207.99877777795
Capelle aan den IJssel,AWZI Oostgaarde,101092.3696,438026.30580000003
Capelle aan den IJssel,AWZI Rivium,96859.55574999998,435776.58450000006
Capelle aan den IJssel,Akker/Haagwinde,98564.88537022892,438402.1990954193
Capelle aan den IJssel,Alkenoord,100399.46389267281,438365.25447471556
Capelle aan den IJssel,Amerikaansebuurt,100838.25586413043,439149.95737500006
Capelle aan den IJssel,Baaienbuurt,101595.85557390144,438356.98925432796
Capelle aan den IJssel,Beemster/Purmerhoek,100572.18723905706,439238.8650325475
Capelle aan den IJssel,Bergenbuurt,101087.13451425543,439292.22485849896
Capelle aan den IJssel,Bizetbuurt,98274.3535411956,437060.6836381257
Capelle aan den IJssel,Bloemenbuurt-oost,99253.41910658301,439046.22828526644
Capelle aan den IJssel,Bloemenbuurt-west,98917.03776299706,438815.5977645263
Capelle aan den IJssel,Burgenbuurt,99391.56701623378,440510.2272142855
Capelle aan den IJssel,Capelsebrug,97764.40305913975,437109.0236559132
Capelle aan den IJssel,Chopinbuurt,97916.4091255506,436749.0249713655
Capelle aan den IJssel,Couwenhoek,101108.87860227273,438285.4612045454
Capelle aan den IJssel,Dalenbuurt,101461.22104293766,438990.72484519624
Capelle aan den IJssel,Dansenbuurt-noord,98786.56395785429,440517.66185249074
Capelle aan den IJssel,Dansenbuurt-zuid,98931.05660218972,440131.4820821171
Capelle aan den IJssel,De Baronie,100838.19639196931,438621.9569024859
Capelle aan den IJssel,Dichtersbuurt,99311.32118360982,437872.92185788415
Capelle aan den IJssel,Diepenbuurt,101038.06945565726,438881.192865445
Capelle aan den IJssel,Eilandenbuurt,101349.4255905292,438492.8810974932
Capelle aan den IJssel,Ervenbuurt,99161.94207031972,440320.7791187211
Capelle aan den IJssel,Fascinatio-oost,97381.50513628901,436934.52427421993
Capelle aan den IJssel,Fascinatio-west,96921.01274853815,436859.42558869347
Capelle aan den IJssel,Florabuurt,98512.95416344314,438779.6220589939
Capelle aan den IJssel,Gebouwenbuurt,100347.78538358214,440623.39420298504
Capelle aan den IJssel,Hoofdweg sector A,98481.53585714298,441389.8588611111
Capelle aan den IJssel,Hoofdweg sector B,98981.51108108099,441190.3569729732
Capelle aan den IJssel,Hoofdweg sector C,99218.3047910448,441362.4621194031
Capelle aan den IJssel,Hoofdweg sector D,99539.45849999998,441595.37955882354
Capelle aan den IJssel,Hoofdweg sector E/F,99763.62941496602,441429.8213197281
Capelle aan den IJssel,Hoofdweg sector G,99829.93861616166,441862.69970707066
Capelle aan den IJssel,Hovenbuurt,100165.79233446417,438739.9609362269
Capelle aan den IJssel,IJsseldijk,97902.84950000001,435996.4575
Capelle aan den IJssel,Instrumentenbuurt,99622.72805663191,440505.39938748116
Capelle aan den IJssel,Kievitlaan,100487.99069924811,438120.53261152917
Capelle aan den IJssel,Klaverweide,100419.55141463414,439449.8675853659
Capelle aan den IJssel,Klinkert,100841.21209375,439776.0665
Capelle aan den IJssel,Koperwiek,100150.1530473568,438388.1917885464
Capelle aan den IJssel,Kunstenaarsbuurt,99871.63482860378,440696.33003745764
Capelle aan den IJssel,Kunstenaarsbuurt-noord,99781.06128125002,441034.10835156334
Capelle aan den IJssel,Meeuwenbuurt,99970.1586452762,437960.1161426024
Capelle aan den IJssel,Merelbuurt,99613.53446548675,438326.4236194691
Capelle aan den IJssel,Molenbuurt,98539.14321720431,439260.7887849468
Capelle aan den IJssel,Molukkenbuurt,101280.4114455445,439442.73217161716
Capelle aan den IJssel,Operabuurt,100129.4675807107,440526.47995330015
Capelle aan den IJssel,Oude Kern,100528.19955248626,437863.31341988954
Capelle aan den IJssel,Oude Plaats,99767.66269001753,437532.01342732017
Capelle aan den IJssel,Paganinibuurt,98649.27543611577,437351.01272061333
Capelle aan den IJssel,Paradijssel,101645.82416430605,438017.28270538215
Capelle aan den IJssel,Puccinibuurt,98763.99046063,436868.78015649586
Capelle aan den IJssel,Redebuurt,98095.90217321011,436409.6870184757
Capelle aan den IJssel,Rendier/Navigatiebuurt,98142.53486627911,436168.4258506057
Capelle aan den IJssel,Reviusbuurt,98908.38091758268,437668.92282417585
Capelle aan den IJssel,Rijckevorselpark,98411.97443750002,437545.5789375001
Capelle aan den IJssel,Rivium 1e straat,96939.95551595716,436420.5653936167
Capelle aan den IJssel,Rivium 2e straat,97151.43319867554,436257.6392913908
Capelle aan den IJssel,Rivium Promenade,97068.17806,435848.3764
Capelle aan den IJssel,Rossinibuurt,98341.53116818173,436761.0808227274
Capelle aan den IJssel,Rozenburcht,99495.90464540814,437408.9146632657
Capelle aan den IJssel,Scandinavischebuurt,100671.74186956506,438912.5252134386
Capelle aan den IJssel,Schermerhoek,100820.54983156019,439470.1468581563
Capelle aan den IJssel,Schildersbuurt,99674.73110199,437863.55462686555
Capelle aan den IJssel,Schildersvormenbuurt,100540.32907162925,440813.1718637643
Capelle aan den IJssel,Sporenbuurt-oost,99843.86816702817,441242.6727722342
Capelle aan den IJssel,Sporenbuurt-west,99420.92508235302,441054.88432058843
Capelle aan den IJssel,Sportpark Schenkel,99065.3351818182,439354.5490909091
Capelle aan den IJssel,Stadsdeelpark,99933.58044602268,439699.22743723285
Capelle aan den IJssel,Stationsbuurt,99717.63239805825,438935.70147572824
Capelle aan den IJssel,Tuinenbuurt,100271.901860297,441247.0453322472
Capelle aan den IJssel,Valeriusbuurt,99149.13345025494,437128.61231760186
Capelle aan den IJssel,Vuykterrein,100157.02744884501,437690.63612871314
Capelle aan den IJssel,Waardenbuurt,101707.59815957451,438705.01985744684
Capelle aan den IJssel,Wormerhoek,101099.36727169795,439751.22927547205
Capelle aan den IJssel,Zeeheldenbuurt-oost,99073.85210769234,436588.4747538462
Capelle aan den IJssel,Zeeheldenbuurt-west,98558.17473903969,436359.25780167006
Castricum,Akersloot Oost,110747.28534429839,508145.16075018
Castricum,Akersloot West,110583.46031213204,508578.3956295646
Castricum,Albert's Hoeve,107243.60988583541,506792.1440103959
Castricum,Bakkum-Noord,105513.26701556417,509459.14988715976
Castricum,Bakkum-Zuid,105456.5694803371,507968.89448595536
Castricum,Beverwijkerstraatweg,105722.8610975609,506164.0538536581
Castricum,Buitengebied,106722.75555384613,505784.35989230755
Castricum,Centrum-Noord,105846.19917339677,507019.1245027717
Castricum,Centrum-Zuid,106150.24199346876,506706.7116748918
Castricum,De Woude,113482.56170728545,506682.20433714293
Castricum,Duin en Bosch,104857.49723947364,508172.60233157873
Castricum,Duingebied,104020.90205099832,507833.01621323056
Castricum,Kooiweg,106471.22199853798,508002.6480950287
Castricum,Limmen Centrum,108122.69187421391,509440.21978436614
Castricum,Limmen Oost,108500.73013165014,509572.66431830474
Castricum,Limmen West,107640.52074756593,509721.60619471525
Castricum,Molendijk,106746.38893683597,506976.92639315233
Castricum,Noord-End,107103.26626011553,507746.023072253
Castricum,Oranjebuurt,106081.19339693474,507566.9933777778
Coevorden,'t Haantje,251898.2015,537301.231180851
Coevorden,Aalden,244725.41516351368,534672.3850621851
Coevorden,Achterste Erm,252024.57026666662,529460.8178000001
Coevorden,Ballast,245963.87333746054,521361.00711230957
Coevorden,Benneveld,246696.61479365078,532961.479968254
Coevorden,Binnenvree Buitenvree Pikveld,247483.09695149006,520204.6629473316
Coevorden,Coevorden-Centrum,246515.73348112882,520216.3887437
Coevorden,Dalen,247437.08938994777,524488.021703684
Coevorden,Dalerpeel,240976.0783538463,522184.3980846154
Coevorden,Dalerveen,251159.976203125,524123.9002968752
Coevorden,De Heege,246912.33785511547,519469.97297790047
Coevorden,De Heege en De Mars,246097.52475757574,518374.0613181818
Coevorden,De Kiel,246543.4271066666,542391.0522866665
Coevorden,De Loo,246451.00025483285,521444.4446133568
Coevorden,Diphoorn,251575.0258709678,532402.6842903227
Coevorden,Erm,251445.7798941177,530583.2407176472
Coevorden,Gees,242961.96155067568,529864.8719662161
Coevorden,Geesbrug,239232.37177881622,527281.5220436137
Coevorden,Hare,245452.212318919,520237.4394864862
Coevorden,Holsloot,250378.57977272727,527908.6637272728
Coevorden,Holwert,246118.62167241375,520376.21327586204
Coevorden,Klinkenvlier,248419.66329411766,519489.1007058823
Coevorden,Klooster,244942.42091666668,519446.6588499999
Coevorden,Leeuwerikenveld,245847.64474011748,519607.4554935141
Coevorden,Lootuinen,246839.4263313624,521167.4601959032
Coevorden,Meppen,243215.50888489204,533576.3733884892
Coevorden,Nieuwe Krim,240620.1923030303,520953.6455303032
Coevorden,Noord-Sleen,250385.2257355768,534660.6749230771
Coevorden,Oosterhesselen,245095.2870799088,530605.7574817355
Coevorden,Ossehaar,248145.06694153836,520223.4235076919
Coevorden,Poppenhare,247259.55937642057,520866.18611505686
Coevorden,Schoonoord,247069.3074502373,540779.9138578178
Coevorden,Sleen,250467.90370833912,532305.1206093588
Coevorden,Steenwijksmoer,243600.93097558618,520981.13937708957
Coevorden,Stieltjeskanaal,252295.1416376812,522028.8998405797
Coevorden,Verspreide huizen 't Haantje,251987.4233125,536953.1460000001
Coevorden,Verspreide huizen Benneveld,247227.47608333337,532447.9071666667
Coevorden,Verspreide huizen Coevorden,246792.8526382979,518880.2294893617
Coevorden,Verspreide huizen Dalen,248296.57991666681,522213.46102205926
Coevorden,Verspreide huizen Dalerpeel,243775.33734693885,522644.7885
Coevorden,Verspreide huizen Dalerveen,250849.86730434786,522769.04839130444
Coevorden,Verspreide huizen De Kiel,245953.04482692314,543064.4815576923
Coevorden,Verspreide huizen Elm,250698.465262557,529738.0629132424
Coevorden,Verspreide huizen Gees,242667.15098214275,529510.3175892859
Coevorden,Verspreide huizen Geesbrug,238424.30805434802,527771.1752173916
Coevorden,Verspreide huizen Holsloot,250687.85611111112,526192.5801388888
Coevorden,Verspreide huizen Kibbelveen,250339.04399999997,537853.2239285713
Coevorden,Verspreide huizen Meppen,242558.74927380955,533558.7757976191
Coevorden,Verspreide huizen Nieuwe Krim,240757.53433333334,520440.13999999996
Coevorden,Verspreide huizen Nieuwlande,239574.59636000003,524386.72644
Coevorden,Verspreide huizen Noord-Sleen,250873.7608235294,535030.9287941175
Coevorden,Verspreide huizen Oosterhesselen,245468.63603174602,529696.5025714284
Coevorden,Verspreide huizen Schoonoord,248695.92752777782,538717.5215370373
Coevorden,Verspreide huizen Sleen,249914.91347826086,532014.1319130434
Coevorden,Verspreide huizen Steenwijksmoer,242925.22359842504,520736.4880236219
Coevorden,Verspreide huizen Stieltjeskanaal,249414.30049999995,521153.23871875
Coevorden,Verspreide huizen Veenoord,252082.77905,526683.80845
Coevorden,Verspreide huizen Vlieghuis en Padhuis,253432.3098297872,520341.3130000001
Coevorden,Verspreide huizen Wachtum,246075.55042105276,527558.6869736841
Coevorden,Verspreide huizen Weijerswold,250823.73884375,519986.604
Coevorden,Verspreide huizen Wezuperbrug,245571.92035106383,539952.632744681
Coevorden,Verspreide huizen Zweeloo,243964.02678205125,535330.2896378208
Coevorden,Verspreide huizen Zwinderen,241740.18320000003,526549.85405
Coevorden,Wachtum,247119.4661311474,527112.5584262296
Coevorden,Wezup,244820.87736585372,537034.9091707317
Coevorden,Wezuperbrug,244810.4840759493,539960.6337468354
Coevorden,Zweeloo,245633.93701714277,535056.1483257142
Coevorden,Zwinderen,242063.06581308405,527348.527168224
Cranendonck,Budel,168008.39553433275,364716.97187857056
Cranendonck,Budel-Dorplein,168174.5174396004,361000.86703547346
Cranendonck,Budel-Schoot,167534.5849709286,362395.01443769585
Cranendonck,Gastel,166690.44092548333,366286.8725747761
Cranendonck,"Heikant, Meemortel, Bosch",169026.64037120127,364081.05155164225
Cranendonck,Industrieterrein Den Engelsman Rondven,172016.27111764697,368737.38152941153
Cranendonck,Industrieterrein Dorplein,169988.3822638888,360882.19
Cranendonck,Kamersven,172738.92192307685,369193.7452197802
Cranendonck,Keunenhoek Broekkant Schoordijk,168966.8967275247,365879.7113672459
Cranendonck,Klein-Schoot,168112.52131666662,362475.31693333323
Cranendonck,Maarheeze,170993.01994075524,369126.0175855234
Cranendonck,Soerendonk,168176.80480189927,368087.3243820404
Cranendonck,Verspreide huizen Berg en Toom,166683.64794401597,364766.9130763507
Cranendonck,Verspreide huizen Budel-Dorplein,168194.0691875,360417.13518750004
Cranendonck,Verspreide huizen Gastelse Hei,166246.54416666666,366608.29049999994
Cranendonck,Verspreide huizen Hugten,172456.23242452825,369935.44622641493
Cranendonck,Verspreide huizen Maarheeze,170298.93997019346,368900.64828060236
Cranendonck,Verspreide huizen Soerendonk,168201.2788800759,368548.89667473047
Cranendonck,Verspreide huizen in het Oosten,170485.11950184498,364608.124512915
Cranendonck,Verspreide huizen in het Westen,167260.20997373882,362017.24572187546
Cuijk,Beers buitengebied,185477.99753608243,414785.279572165
Cuijk,Beers kern,185503.99299233156,415226.9272450945
Cuijk,Cuijk De Valuwe,188529.18751989212,416750.5800593393
Cuijk,Cuijk Heeswijkse Kampen,187729.95600631222,416770.65066013223
Cuijk,Cuijk Padbroek,189554.34520564254,414311.26418056455
Cuijk,Cuijk buitengebied ten westen,187318.09468181815,415547.54604545457
Cuijk,Cuijk buitengebied ten zuid-westen,188803.27536363638,414014.07845454547
Cuijk,Cuijk industriegebied,188299.8336243386,415488.18314550264
Cuijk,Cuijk kern,188968.38503993154,415658.851513791
Cuijk,Haps buitengebied,187800.98253637017,411704.33065284067
Cuijk,Haps kern,187800.39429685692,411255.7481665483
Cuijk,Katwijk buitengebied,188061.21069852944,417597.70735641004
Cuijk,Katwijk havengebied,187306.05195311058,418306.04863112536
Cuijk,Katwijk kern,188430.61329104475,417996.22380597016
Cuijk,Linden buitengebied,185745.54167745705,417410.3718232409
Cuijk,Linden kern,185587.5918436011,417893.40699894604
Cuijk,Sint Agatha buitengebied,190592.50657692316,413525.0720641026
Cuijk,Sint Agatha kern,191313.1357639363,413915.3746021509
Cuijk,Vianen buitengebied,187021.55480672268,414367.62541176466
Cuijk,Vianen kern,187530.7850915841,414448.48715098994
Culemborg,Industriegebied,143429.56126300828,439821.7587407764
Culemborg,Noordoostelijke Buitenwijken,144614.28848410028,441067.8802165569
Culemborg,Oude Binnenstad en Nieuwstad,143858.31218321528,440880.54130969296
Culemborg,Oude Buitenwijken,143833.85271066005,440499.14725482225
Culemborg,Verspreide huizen Redichem,145423.73490163934,441780.11404918024
Culemborg,Verspreide huizen ten westen en zuiden van Culemborg,142387.3203513565,439678.98666278494
Culemborg,Westelijke Buitenwijken,142792.6858987634,440216.5471875015
Culemborg,Zuidoostelijke Buitenwijken Ter Weijde,145080.52759973204,440469.91867426503
Dalfsen,Ankum kern,213042.80317948715,504130.10012820526
Dalfsen,Ankummer Es,213792.8536520796,503764.0861582007
Dalfsen,Bedrijventerrein 't Febriek,219500.09341304345,495135.1336847825
Dalfsen,Bedrijventerrein De Evenboer,215792.65290476196,512162.8566507938
Dalfsen,Bedrijventerrein De Grift,213669.53042465754,511710.5003424658
Dalfsen,Bedrijventerrein Rondweg,214706.03509333325,502902.46610666707
Dalfsen,Dalfsen Centrum,214153.98519074343,502234.22142917244
Dalfsen,Gernermarke-Oosterdalfsen,214838.4221767124,503402.97549315105
Dalfsen,Hoonhorst kern,212043.79017607975,500084.82173089706
Dalfsen,Lemelerveld kern oost,220168.31417815347,495843.15924317273
Dalfsen,Lemelerveld kern west,219374.40685405277,495736.75697696005
Dalfsen,Nieuwe Landen,219486.4464274194,496106.6823266129
Dalfsen,Nieuwleusen Centrum-noord,215610.8601995662,511034.0162277654
Dalfsen,Nieuwleusen Centrum-zuid,215951.47267393817,510235.9603547648
Dalfsen,Nieuwleusen Noord,215452.69160775922,511613.2922041973
Dalfsen,Nieuwleusen Zuid,216379.66932967035,509921.545107692
Dalfsen,Oudleusen kern,217778.23410714287,505537.89430158725
Dalfsen,Pleijendal,214049.03956521754,502673.51013306895
Dalfsen,Polhaar,213870.73233584478,503191.0784585575
Dalfsen,Vechtvliet-Leemcule,213651.1018293515,502562.6853720136
Dalfsen,Verspreide huizen Ankum,212469.93855625013,504434.8663250001
Dalfsen,Verspreide huizen Dalfserveld,213384.45520382162,506689.0420318472
Dalfsen,Verspreide huizen Dalmsholte,217619.31589999996,498066.4198600001
Dalfsen,Verspreide huizen De Meele,212798.62187649403,511057.5885179283
Dalfsen,Verspreide huizen Emmen-De Marshoek,211733.80070918374,501932.9880510202
Dalfsen,Verspreide huizen Hessum-Rechteren,218381.3720000001,502066.4092470118
Dalfsen,Verspreide huizen Lemelerveld oost,221087.05898604664,495139.55795348843
Dalfsen,Verspreide huizen Lemelerveld west,218272.38577490777,495773.27993357927
Dalfsen,Verspreide huizen Lenthe,211249.4656711712,498906.07881981996
Dalfsen,Verspreide huizen Millingen,214337.5148013699,499619.2236438357
Dalfsen,Verspreide huizen Oosteinde,217839.29336082464,510528.39556701045
Dalfsen,Verspreide huizen Oosterhulst,217356.26189010983,511971.3306483516
Dalfsen,Verspreide huizen Oudleusenerveld,218298.96930353812,506401.76193482283
Dalfsen,Verspreide huizen Ruitenveen,213931.9635248227,508979.77183333325
Dalfsen,Verspreide huizen Welsum-Gerner,215283.43956441726,503938.34549079725
Dalfsen,Westerbouwlanden,215235.7263601465,510419.8396526505
Dantumadiel,Broeksterwâld,195556.49898011948,587554.6705825047
Dantumadiel,Damwâld,195558.9990938447,589370.3699730227
Dantumadiel,De Falom,196337.55876086955,586581.0335000001
Dantumadiel,De Westereen,198266.1783863106,585620.9690760887
Dantumadiel,Driezum,198903.2376787857,590128.5560304741
Dantumadiel,Feanwâlden,195276.4710470917,583764.8612088646
Dantumadiel,Readtsjerk,190281.6672921349,586289.9715280901
Dantumadiel,Rinsumageast,192442.79411219514,590159.8485487804
Dantumadiel,Sibrandahûs,192618.23936363636,592192.977409091
Dantumadiel,Verspreide huizen Broeksterwâld,194469.09009302326,587309.5801860465
Dantumadiel,Verspreide huizen Damwâld,195579.91734374998,590234.9171874999
Dantumadiel,Verspreide huizen De Westereen,197521.6397586207,585842.7154482757
Dantumadiel,Verspreide huizen Driezum,199793.6908448276,591151.1954827586
Dantumadiel,Verspreide huizen Feanwâlden,194310.23368000003,584941.98408
Dantumadiel,Verspreide huizen Rinsumageast,191623.32469117647,589743.0241911765
Dantumadiel,Verspreide huizen Wâlterswâld,197918.62862068968,590894.8464137929
Dantumadiel,Wâlterswâld,197783.25509392272,589926.2156325966
De Bilt,Beerschoten-Oostbroek,141511.35128421057,456971.18198421074
De Bilt,Bilthoven Centrum,143106.7645533128,460096.8531617951
De Bilt,Bilthoven Noord I,143475.91783740523,461111.7295686606
De Bilt,Bilthoven Noord II,142683.59229489422,461223.4114683105
De Bilt,Brandenburg,141084.4538549021,459196.0568568244
De Bilt,De Bilt Oost,141108.93336117643,457811.04861647054
De Bilt,De Bilt West,140612.7831442865,458055.21798422467
De Bilt,De Bilt Zuid,140066.66030392153,457176.42129084974
De Bilt,De Leijen,141536.50660415893,460119.90422750864
De Bilt,Groenekan Buitengebied,139533.73319287846,459988.0915103858
De Bilt,Groenekan Kern,138840.74302852055,459646.6514616756
De Bilt,Hollandsche Rading Buitengebied,141078.27526605505,465581.83886238525
De Bilt,Hollandsche Rading Kern,140414.60830859363,465231.25633723964
De Bilt,Industrieweg-Tolakkerweg,139923.40835915486,463554.9407605631
De Bilt,Larenstein,140613.84375000003,459056.9457499999
De Bilt,Maartensdijk Buitengebied,140289.65142222226,463115.43238888873
De Bilt,Maartensdijk Kern,140616.6519911861,463018.97480259713
De Bilt,Noord Houdringe,143635.6015789474,460099.6151578947
De Bilt,Overbosch,142338.44386079544,459411.3966420446
De Bilt,Ridderoordsche Bossen,143073.380971326,464506.7403297489
De Bilt,Tuindorp,141853.28717387994,459429.1833819288
De Bilt,Weltevreden,140284.72921711774,458261.39006251143
De Bilt,Westbroek Buitengebied,137200.71158490572,462072.70128301875
De Bilt,Westbroek Kern,136958.6061743699,462618.27883613453
De Fryske Marren,Akmarijp,181989.74624489795,557299.4763265307
De Fryske Marren,Bakhuizen,159762.8901105263,542396.8490140357
De Fryske Marren,Balk,168114.55511097037,545659.6417713088
De Fryske Marren,Bantega,182551.5105612383,539410.7734704288
De Fryske Marren,Boornzwaag,178793.22159661766,552844.3980057571
De Fryske Marren,Broek,180934.020315926,555016.3891596564
De Fryske Marren,Delfstrahuizen-Buitengebied,184352.31901395344,543209.5803348836
De Fryske Marren,Delfstrahuizen-Kom,185986.43055294116,543703.278764706
De Fryske Marren,Dijken,176607.96704,552007.22676
De Fryske Marren,Doniaga,179139.5123235294,546231.3834705884
De Fryske Marren,Echten,182620.2155669292,542709.4743070867
De Fryske Marren,Echtenerbrug-Buitengebied,184295.1191904762,541628.318126984
De Fryske Marren,Echtenerbrug-Kom,184064.99478983844,542916.299942263
De Fryske Marren,Eesterga,177880.1051,542098.2381000001
De Fryske Marren,Elahuizen,165343.77103508776,548685.5150438597
De Fryske Marren,Follega,178498.61340740745,544247.6931851852
De Fryske Marren,Goingarijp,180848.72541752577,558389.781056701
De Fryske Marren,Harich,166145.2892821783,545413.1665000002
De Fryske Marren,Haskerhorne,184719.3384484305,551897.4607533631
De Fryske Marren,Idskenhuizen,176868.59146093755,549130.3561757812
De Fryske Marren,"Joure, Blaauwhof",182343.00694461085,553113.0782080836
De Fryske Marren,"Joure, Buitengebied",184016.7656875,555752.4080312499
De Fryske Marren,"Joure, Centrum",182602.1511440584,553674.2976458464
De Fryske Marren,"Joure, Jonkersland",181891.7124923077,553493.818826923
De Fryske Marren,"Joure, Sewei/De Ekers",184475.29603978785,552938.8404562331
De Fryske Marren,"Joure, Skipsleat",183222.16580195123,554131.503249756
De Fryske Marren,"Joure, Westermeer",183297.99117375887,553255.7102898936
De Fryske Marren,"Joure, Woudfennen",181630.04252666666,552436.3301199999
De Fryske Marren,"Joure, Wyldehoarne",183946.42937383178,553835.8984517131
De Fryske Marren,"Joure, Zuiderveld",182911.903057037,552559.8781496296
De Fryske Marren,Kolderwolde,162807.57443478264,545280.5769565217
De Fryske Marren,Langweer,177492.37119834617,552480.8477364647
De Fryske Marren,Legemeer,177883.62044444444,550148.9046666666
De Fryske Marren,Lemmer-Buitengebied,174249.35066903918,540921.7915836301
De Fryske Marren,Lemmer-Frieslandpark,175579.19073730637,540994.391656351
De Fryske Marren,Lemmer-Kom,176700.02054312357,539753.1880419581
De Fryske Marren,Lemmer-Lemstervaart,177476.8593933549,539274.803682744
De Fryske Marren,Lemmer-Noord,176431.66057497295,540755.6623213356
De Fryske Marren,Lemmer-Rienplan,177125.22686683404,539921.0979597991
De Fryske Marren,Lemmer-West,176665.6409341785,540230.5664360942
De Fryske Marren,Lemmer-Zijlroede,175363.37795466662,540108.0579306666
De Fryske Marren,Mirns,160136.0960370371,541198.1237592594
De Fryske Marren,Nijehaske,189209.33121739133,552731.0156956521
De Fryske Marren,Nijemirdum,167191.2297037036,541176.449127572
De Fryske Marren,Oldeouwer,182814.0797179487,548236.923025641
De Fryske Marren,Oosterzee-Buitengebied,180150.42210810803,542435.3172567565
De Fryske Marren,Oosterzee-Kom,181078.97565150782,543105.5613165608
De Fryske Marren,Oudega,164051.34342400002,546391.3541040004
De Fryske Marren,Oudehaske,187607.76462500004,552218.4400585587
De Fryske Marren,Oudemirdum,164838.181056259,540468.0610646971
De Fryske Marren,Ouwster-Nijega,183335.90133333334,549271.8483333333
De Fryske Marren,Ouwsterhaule,183730.9806148649,550145.0979324324
De Fryske Marren,Rijs,162337.40062204728,542057.9290472439
De Fryske Marren,Rohel,184485.9690929919,548457.8370440748
De Fryske Marren,Rotstergaast,190064.63779069768,547256.0521627907
De Fryske Marren,Rotsterhaule,186064.88333073928,548950.7266420233
De Fryske Marren,Rottum,189155.8330115892,549967.6854455904
De Fryske Marren,Ruigahuizen,167472.5476530613,544197.9959183672
De Fryske Marren,Scharsterbrug,181465.5302198795,550889.8767018073
De Fryske Marren,Sint Nicolaasga,178889.82574459037,548737.2218667042
De Fryske Marren,Sintjohannesga,186779.56700374535,549561.358917603
De Fryske Marren,Sloten,172533.17739224219,545338.9234480966
De Fryske Marren,Snikzwaag,181927.84573913043,555574.9626956523
De Fryske Marren,Sondel,169090.53318852445,542670.1067622949
De Fryske Marren,Terherne,181356.96580902266,561558.0161031588
De Fryske Marren,Terkaple,181774.45323730208,558504.5970448548
De Fryske Marren,Teroele,175656.87394117645,550019.0322941176
De Fryske Marren,Tjerkgaast,174727.48085161293,546679.6150129032
De Fryske Marren,Vegelinsoord,186529.44002793296,557192.7396480447
De Fryske Marren,Wijckel,170330.7231072665,544662.5186574397
De Ronde Venen,Abcoude Buitengebied,126963.1748740184,476491.4173877427
De Ronde Venen,Abcoude-Noordoost,126821.63507417204,476414.8847006623
De Ronde Venen,Abcoude-Zuidwest,126447.63694459834,475892.41211745143
De Ronde Venen,Amstelhoek,117182.85940145454,471610.80224678636
De Ronde Venen,Baambrugge Buitengebied,128012.8650460844,473293.13566413405
De Ronde Venen,Baambrugge Dorp,127856.58872651364,473270.767400835
De Ronde Venen,Bedrijventerrein Mijdrecht,120341.29442676007,469019.37380775734
De Ronde Venen,Hofland,119238.71844784034,469750.1355920273
De Ronde Venen,Mijdrecht Buitengebied,117878.14903269678,467842.76618756144
De Ronde Venen,Mijdrecht Dorp,119462.03111835473,468944.221784074
De Ronde Venen,Molenland,119316.28922384606,467916.0244738461
De Ronde Venen,Proostdijland,119006.21058876802,468619.78590640053
De Ronde Venen,Sportpark Mijdrecht,118831.52533333335,467977.672
De Ronde Venen,Twistvlied-Wickelhof,118463.78634871398,468596.83134417434
De Ronde Venen,Vinkeveen Buitengebied,122981.6941858384,469549.6627272883
De Ronde Venen,Vinkeveen Dorp,123873.40785618202,469717.73811238754
De Ronde Venen,Vinkeveen Plassengebied,125451.19237812617,472385.91293490154
De Ronde Venen,Waverveen,121651.09883064518,470463.9063709678
De Ronde Venen,Waverveen Buitengebied,121294.16664055303,472691.83517972357
De Ronde Venen,Wilnis Buitengebied,120814.66350656633,466144.3479304716
De Ronde Venen,Wilnis Dorp,121294.25360188716,467673.78397433006
De Ronde Venen,Zuiderwaard-Westerheul,123330.47400655756,469312.0702660428
De Ronde Venen,de Hoef,115925.10438073309,468566.6984847828
De Ronde Venen,de Hoef Buitengebied,116110.90484480502,469360.5696208031
De Ronde Venen,de Maricken-Veenzijde,121266.0712064661,468282.77080374333
De Wolden,Alteveer,229387.88892340427,521400.38034893636
De Wolden,Ansen,218898.16292857137,533073.2750571426
De Wolden,Berghuizen,215974.17910606062,525507.2830606061
De Wolden,De Wijk,216051.93036570607,521023.53425341466
De Wolden,Drogteropslagen,230235.96849572644,515530.86506837606
De Wolden,Echten,223391.10312121207,525307.4051919191
De Wolden,Eursinge en Pesse,226225.06654166666,532692.5608750001
De Wolden,Fort,222526.81095412848,518653.7671009173
De Wolden,Haakswold,212031.94568085103,525910.1108936172
De Wolden,Hees,221202.13928571434,529479.7848928572
De Wolden,Kerkenveld,230369.4220162601,520620.96180894325
De Wolden,Koekange,217870.08864749543,523869.64484972146
De Wolden,Koekange Noord,217664.82695689664,524967.8244568963
De Wolden,Koekange Zuid,218992.83256060604,522939.9403939396
De Wolden,Koekangerveld,219030.52330434785,525792.7739565216
De Wolden,Leeuwte,223278.0237222222,531470.2303888889
De Wolden,Linde,226719.85466666662,517435.8966041668
De Wolden,Oldenhave,219627.08731249996,529927.4686250001
De Wolden,Oosteinde,215472.9975234375,528358.6569531249
De Wolden,Oosteinde-Buiten,215531.21606542077,528641.4286822436
De Wolden,Ruinen,220409.528041058,530949.5805942938
De Wolden,Ruinerweide,219036.984,527381.2466363636
De Wolden,Ruinerwold,213194.8821470341,526537.8072238929
De Wolden,Ruinerwold-Buiten,214372.24573076933,526316.3821089744
De Wolden,Veeningen,221493.7080270269,520654.1150337834
De Wolden,Verspreide huizen Alteveer,228927.18857264958,521990.51345299144
De Wolden,Verspreide huizen Ansen,218671.9285102041,533869.8071836736
De Wolden,Verspreide huizen De Wijk,217882.563225,520642.45728333323
De Wolden,Verspreide huizen Drogteropslagen,229933.87062765952,516598.3994999999
De Wolden,Verspreide huizen Echten,222005.94176449283,524760.6969855076
De Wolden,Verspreide huizen Fort,222395.81855729164,518161.3653749999
De Wolden,Verspreide huizen Kerkenveld,230451.6718045112,519857.7908796993
De Wolden,Verspreide huizen Koekange,218885.9349089339,524896.6147397235
De Wolden,Verspreide huizen Linde,226255.22558590304,517268.0633392075
De Wolden,Verspreide huizen Pesse,224351.49117500003,532396.3057749999
De Wolden,Verspreide huizen Ruinen,221180.73719354818,530726.1839255582
De Wolden,Verspreide huizen Veeningen,222269.42336601295,521058.6075751634
De Wolden,Verspreide huizen Zuidwolde,225206.86594035802,521182.5834870778
De Wolden,Weerwille,216937.84421212118,526059.8277878789
De Wolden,Zuidwolde kern,225453.5229434985,521048.23695219035
Delft,Aart van der Leeuwbuurt,83868.25001029129,445353.2367169811
Delft,Abtswoude,84557.0052142857,443846.4067142858
Delft,Ackersdijk,86382.50598126878,443765.549897271
Delft,Afrikabuurt-Oost,83339.48723697178,444283.42090462125
Delft,Afrikabuurt-West,82983.0465314137,444202.66879319336
Delft,Agnetaparkbuurt,83361.39200844591,447916.76472972956
Delft,Aziëbuurt,83460.1435025038,443962.938592654
Delft,Bedrijventerrein Altena,83282.61048275864,448265.1624482759
Delft,Bedrijventerrein Delftech,85889.16476978443,446148.1385815397
Delft,Bedrijventerrein Delftse Poort-Oost,85658.7120769231,447743.1403076922
Delft,Bedrijventerrein Delftse Poort-West,85661.58322058832,447320.9928235291
Delft,Bedrijventerrein Haagweg,83899.61437078653,448743.58131460653
Delft,Bedrijventerrein Rotterdamseweg-Noord,85097.71553846156,445873.1805288462
Delft,Bedrijventerrein Rotterdamseweg-Zuid,85438.30624573372,444956.34481569944
Delft,Bedrijventerrein Schieweg-Noord,84779.65690163932,445963.93252459005
Delft,Bedrijventerrein Schieweg-Zuid,85240.28407661898,444658.4397632482
Delft,Bedrijventerrein Tanthof-Oost,84507.65811881187,444913.4648910891
Delft,Bedrijventerrein Tanthof-West,83072.47011764707,444511.5078676471
Delft,Bedrijventerrein Technopolis,86051.82787654322,445277.1482592594
Delft,Bedrijventerrein Voorhof,84128.88591578943,446369.3219052614
Delft,Bedrijventerrein Vulcanusweg,84545.78314583331,445714.5985833334
Delft,Bedrijventerrein Wateringseweg,83730.13515789477,448263.2310526316
Delft,Bedrijventerrein Ypenburgsepoort,84779.35215094344,449101.0098490565
Delft,Biesland,85166.16529225341,447962.0763820426
Delft,Boerderijbuurt,84304.40007859535,444665.8167006681
Delft,Bomenwijk,84878.3903516294,448314.5622727265
Delft,Bosrand,84566.77255780342,444100.8394701715
Delft,Buitenhof-Noord,82990.38922274947,445697.67243338516
Delft,Buitenhof-Zuid,83285.55617818183,444708.50732363627
Delft,Centrum,84464.68744639194,447468.01533865806
Delft,Centrum-Noord,84136.91372283889,448164.6783739347
Delft,Centrum-Oost,84508.36006824746,447874.893723403
Delft,Centrum-West,84108.16492387776,447769.94409759354
Delft,Centrum-Zuidoost,84840.21688955823,447609.9408895582
Delft,Centrum-Zuidwest,84448.83229938275,447058.1468107002
Delft,De Bras,85241.3492857143,449207.62909523805
Delft,De Grote Plas,85704.60088461539,448251.22757692303
Delft,Delftzicht,84483.44140283138,446560.6460592013
Delft,Den Hoorn,82062.70298531074,447114.39560451877
Delft,Dierenbuurt,84658.57058974354,444732.4975011651
Delft,Ecodus,83063.60755702919,447105.4274482765
Delft,Fledderusbuurt,83117.09924950902,445214.2747446009
Delft,Gillisbuurt,83129.76724620014,445469.90179939213
Delft,Heilige Land,85278.59907976462,447629.07397145254
Delft,Het Rode Dorp,83514.3461585361,445594.4042561005
Delft,Hoflaan,86417.41741666668,447398.26949999994
Delft,Hoornse Hof,82516.74566865103,447431.08815972134
Delft,In de Veste,84756.27777832508,447354.2500357145
Delft,Indische Buurt-Noord,84112.92713357398,448978.46583393466
Delft,Indische Buurt-Zuid,84190.36330853011,448704.419976406
Delft,Juniusbuurt,83495.41603490095,445897.02216085145
Delft,Kerkpolder,82365.0811,445152.12409999996
Delft,Koepoort,84743.06322641503,448023.36852075416
Delft,Koningsveldbuurt,84767.27062745084,446505.2536895426
Delft,Krakeelpolder,83744.09955068832,446611.1810225282
Delft,Kuyperwijk-Noord,82739.5701673552,447814.64761467004
Delft,Kuyperwijk-Zuid,82918.7824541015,447493.4962031244
Delft,Latijns Amerikabuurt,83750.44896082944,444462.4376751155
Delft,Marlot,83323.69055160144,446811.2796156579
Delft,Ministersbuurt-Oost,83716.92111996232,447593.42602061876
Delft,Ministersbuurt-West,83252.26480465117,447531.9021007758
Delft,Molenbuurt,83070.1760141343,446315.01790635905
Delft,Multatulibuurt,84440.73661580338,445609.5862329718
Delft,Mythologiebuurt,84295.85638541644,446086.2608601165
Delft,Olofsbuurt,83832.72774669003,447251.1071761671
Delft,Pauwmolen,86287.5945535714,447041.2855535714
Delft,Pijperring,83592.07029526461,445333.633515319
Delft,Poptahof-Noord,83886.35022883609,446295.45121825783
Delft,Poptahof-Zuid,83937.73158656352,445998.1146408254
Delft,Professorenbuurt,85868.98807983196,446691.1364210092
Delft,Reinier de Graafbuurt,82935.3953474323,446083.94311178254
Delft,Roland Holstbuurt,84050.26914746778,445526.57418419945
Delft,Schieweg-Polder,85898.97093333333,443688.7408666666
Delft,Sint Joris,84438.44532777763,448807.4476111115
Delft,Stationsbuurt,84237.97973837164,446859.8371017428
Delft,TU-Campus,85404.01284244038,446036.59419462393
Delft,TU-Noord,85074.78397889656,446984.5863571409
Delft,Verzetstrijdersbuurt,83118.55910942212,444945.8385873872
Delft,Vogelbuurt-Oost,84759.64085815598,444372.25283120584
Delft,Vogelbuurt-West,84331.45526152289,444280.93695791496
Delft,Voorhof-Hoogbouw,84296.87652977364,445506.85017180204
Delft,Vrijheidsbuurt,83528.91649463793,445051.32418632373
Delft,Westeindebuurt,83559.77520529796,446988.93404304516
Delft,Westerkwartier,83999.51029369261,446904.89728252386
Delft,Westlandhof,83469.32806199734,446481.8568415621
Delft,Wippolder-Noord,85541.21008648108,447160.1721292249
Delft,Wippolder-Zuid,85631.7777096398,446888.35256910574
Delft,Zeeheldenbuurt,84825.15765027342,446795.9993743172
Delft,Zuidpoort,84877.69677373447,447212.54736392386
Delfzijl,Baamsum,265311.8,589878.4
Delfzijl,Bierum,252992.755869969,600457.8664767803
Delfzijl,Biessum,255530.70895833333,595200.5404583333
Delfzijl,Borgsweer,263657.2769206349,591486.0052698413
Delfzijl,Bornholm,256389.191784144,596151.3825769228
Delfzijl,Bosplan Tuikwerderrak,255922.3196595272,594023.8118681285
Delfzijl,Buitengebied Noord,252064.46807792204,600805.7661428571
Delfzijl,Buitengebied Zuid,260723.3290210085,589645.1387605042
Delfzijl,Centrum,257513.21025570246,594991.1549171667
Delfzijl,Dethmerseiland,255663.88305572793,594141.3084009303
Delfzijl,Doklanden,257127.42567601247,594263.1447414332
Delfzijl,Eelwerd,254792.0,593545.0
Delfzijl,Farmsum,257594.8629184401,593995.111845849
Delfzijl,Fivelmonde,255352.1099740634,594520.8992680116
Delfzijl,Fivelzigt,255266.52332298135,594203.7640124224
Delfzijl,Godlinze,249995.66227272726,599364.9904621212
Delfzijl,Holwierde,253935.30540838855,597892.1663487859
Delfzijl,Koveltemp,257113.14336842106,593351.3956249999
Delfzijl,Krewerd,252338.5834666667,597434.5821555555
Delfzijl,Kruidenoever,255178.02769135803,593414.6473827161
Delfzijl,Kwelderland,256898.7772699388,595690.761042945
Delfzijl,Landenbuurt,256254.5625263158,595592.6753082707
Delfzijl,Losdorp,251347.87137179487,599755.390102564
Delfzijl,Meedhuizen,256636.9127688172,589944.9644677419
Delfzijl,Nansum,254942.50527777776,597987.5695
Delfzijl,Oogstbuurt,255549.90298507462,593668.9104477612
Delfzijl,Oosterhorn,259278.09494888387,593399.7634004682
Delfzijl,Oosterveld,258059.6740604027,593515.9323355703
Delfzijl,Over de Gracht,257048.17429859712,594654.4350521043
Delfzijl,Polarisbuurt,257263.6523290735,595424.7577412141
Delfzijl,Rietkampen,255242.27346902655,593746.5668584071
Delfzijl,Scheepvaartbuurt,256691.99091758247,594713.6612318681
Delfzijl,Schrijversbuurt,256454.5185955554,595382.7443422221
Delfzijl,Sikkel,254811.78033333333,593893.4816
Delfzijl,Spijk,251595.9858972973,601310.251472072
Delfzijl,Steenbakkersbuurt,256055.2536400818,594631.4271922291
Delfzijl,Termunten,265463.0934906833,591302.9467763975
Delfzijl,Termunterzijl,264831.4455518716,591655.1073495749
Delfzijl,Tuikwerd,255586.01230769232,593427.4707692307
Delfzijl,Tuikwerderrak,256452.086469697,594070.0305151514
Delfzijl,Uitwierde,255531.91821875,596109.2649687501
Delfzijl,Vestingbuurt,256793.7901234568,595357.3827160494
Delfzijl,Vliethoven,256542.76863636365,593680.0767727273
Delfzijl,Vogelbuurt,255759.9880985401,593192.5043868613
Delfzijl,Wagenborgen,258126.99858885014,586428.2065865272
Delfzijl,Weiwerd,258984.9244,592807.5348
Delfzijl,Woldendorp,264609.30459058826,588607.8663411764
Delfzijl,Zandplatenbuurt,255941.82539088727,595297.0406906474
Den Helder,Blauwe Keet,113924.06168421054,546634.9961052632
Den Helder,Boerderijbuurt,113315.22572485203,549965.1337618347
Den Helder,Boterzwin,111407.14653960384,544242.3381353138
Den Helder,Centrum,113065.30542978403,552646.0381195989
Den Helder,De Kooy,114528.46941379308,548517.4444310345
Den Helder,De Zandloper,110393.67067652175,546547.4474330433
Den Helder,Deltabuurt,111344.73437530267,550426.3641476999
Den Helder,Dirksz Admiraal,112335.05794588743,549978.0176082251
Den Helder,Donkere Duinen,110742.66399999999,549940.736625
Den Helder,Doorzwin,111961.89033260636,544825.757568157
Den Helder,Duinbuurt,111075.67890622013,550683.4997004789
Den Helder,Falga,111593.67172929934,550558.0626847135
Den Helder,Fort Dirksz Admiraal,112585.39900000002,551010.0426
Den Helder,Fort Erfprins,111285.17122580645,552807.2811612904
Den Helder,Friesebuurt,113839.78271666667,548629.4421166668
Den Helder,Geleerdenbuurt,112601.02505389907,552122.4547488533
Den Helder,Golfstroombuurt,111628.21239423074,551221.8440519234
Den Helder,Grachtengordel,113871.74729042365,552081.1281540693
Den Helder,Grote Rivierenbuurt,111831.33555302168,551044.2538859752
Den Helder,Guldemond,114172.70350507602,549759.6369644671
Den Helder,Havenbuurt,114249.89480638866,551999.5919096534
Den Helder,Huisduinen,110665.30912376534,551956.9711347433
Den Helder,Indische buurt-Noord,112410.8438464223,552537.9618080286
Den Helder,Indische buurt-Zuid,112274.01220811518,552244.0465863873
Den Helder,Jeruzalem,111349.99068648648,551231.5392918919
Den Helder,Julianadorp-Oost,112479.43818750003,545485.4545472381
Den Helder,Julianadorp-West,112129.34817878784,545639.9791666669
Den Helder,Kleine Rivierenbuurt,112051.52235930739,550747.9779177489
Den Helder,Koegras-Noord,112493.45528571431,548205.4991746031
Den Helder,Koegras-Zuid,113604.8208235294,544819.8439999999
Den Helder,Kooypunt,114666.89335638289,547316.2042712764
Den Helder,Kruiszwin,111501.24235923238,544854.1719670934
Den Helder,Landmetersbuurt,113495.25177132475,549538.3915499091
Den Helder,Liniebuurt,111701.86013725497,551838.090098039
Den Helder,Malzwin,111903.61504733724,544223.5201923079
Den Helder,Marina,114114.87943319841,551090.5418906882
Den Helder,Marinehaven,115136.80700847463,552013.5264110168
Den Helder,Mariëndal,110652.37673913044,548586.0816086957
Den Helder,Middelzand,111752.8782758229,545512.4307139614
Den Helder,Mijnendienst,113531.41652434463,551531.9015730338
Den Helder,Nieuw Den Helder Zuid-Oost,111772.12928632947,549588.0398363835
Den Helder,Nieuwlandbuurt,111967.84534435255,551454.8043168046
Den Helder,Noorderhaven,112487.62188737204,544157.3674163822
Den Helder,Ooghduyne,110505.62363244599,545550.9365072406
Den Helder,Oostoever,115022.73527272728,548822.7106666665
Den Helder,Oostsloot,113132.85623376624,552981.7655480513
Den Helder,Oud Den Helder,112139.71986959458,552892.7971344594
Den Helder,Schepenbuurt,111635.84621220808,550139.6698756272
Den Helder,Schooten-Centrum,113676.61191876743,550119.4553795521
Den Helder,Schouten en Schepenenbuurt,113291.36072676374,550417.5413661815
Den Helder,Sluisdijk,113113.42635331233,552302.4861498423
Den Helder,Tuindorp-Oost,112887.40312289147,551541.1352939758
Den Helder,Tuindorp-West,112717.71077225421,551802.7714497115
Den Helder,Van Galenbuurt,112622.26143990563,552781.6247831895
Den Helder,Visbuurt,113525.01978170483,552121.2097844769
Den Helder,Vogelbuurt,113301.42059640374,551772.0321938061
Den Helder,Vogelzand,111352.75363039023,545522.6055420942
Den Helder,Walvisvaarderbuurt,113778.76189110705,550490.283586207
Den Helder,Waterkeringsbuurt,113821.79815714296,549572.0310228567
Den Helder,Westoever,113624.84562011171,551060.1867094974
Den Helder,Wierbalg,111074.08604368946,544802.9102152104
Den Helder,Willemsoord,113324.43679289731,553006.0082863024
Den Helder,Zeeloodsenbuurt,114165.89306361772,550260.6295145991
Den Helder,Zuiderzeebuurt,111920.15047902877,550486.8589183219
Den Helder,Zwanenbalg,110867.50479187821,544314.4169695429
Deurne,De Vennen,181957.95830625,385981.25410625
Deurne,Deurne-Centrum,183128.264455974,386123.64334191225
Deurne,Heiakker,184322.0142929974,386350.7719286617
Deurne,Helenaveen,191905.56634911243,377882.44083431957
Deurne,Industrieterrein,183117.51906997032,385099.4217440101
Deurne,Koolhof,183957.84015890412,385508.7224843839
Deurne,Liessel,185162.8881225057,380669.12276743236
Deurne,Neerkant,188311.05769918705,375613.12461951224
Deurne,Sint Jozefparochie,182610.57723703719,384772.24865185196
Deurne,Verspreide huizen Deurne,183657.47782845097,385958.3742251299
Deurne,Verspreide huizen Helenaveen,190840.9531308411,378993.41087850474
Deurne,Verspreide huizen Liessel,185760.36728242075,380521.5332190202
Deurne,Verspreide huizen Neerkant,188359.18538297867,376093.7304893616
Deurne,Verspreide huizen Vlierden,180354.10979999998,384407.5687317073
Deurne,Vlierden,180858.86415463928,384084.1834000001
Deurne,Walsberg,184111.03422748813,387351.1168364929
Deurne,Zeilberg,184742.80041687968,385202.2210703325
Deventer,Averlo en Frieswijk,211586.13282970092,478735.33215490036
Deventer,Bannink,213569.11386206897,473675.61537931033
Deventer,Bergkwartier,207906.19709022535,474077.36766917334
Deventer,Blauwenoord,210725.46024211572,474153.1790952733
Deventer,Borgele,207020.63138624487,476614.5129121064
Deventer,Brinkgreven,209485.72266666667,475366.2022222222
Deventer,Buitengebied Lettele en Okkenbroek,215536.35782608687,477294.07229249016
Deventer,Burgemeestersbuurt,208058.00290123458,475060.9400546737
Deventer,Centrum,207557.1461536332,474155.23498341267
Deventer,Colmschaterenk,211216.77048641915,473545.1739908766
Deventer,De Hoven,206602.59191863818,473709.65223889815
Deventer,De Scheg,211113.4495,473831.7405
Deventer,Deltabuurt,209626.47454737948,474384.7365730693
Deventer,Dorp Bathmen,216418.1683552305,473872.6393870824
Deventer,Dorp Colmschate,211977.27547321434,473797.83578571456
Deventer,Dorp Diepenveen,207100.05039195681,478137.42673274333
Deventer,Dorp Lettele,215468.13568545174,476950.0870681476
Deventer,Dorp Schalkhaar,210178.54818735542,475855.1612245389
Deventer,Dortherhoek,216363.9239126214,472517.4430485436
Deventer,Epse-Noord,210822.83288888886,471724.91503030324
Deventer,Essenerveld,212350.923323077,473391.43136239285
Deventer,Graveland,212729.08670833334,474730.2029404759
Deventer,Groot Douwel,211080.41776954482,474574.7630858652
Deventer,Handelspark De Weteringen,211771.62844444445,472819.58937037055
Deventer,Het Bramelt,211255.8289863337,473120.5992921692
Deventer,Het Fetlaer en Spijkvoorder Enk,211594.45552341116,475463.6095551847
Deventer,Het Jeurlink,211686.50664437262,475115.64221535117
Deventer,Het Oostrik,211203.84362072454,474092.7993983906
Deventer,Hoornwerk,208471.64362728148,474171.68090046366
Deventer,Industrieterrein,208953.11841529942,473517.07665530965
Deventer,Kloosterlanden,210203.44019775424,472824.323255235
Deventer,Knutteldorp,208270.02519938978,473652.42826754873
Deventer,Landsherenkwartier,207882.64231490096,476350.97987226053
Deventer,Lange Zandstraat,206789.78799519234,474794.6139471153
Deventer,Loo,220260.0161515151,474694.0259090909
Deventer,Ludgeruskwartier,207746.62133652682,475846.7743838322
Deventer,Noordenbergkwartier,207269.41804411792,474266.66053308814
Deventer,Noordenbergsingel,207154.06087258662,474427.7425868733
Deventer,Noorderplein,207112.37931869688,474900.2385141647
Deventer,Okkenbroek,218688.95990510943,479240.90573722625
Deventer,Oosterstraat,207984.33400207676,474808.5233530632
Deventer,Op den Haar,212182.1891393656,474614.0115746547
Deventer,Oranjekwartier,208479.4700624607,476072.23541766545
Deventer,Oude Molen,216313.6044,475153.63066666666
Deventer,Oudegoedstraat,207623.83418285762,475323.7266299999
Deventer,Overig Colmschate-Noord,213521.33032,474650.31388
Deventer,Oxerhof,214069.25073134326,472174.0406119403
Deventer,Platvoet,206276.23135453442,476660.71396923834
Deventer,Raambuurt,208075.74717321247,473921.03908981406
Deventer,Rande,205419.91691176474,478224.8168970588
Deventer,Rielerweg-Oost,208959.78109688466,474820.6125504477
Deventer,Rielerweg-West,208361.7070162224,474695.48183198116
Deventer,Rivierenbuurt,208851.41329874034,474430.1844098378
Deventer,Rode Dorp,207303.13598480218,475254.93237128365
Deventer,Roessink,211817.1732432321,473293.38469797815
Deventer,Rollecatekwartier,208456.76578914732,475378.65465581417
Deventer,Schrijversbuurt,206364.37967231573,475928.1324686323
Deventer,Singel,207724.39006659132,474403.64909255045
Deventer,Snipperling,210132.66957161418,473705.9106965192
Deventer,Spikvoorde,212609.82336163515,475467.3951215933
Deventer,Steenbrugge,208423.06012925148,476812.034772109
Deventer,Steinvoorde,212135.59867074827,475083.04576054413
Deventer,Swormink,212410.16805174865,473015.9818736405
Deventer,Tjoene,208788.54857831332,479082.5858915662
Deventer,Tuindorp,208071.22095934162,475637.89313455956
Deventer,Zandweerd-Noord,205994.38534162534,475465.85356380953
Deventer,Zandweerd-Zuid,206385.37199349093,475113.8023503913
Deventer,Zuidloo,218894.49056637168,472557.18271681404
Deventer,Zwolseweg,206716.44111160727,475329.0490303572
Diemen,Akkerland,125293.70294250506,483090.9576878848
Diemen,Anne Frank,126012.36334355833,483330.30269938643
Diemen,Bergwijkpark,125336.53020000002,482089.95733333344
Diemen,Beukenhorst,125683.49096098564,483372.22086036974
Diemen,Biesbosch,124937.09001534531,482455.4724219947
Diemen,Bomenrijk,125466.08271747963,483298.2849837397
Diemen,Buitenlust,126601.47062686567,484334.6593432837
Diemen,Buytenstee,126710.55436750004,485054.23600750044
Diemen,Campus Diemen Zuid,125630.82203714292,482415.45036457153
Diemen,Centrum Oost,126252.25068252138,483477.37170136743
Diemen,Centrum West,125777.94739444456,483739.4255277782
Diemen,De Sniep,127055.46621153851,482784.102653846
Diemen,Diemerpolder,128393.524,483841.835
Diemen,Gemeenschapspolder,128060.28301754041,482003.66120055644
Diemen,Holland Park,125975.92154495581,482471.05593750003
Diemen,Holland Park Zuid,125838.64187681167,482122.32501992706
Diemen,Kruidenhof,125653.5691015491,482937.96917728
Diemen,Oud Diemen,126705.15188888887,484671.3301111111
Diemen,Overdiemen,129307.0645384635,483770.52601999784
Diemen,Overdiemerpolder,128281.81871428572,483621.86321428575
Diemen,Plantage de Sniep Noord,126866.85714285725,483249.69408730185
Diemen,Plantage de Sniep Zuid,126722.51249652775,483042.9156041667
Diemen,Polderland,125452.93015884476,482775.4635812275
Diemen,Ruimzicht Oost,126452.24527100487,483877.57109967066
Diemen,Ruimzicht West,126047.22786897728,484090.79268216423
Diemen,Scheepskwartier,127251.7091827796,484654.85868428985
Diemen,Schelpenhoek,125925.07417085438,483085.44782160764
Diemen,Spoorzicht,126454.30704678364,484430.1988245614
Diemen,Sportpark De Diemen,127069.56033333333,483507.18399999995
Diemen,Stammerdijk,127472.37843509775,482726.8102924426
Diemen,Studentenflats Rode Kruislaan,126711.73317812504,483856.68848125014
Diemen,Verrijn Stuart,126430.54768632706,482836.0699276138
Diemen,Vlindertuin,127475.29296068376,484422.98298803443
Diemen,Vogelweide,126997.20353234961,484830.8558286036
Dinkelland,'t Pierik,266120.72187378624,488618.3839417473
Dinkelland,'t Spikkert,255250.6102608696,486330.40310869575
Dinkelland,'t Stift,254229.1629032258,486337.55241935485
Dinkelland,Buitengebied Denekamp,265334.0929784482,489558.9616034484
Dinkelland,Buitengebied Ootmarsum-West,256945.76125324683,492205.33831818186
Dinkelland,Centrum,265136.7359682539,488729.3187809524
Dinkelland,De Mors,258526.58434090903,492644.9958579547
Dinkelland,Diepengoor,265640.08918579237,489065.5532185792
Dinkelland,Dorper-Es,264766.7079938272,488602.29456790123
Dinkelland,Echelpoel,255102.20668181815,485182.49990909087
Dinkelland,Eertman,255337.32220094564,485874.4506666668
Dinkelland,Janskamp,265270.40249026346,489681.6106930126
Dinkelland,Kerkeres,265563.3459964726,488583.0922574956
Dinkelland,Kern Deurningen,253934.9759037736,480202.96809245273
Dinkelland,Klokkenberg,265210.7903432836,488284.0789626866
Dinkelland,Kloppendijk,265735.01620161295,489901.8466774194
Dinkelland,Lattrop kern,263050.83143209876,494347.7427160493
Dinkelland,Moerbekkenkamp,257957.06818181818,492619.57954545453
Dinkelland,Noord Deurningen kern,266525.93442196527,491263.9005144509
Dinkelland,Ootmarsum Cellenkamp Palthenkamp,258274.5712410546,492238.00145386066
Dinkelland,Ootmarsum Kern,257729.24153558063,492185.3762322096
Dinkelland,Ootmarsum Randkern,257747.60300450452,492249.2790405404
Dinkelland,Ootmarsum villapark Stobbenkamp,257404.03165277778,492059.73896759265
Dinkelland,Reestman,254882.01409375,486395.0186171875
Dinkelland,Rossum,259606.77743727594,485957.22773476696
Dinkelland,Saasveld,251744.09528195485,483609.745037594
Dinkelland,Sombeek,266116.2235166666,489183.95065416663
Dinkelland,Tilligte kern,261423.95734517757,492005.4408172589
Dinkelland,Veldkamp en Borchert,265055.712920966,489196.7260987925
Dinkelland,Verspreide huizen Breklenkamp,263177.69131818187,496710.9087727273
Dinkelland,Verspreide huizen Deurningen,254755.25520552142,480504.6319723927
Dinkelland,Verspreide huizen Groot Agelo,256754.89943165466,489960.5399280574
Dinkelland,Verspreide huizen Klein Agelo,258422.5568405797,490904.481710145
Dinkelland,Verspreide huizen Lattrop,263438.4557021276,494083.1346063829
Dinkelland,Verspreide huizen Noord Deurningen,265864.05430465104,491342.2153767439
Dinkelland,Verspreide huizen Nutter,255945.27784210522,493547.4865
Dinkelland,Verspreide huizen Ootmarsum-Oost,259193.432875,492244.247125
Dinkelland,Verspreide huizen Oud Ootmarsum,258672.22830714274,493739.4546857144
Dinkelland,Verspreide huizen Rossum,260032.10972636816,486268.9824875623
Dinkelland,Verspreide huizen Saasveld,251521.69432476631,483990.93625467276
Dinkelland,Verspreide huizen Tilligte,261350.05533870973,491931.4699274193
Dinkelland,Verspreide huizen Weerselo,255828.5309162011,485141.3569106146
Dinkelland,Vinke-Brookhuis,258212.4178066913,491601.34155762073
Dinkelland,Weerselo,254944.38937267088,485862.5596645962
Dinkelland,Wildehof,258455.96064981946,491920.72801083035
Doesburg,Bedrijventerrein Beinum,206510.59979505354,446159.82402655156
Doesburg,Bedrijventerrein Verhuellweg,206331.34100000001,448138.16400000005
Doesburg,Beinum I,205955.51101264814,446322.12793280627
Doesburg,Beinum II,205500.12359999988,446014.5687977532
Doesburg,De Ooi,207076.39576405555,446712.50077511556
Doesburg,De oude Stad binnen de gracht,206295.97694232748,447577.2323731162
Doesburg,Noordelijk Molenveld,206965.67814745757,447652.8783576272
Doesburg,Verspreide huizen Fraterswaard-Noordoost,207188.896,449148.33599999995
Doesburg,Verspreide huizen IJssel en Oude IJssel,207286.58449637258,446322.71954008803
Doesburg,Verspreide huizen Noordoost,208275.9109032258,448351.857
Doesburg,Zuidelijk Molenveld,206900.4338663102,447317.1642566845
Doetinchem,A18 Bedrijvenpark,212644.9819,440164.27139999997
Doetinchem,Bedrijventerrein De Huet,215129.39350568168,442652.2924374998
Doetinchem,Bedrijventerrein Keppelseweg,215579.3283088236,443054.14506617654
Doetinchem,Bedrijventerrein en Wijnbergen,216538.28642731262,440154.1351629958
Doetinchem,Buitengebied 't Klooster,220881.34476470592,439891.81629411766
Doetinchem,Buitengebied De Huet,213573.91971428573,443321.37128571427
Doetinchem,Buitengebied De Kruisberg,217298.97085511117,444309.81523173256
Doetinchem,Buitengebied Dichteren Noordwest,214631.9625,441413.35500000004
Doetinchem,Buitengebied Groot Hagen,215774.75098850575,443595.97766666673
Doetinchem,Buitengebied IJzevoorde,220696.5174186046,442952.0090930233
Doetinchem,Buitengebied Kemnaderallee,218779.35847826084,439480.3179130435
Doetinchem,Buitengebied Keppelseweg,215073.36410526317,443569.60005263163
Doetinchem,Buitengebied Nutselaer en Abdij,220996.12066666668,441310.6833157894
Doetinchem,Buitengebied Pierikstraat,222416.35904964534,439070.0663971632
Doetinchem,Buitengebied Pinnedijk,223443.24539622644,440599.2551320755
Doetinchem,Buitengebied Polmanlaan,219130.1199032258,439654.30064516136
Doetinchem,Buitengebied Slangenburg,224242.14145138895,442656.0523541665
Doetinchem,Buitengebied Vossenstraat,218578.60677777778,441685.1581666667
Doetinchem,Buitengebied de Gaarde,218675.04686206894,443680.4212068965
Doetinchem,Buitengebied de Wrange,219999.51449382718,440131.21383950626
Doetinchem,Buitengebied en Dichterem-Oost,215595.07432499994,440589.45275
Doetinchem,De Bezelhorst,217445.03917299438,443836.37633727095
Doetinchem,De Elshof-Zuid,221224.5719763663,438251.1178183164
Doetinchem,De Happert Leerinkstraat,217082.76477380912,443523.4699948988
Doetinchem,De Happert Ziekenhuis,216671.64002298855,443255.0826091953
Doetinchem,De Hoop-Noord,216557.36610023645,441750.2315393268
Doetinchem,De Hoop-Zuid,216525.26524999994,441368.46608611144
Doetinchem,De Huet fase 1 + 3,215417.23018506516,441722.9303603909
Doetinchem,De Huet fase 2,215010.61244430518,442167.5778785983
Doetinchem,De Huet fase 4,214562.01782293778,441815.0474285719
Doetinchem,De Huet fase 5,214467.07001088143,442517.2944722528
Doetinchem,De Huet fase 6 + 7,214147.52115258513,441929.24725725123
Doetinchem,De IJkenberg,217448.53100552488,443172.11725230236
Doetinchem,De Kruisberg,216891.86171212123,444165.9068257575
Doetinchem,De Pas-Noord,217543.7623773585,442299.7647714888
Doetinchem,De Pas-Zuid,217477.82673086418,441945.53257530864
Doetinchem,De Pol en Akkermansweide,220358.12866981127,438459.8950094339
Doetinchem,Hamburgerbroek,217091.97395138914,441733.17063657544
Doetinchem,Het Hartger en de Elshof-Noord,221190.75846467647,438888.475869651
Doetinchem,Het Loo,216711.6192462563,442797.3655274556
Doetinchem,Holterhoek,217807.36980909092,441586.8416727275
Doetinchem,IJsseltuin en Heelweg,216089.41393114737,442581.64443934493
Doetinchem,Kleurrijke buurt,215473.43549367084,440687.6930632912
Doetinchem,Koekendaal en Vijverberg-Noordoost,218930.819347973,440909.80889864865
Doetinchem,Landelijk Wonen,215236.5835818181,440492.5033242428
Doetinchem,Langerak-Noord,214684.51273170728,444501.71197560965
Doetinchem,Langerak-Zuid,214464.19292857134,444520.2184285714
Doetinchem,Muziekbuurt,218203.79769484492,442580.7948144341
Doetinchem,Nieuw-Wehl-Centrum,209011.41171582747,442403.2482194245
Doetinchem,Nieuw-Wehl-Noord,208740.43063333328,441788.5692111114
Doetinchem,Nieuw-Wehl-Noordoost,209583.14622388073,442711.7543134327
Doetinchem,Oosseld en Vijverberg-Zuidwest,218403.8383910771,440684.3897258991
Doetinchem,Overstegen-Oost,219147.02391757083,443179.5480357935
Doetinchem,Overstegen-West,218559.1283090598,443251.89417103934
Doetinchem,Romantische buurt Noord,214789.59438796673,441273.33459958516
Doetinchem,Romantische buurt Zuid,214920.0779754601,440969.2703680983
Doetinchem,Schrijvers en dichtersbuurt,217908.11113984734,442951.64558790607
Doetinchem,Schöneveld-Noord,218284.36883115018,442232.47656477435
Doetinchem,Schöneveld-Zuid,218101.96575704226,441855.66467253445
Doetinchem,Sportpark Zuid,216095.93439999997,442165.6803499999
Doetinchem,Stadscentrum-Noord,217194.07284316,442539.9894260298
Doetinchem,Stadscentrum-Zuid,216949.73525936625,442254.05624111486
Doetinchem,Stadskwartier-Noord,215189.388114688,441386.2119718311
Doetinchem,Stadskwartier-Zuid,215357.7759153713,441111.07872366207
Doetinchem,Torenallee,216553.71260804028,442493.0301356782
Doetinchem,Verheulsweide-Noord,217301.73694285724,441235.5473357143
Doetinchem,Verheulsweide-Zuid,217656.14628667972,440682.1332755742
Doetinchem,Vulcaansoord en het Richtersbos-Zuid,220915.76167137045,438074.69610064593
Doetinchem,Wassinkbrink-Noordwest,218560.583,444747.622409091
Doetinchem,Wassinkbrink-Zuidoost,219454.29020588237,444177.3266764706
Doetinchem,Wehl-Centrum,211554.07293583252,441671.3717645677
Doetinchem,Wehl-Noord,210802.16383544306,442926.6125316457
Doetinchem,Wehl-Noordoost,212196.5501162791,442664.64339534886
Doetinchem,Wehl-Oost,212882.11314893616,441832.5226808511
Doetinchem,Wehl-West,209728.45708064514,441194.0267258066
Doetinchem,Wehl-Zuidoost,213717.52474637688,440579.05834057985
Doetinchem,Wehl-Zuidwest,211796.65721165627,440858.1527423309
Doetinchem,Wijnbergen-het Midden,216386.7253888889,440765.73522222217
Doetinchem,Wijnbergen-het Oosten,216756.34252216393,440921.879643684
Doetinchem,Wijnbergen-het Westem,216208.26349789018,440809.72216455685
Doetinchem,Wiltinksbrug,218695.63151260497,442578.1722689077
Doetinchem,Wonninkhage,218508.50593333333,443552.22503999993
Dongen,'s Gravenmoer,124321.81632042596,407787.40993126814
Dongen,Beljaart,124022.26149396141,405311.97438888927
Dongen,Biezen,124518.38270500675,404973.75687852077
Dongen,Buitengebied 's Gravenmoer,123995.2252222222,409397.81833333336
Dongen,Buitengebied Klein Dongen/Dongen-Vaart,126855.37803191488,405280.70665957447
Dongen,Buitengebied Oost,126139.83347872343,403174.62079787196
Dongen,Buitengebied West 1,122233.41030303032,404287.21927272726
Dongen,Buitengebied West 2,123280.52505116281,405496.6556744187
Dongen,Centrum,124179.26347640673,404285.95876451896
Dongen,Dongen-Vaart,125801.45698529416,406367.739654412
Dongen,Hoge Akker,125115.34652089424,404164.1922779402
Dongen,Klein Dongen,124691.6183152173,406148.7372065219
Dongen,Oud Dongen,124235.34205760369,403692.63331797236
Dongen,Tichelrijt,123268.0834774776,403194.6894234236
Dongen,West 1,122985.92164012919,404271.76534319617
Dongen,West 2,123042.61444067795,404915.54923464044
Dongen,Wildert,127851.55105263159,402336.4333157895
Dordrecht,1e Merwedehaven en omgeving,107738.50574590161,425848.91972950817
Dordrecht,2e Merwedehaven en omgeving,108956.41985585583,425649.88082882896
Dordrecht,3e Merwedehaven,111157.02083333333,425223.4405
Dordrecht,Achterhakkers en omgeving,104564.32189361702,424976.01287659537
Dordrecht,Admiraalsplein,104453.54323118273,422755.32088709675
Dordrecht,Albert Schweitzerplaats,106553.48548962662,422812.9097095434
Dordrecht,Aletta Jacobs-erf en omgeving,109771.47842268042,423314.83575552236
Dordrecht,Amazone en omgeving,108088.67490019792,424580.8383522733
Dordrecht,Amerstraat en omgeving,107278.19971428577,425722.1893311689
Dordrecht,Amstelwijck,104323.59077777778,421006.4738148149
Dordrecht,Amstelwijck-West,103871.54589473685,421316.30922807014
Dordrecht,Anna Paulownastraat en omgeving,105624.00610344825,424131.7005586205
Dordrecht,Augustijnenkamp en omgeving,105623.96569597075,425391.49797435873
Dordrecht,Azobe en omgeving,108607.6192360097,424677.0492335764
Dordrecht,Bastion locatie,105973.46916666668,423174.80083333334
Dordrecht,Bedrijventerrein Groene Zoom,107745.40484090908,424171.8366363636
Dordrecht,Beekmanstraat en omgeving,107899.44685950407,425471.3051294765
Dordrecht,Belthure Park,107404.90029629633,421718.46005555533
Dordrecht,Beverwijcksplein en omgeving,105225.42284460683,424907.187385741
Dordrecht,Blaauwweg en omgeving,106188.58488677243,421593.83289312175
Dordrecht,Bleijenhoek,105710.4302011757,425695.82301698276
Dordrecht,Bloemenbuurt,105993.99457429716,424240.3629156627
Dordrecht,Boeroestraat en omgeving,106794.18377468355,424569.3312556963
Dordrecht,Boogjes en omgeving,104945.67291525427,425185.24498459167
Dordrecht,Bovenpolder,110839.63573214284,422496.78839285724
Dordrecht,Breitnerstraat en omgeving,104651.42635388741,423766.7412600535
Dordrecht,Burgemeester de Raadtsingel en omgeving,105390.02516513767,424679.02065137605
Dordrecht,Centrum,105437.98658560496,425235.3352019399
Dordrecht,Cornelis Evertsenstraat en omgeving,104277.17692917369,422357.5816256324
Dordrecht,Crabbehof-Noord,105173.3940621539,423116.3438855387
Dordrecht,Crabbehof-Zuid,105113.34833661422,422566.9892523595
Dordrecht,De Hoven,109588.21427551114,422882.569657798
Dordrecht,Dordtse Biesbosch,103641.80052611273,416394.8197387301
Dordrecht,Dordtse Hout,104740.0493297101,421799.7164202899
Dordrecht,Dordtse Kil I,103181.7811326861,421522.2182750812
Dordrecht,Dordtse Kil II,103230.07928125004,421062.7583085938
Dordrecht,Dordtse Kil III,103138.00910097721,420263.1155048861
Dordrecht,Dordtse Kil IV,103437.05700000002,418993.1008571428
Dordrecht,Dorus Rijkersstraat en omgeving,104662.9446615385,422870.9276961538
Dordrecht,Driehoek en omgeving,105663.08484757121,421661.48741541046
Dordrecht,Dubbeldam-Noord,107710.24082327414,423350.0238221095
Dordrecht,Dubbeldam-Zuid,107664.7458912423,422670.7590997953
Dordrecht,Egstraat en omgeving,108766.07034782603,423215.91789440997
Dordrecht,Emmastraat en omgeving,105842.12241730271,424215.44341730303
Dordrecht,Erasmuslaan en omgeving,104709.50651157399,424492.3665509265
Dordrecht,Geldelozepad en omgeving,104849.60745208838,424958.3706683048
Dordrecht,Groenmarkt en omgeving,105131.09395981456,425376.8873029365
Dordrecht,Grote Markt en omgeving,105341.4335462963,425543.61237499985
Dordrecht,Handelskade en 's-Gravendeelsedijk,103893.53379310344,424255.60282758623
Dordrecht,Heysterbachstraat en omgeving,106398.08450652171,423989.4453891305
Dordrecht,Hoekenessestraat en omgeving,106177.2837490494,424280.5644790872
Dordrecht,Indische Buurt-Noord,106404.40608404811,424719.1909862775
Dordrecht,Indische Buurt-Zuid,106352.77429093578,424497.82992543845
Dordrecht,Iroko en omgeving,108283.55977932957,424865.6772402238
Dordrecht,Jacob Catsstraat en omgeving,104893.98634650117,424231.92390857777
Dordrecht,Jacob Marisstraat en omgeving,104892.97378255206,423522.19759505196
Dordrecht,Johanna Naber-erf en omgeving,109944.2699928978,423789.2707840916
Dordrecht,Joke Smit-erf en omgeving,109258.40202133331,423369.6650080002
Dordrecht,Julianahaven,103769.50023863633,422371.2367727272
Dordrecht,Kalkhaven,104642.76037988822,425173.1555977652
Dordrecht,Kasperspad en omgeving,105758.13546666672,425060.1043043477
Dordrecht,Kon. Wilhelminastraat en omgeving,105526.8236161881,424843.6939947777
Dordrecht,Krabbegors,103166.21183333332,423726.9828333334
Dordrecht,Krabbepolder,102560.60545945945,423181.23195945943
Dordrecht,Krispijnse Driehoek,105046.9530045978,423864.46198275906
Dordrecht,Laan der Verenigde Naties Noord,104177.276,423641.285
Dordrecht,Lijnbaan,106136.07194188378,425584.623338677
Dordrecht,Locatie Karel Lotsyweg,106080.47226666665,422891.0972
Dordrecht,Locatie Refaja,104402.40107692307,421592.5805384615
Dordrecht,Lombard en omgeving,105213.43991395355,425163.8593697676
Dordrecht,Louterbloemen,103791.57173913039,423711.6251826085
Dordrecht,Maria Montessorilaan en omgeving,106298.80862047196,423698.473258447
Dordrecht,Matena's Pad en omgeving,105968.78665503084,425409.8260082137
Dordrecht,Merwedepolder-Oost,108908.84286401681,425158.6237489538
Dordrecht,Merwedepolder-West,108519.84087245601,425387.2342455904
Dordrecht,Merwelanden,112593.48507692308,424747.4265128205
Dordrecht,Merwestein-Noord,106312.17516268979,425233.5632993492
Dordrecht,Mildenburg en omgeving,105531.87149642856,421175.19899761927
Dordrecht,Minnaertweg en omgeving,106547.64767388013,421617.48285123956
Dordrecht,Nieuwe Haven en omgeving,105064.31328477214,425597.499624821
Dordrecht,Nieuweweg en omgeving,105970.74339393941,423718.2905757576
Dordrecht,Noorderkwartier,106998.00594986079,425771.5884679665
Dordrecht,Oostkil,103755.45808333333,420411.95712499996
Dordrecht,Oudendijk en omgeving,109027.33774175821,423104.66029670334
Dordrecht,Palissander en omgeving,108434.43804108612,424254.40219302825
Dordrecht,Park Merwestein en omgeving,106009.78164497382,424865.37217907305
Dordrecht,Pearl Buck-erf en omgeving,109405.591445868,423632.6185406796
Dordrecht,Plein 1940-1945 en omgeving,107643.18991666668,425615.297121212
Dordrecht,Pr. Bernhardstraat en omgeving,105350.83242211651,423955.72628418566
Dordrecht,Rembrandtlaan en omgeving,104975.60108247424,423342.3297422678
Dordrecht,Rozenhof en omgeving,104829.68386815423,424783.9390283976
Dordrecht,Schotman terrein,103964.31374999999,421700.50778125005
Dordrecht,Smitsweg,104797.2553333334,420532.4241949685
Dordrecht,Spaarbekken,109469.5889,425148.22939999995
Dordrecht,Sportterrein Krommedijk,107087.34887500003,424075.57142500003
Dordrecht,Stadswerven,106165.79744937144,425749.7212317873
Dordrecht,Standhasenstraat en omgeving,106549.45366919567,424169.0394324734
Dordrecht,Sterrenburg 1-Oost,106279.56112845063,422339.1704894047
Dordrecht,Sterrenburg 1-West,105821.79326501033,422202.4639958588
Dordrecht,Suze Groeneweg-erf en omgeving,108780.2019898989,423746.88641666656
Dordrecht,Transvaalstraat en omgeving,106012.52362956814,424570.27529900335
Dordrecht,Tweede Tol,103641.41192207791,420119.1137337662
Dordrecht,Van Ewijckstraat en omgeving,104304.98781746029,422984.96370899386
Dordrecht,Van Kinsbergenstraat en omgeving,104525.23366411103,422320.81151905376
Dordrecht,Van Ravesteijn-erf en omgeving,109129.93448577519,424181.67379587516
Dordrecht,Van den Broek-erf en omgeving,109277.71955714286,424062.95615285693
Dordrecht,Viottakade en omgeving,104409.4502023428,424056.8687795889
Dordrecht,Vissersdijk-Beneden,108275.2347591241,423804.55233576644
Dordrecht,Vissersdijk-Noord,108475.05283333332,423867.5195
Dordrecht,Vissersdijk-Oost,108441.97087640448,423600.75996067433
Dordrecht,Vissersdijk-West,107723.92055555555,423916.91700000013
Dordrecht,Vogelplein-Aalscholverstraat en omgeving,106719.79500532309,424776.6854532319
Dordrecht,Voltastraat en omgeving - De Put,104055.84371999999,424314.20436000003
Dordrecht,Vredenburg en omgeving,106303.94173368342,420949.57478844683
Dordrecht,Waldeck Pyrmontweg en omgeving,105504.52510784322,423644.2736333331
Dordrecht,Wantijpark en omgeving,106938.3835358107,425149.3778736791
Dordrecht,Waterman en omgeving,105634.85637782355,421667.60120533814
Dordrecht,Weeskinderendijk en Dokweg,104424.46657851237,424604.4756528924
Dordrecht,Weizigtpark,105615.05545549744,424375.50541623036
Dordrecht,Wieldrecht,102916.59655813951,421960.24433720927
Dordrecht,Wijnstraat en omgeving,105437.01452614379,425776.5412058823
Dordrecht,Wilhelminahaven,103806.0208529412,422990.7836470587
Dordrecht,Wittenstein en omgeving,105423.96192435673,420734.8206807866
Dordrecht,Zeehavenlaan en omgeving,104329.12963868616,423168.56970073015
Dordrecht,Zuidendijk,104456.92875652175,423579.74151304364
Dordrecht,Zuidhoven,105617.51466096417,423206.34506518504
Dordrecht,Zuidpolder,109591.82324000001,422593.98532000004
Dordrecht,Zuilenburg en omgeving,106103.28135097807,421123.8684108176
Drechterland,Binnenwijzend,138438.6481880342,521243.048068376
Drechterland,Centrum Hoogkarspel,140861.6491231308,523056.3920777826
Drechterland,Centrum Venhuizen,142759.9955529775,519679.9831987621
Drechterland,De Buurt,143845.7384313367,520689.8968970128
Drechterland,De Hout en Blokdijk,140767.0685238095,520039.3394809526
Drechterland,"Drieban (gedeeltelijk), Hem",141781.37268059698,518811.82212238794
Drechterland,"Drieban (gedeeltelijk), Venhuizen",143349.69671428573,518999.6976043957
Drechterland,Hem,141331.205979296,519172.8952505175
Drechterland,Oosterblokker,136644.03093468802,520162.7205878093
Drechterland,Oosterleek,141416.0535681818,517057.2447575755
Drechterland,Oudijk,136462.91239705886,521693.4730294116
Drechterland,Schellinkhout,137139.6711308793,516765.31395705516
Drechterland,Ten westen van Tolweg,139541.42551764706,522682.0709058823
Drechterland,Westwoud,137877.8412119309,522105.4252354785
Drechterland,Wijdenes,139510.2870484843,516645.4077350217
Drechterland,Wijzend,141066.47951666664,522281.02500000014
Drechterland,Zuiderdijk,143412.40828235293,518241.53487058834
Drimmelen,Blauwe Sluis,107450.79570212767,412405.6259148936
Drimmelen,Drimmelen,114765.15655425348,413372.5977376475
Drimmelen,Helkant,111369.7995948276,409675.9736810346
Drimmelen,Hooge Zwaluwe,110572.01840819673,411111.7114032788
Drimmelen,Lage Zwaluwe inclusief Gaete,107529.19310433394,413688.95666452654
Drimmelen,Made,113851.34663542159,409919.97257109464
Drimmelen,Terheijden,111185.58537975114,406226.2337833847
Drimmelen,Tuinbouwgebied,116426.86378125002,410357.07999999996
Drimmelen,Verspreide huizen Biesbosch,115213.32061904762,416916.86504761904
Drimmelen,Verspreide huizen Binnenpolder,111990.74451515151,406408.3752323234
Drimmelen,Verspreide huizen Drimmelen,114500.41336111109,413310.14188888884
Drimmelen,Verspreide huizen Groot Zonzeelsche Polder,107422.45279411765,410622.07094117644
Drimmelen,Verspreide huizen Hooge Zwaluwe,110774.77638095237,410551.5795952381
Drimmelen,Verspreide huizen Lage Zwaluwe,107347.72341025644,412552.89879487175
Drimmelen,Verspreide huizen Made,114711.68347154473,411393.3211056911
Drimmelen,Verspreide huizen Wagenberg,112082.0153548387,408831.5544274193
Drimmelen,Verspreide huizen Zonzeelsepolder,109130.07268055558,407052.83143055555
Drimmelen,Wagenberg,110687.44534385405,408608.5857155064
Dronten,AZC,186300.1891944444,506716.3567986112
Dronten,Bedrijventerrein Spelwijk,172788.97858974358,508543.5033076923
Dronten,Bloemenbuurt,172218.05079635594,508402.18267524155
Dronten,Bremerpark,175926.6448891455,495897.3491755199
Dronten,Buitengebied Biddinghuizen,177315.21865960475,493118.0607791425
Dronten,Buitengebied Dronten,178214.11016809352,504074.7472761496
Dronten,Buitengebied Swifterbant,171658.48598076918,510223.6466955128
Dronten,Bungalowpark,176878.8201341899,503788.4445478821
Dronten,Business Zone Delta,176684.16443322488,505924.71662052127
Dronten,Centrum Biddinghuizen,175827.4318833333,496472.75491666666
Dronten,Centrum Dronten,177389.26954951196,504263.00847838196
Dronten,Centrum Swifterbant,172416.94805555555,509313.37557407416
Dronten,De Baan,176160.53892296486,496473.90368459304
Dronten,De Boeg,177866.9165078738,503322.0150649601
Dronten,De Drieslag,176036.3901926606,504603.6548990827
Dronten,De Fazant,178306.5584469272,503602.32557914377
Dronten,De Gilden,175301.25490782465,505479.4564013929
Dronten,De Graafschap,176546.49431958768,496212.0451752577
Dronten,De Kaai,175498.76455294114,496583.6727529411
Dronten,De Kolk,172812.92977272725,509555.9728787879
Dronten,De Kruidentuin,177676.5078875741,502538.68864852097
Dronten,De Lancaster,177610.94569078955,502999.6224868422
Dronten,De Landmaten,176039.0120762685,503259.927499531
Dronten,De Landstreken,178025.35539062496,502887.07569618034
Dronten,De Manege,176914.70674526057,503027.38406042644
Dronten,De Munten,176408.64964795255,505084.7133850726
Dronten,De Oeverloperwijk,177992.88052319275,504768.55703425047
Dronten,Golfresidentie,177399.30577330507,501772.83452966093
Dronten,Hanzekwartier,177581.81918811877,504910.5431287129
Dronten,Houtwijk,178356.26076670538,505322.7662349887
Dronten,Kampbuurt,172164.04275238095,509552.34186349163
Dronten,Ketelhaven,180492.81315580738,509957.4998866856
Dronten,Noorderbaan,176348.63328070176,497063.21538596484
Dronten,Oldebroekerweg,176641.24994117644,496961.3309411764
Dronten,Oud-Biddinghuizen,175669.07863648262,496194.95913123444
Dronten,Oud-Biddinghuizen Buiten,175261.5732516555,496269.87079470215
Dronten,Oud-Dronten,177774.02012216178,503940.4846816225
Dronten,Oud-Swifterbant,172059.22028861145,509134.26253666176
Dronten,Pioniersweg,177591.81449549543,505645.0685495496
Dronten,Poort van Dronten,175946.13975000003,506607.68412499997
Dronten,Spelbuurt,172589.7397901862,508881.5582690356
Dronten,Tarpan,173179.76248275858,509082.86585057486
Druten,Afferden,171909.29392914646,432412.56162157824
Druten,Afferden Buitengebied,172012.56372380955,432574.2465904762
Druten,Afferdense Waarden,172358.831,434266.448
Druten,Bouwing,169915.7607488532,432415.23575573374
Druten,Deest,174285.31117689516,433333.44195667893
Druten,Deest Buitengebied,173960.21179591835,432686.7319387756
Druten,Deestse Waarden,174626.47457142855,433809.6144285715
Druten,Druten,170156.7312668154,433540.055019258
Druten,Druten Buitengebied,170418.66569999995,432207.91680000006
Druten,Druten Zuid,169367.19712401438,432781.6845275995
Druten,Drutense Waarden,168607.83657488364,434374.03747839405
Druten,Horssen,170287.17269896917,429619.8019360825
Druten,Horssen Buitengebied,170511.86326486286,429307.5345707641
Druten,Molenhoek,170776.86335937504,430785.17340625
Druten,Puiflijk,169053.95294934313,432267.6320261717
Druten,Puiflijk Buitengebied,168478.89640000003,431915.942890909
Druten,Westerhout,168305.88437563466,433131.36037055874
Duiven,Bedrijventerrein,197750.73123838386,441966.0294101009
Duiven,Centrum,198549.44735984848,440276.51714772737
Duiven,De Nieuweling,199257.48523517782,439368.5771403161
Duiven,De Ploen,198010.74257228163,440840.35018661263
Duiven,De Vergert,199017.9472520548,439849.9581287671
Duiven,Groessen,198932.91917633128,438120.2415810654
Duiven,Het Broek,199909.96550877194,441810.3472807017
Duiven,Lommerweide,199301.07846338034,440617.4205661971
Duiven,Loo Gld,196438.6114846492,438036.68937719305
Duiven,Noord,198811.53919859816,440595.07836682245
Duiven,Oud Zuid,198322.1382370129,439864.8286095783
Duiven,West,197748.3898732829,440436.72646274697
Duiven,Zuidoost,197936.77309704045,439214.1494735552
Duiven,Zuidwest,197163.31780193612,439714.7498905437
Echt-Susteren,Aan het Echterbos,196164.7722666667,342682.6178
Echt-Susteren,Aasterberg,186781.54489473684,345908.3833157895
Echt-Susteren,Baakhoven,185810.67018749999,342209.4415
Echt-Susteren,Berkelaar,188872.35986065574,348140.8710573771
Echt-Susteren,Buitengebied Berkelaar,189466.19845833338,348881.84564583335
Echt-Susteren,Buitengebied Gebroek,188902.5706,345203.632
Echt-Susteren,Buitengebied Ophoven,187506.87266666666,346015.3103333334
Echt-Susteren,Buitengebied Spaanshuisken,194807.542,338928.644
Echt-Susteren,Buitengebied de Berk,189010.96614285713,347590.93571428576
Echt-Susteren,Buitengebied de Loop,187679.691,346642.56575
Echt-Susteren,Businesspark Midden-Limburg,190193.5416,348392.531
Echt-Susteren,Cristina,188608.20193620166,338680.5699851632
Echt-Susteren,De Berk,189552.7414242425,347516.4735454544
Echt-Susteren,De Loop,188119.36193000004,346318.6647399999
Echt-Susteren,Diergaarde,195952.96070642187,345276.89410550456
Echt-Susteren,Dieteren,187059.93847383885,343033.06746994547
Echt-Susteren,Echt Centrum,188885.78726659427,346130.8498118812
Echt-Susteren,Echt Noord,189212.49195000003,346769.00966544106
Echt-Susteren,Echterbosch,196368.84563636367,342801.6454848485
Echt-Susteren,Gebroek,188994.27277894743,345131.4025368421
Echt-Susteren,Handelsterrein,188504.10341333345,342581.59844000003
Echt-Susteren,Heide,188950.72970575694,341995.9844733476
Echt-Susteren,Hingen,190604.607405904,346198.2340959412
Echt-Susteren,Illikhoven en Visserweert,184165.7597166667,341605.8383499999
Echt-Susteren,In de Mehre,187926.40978656124,341260.2454505927
Echt-Susteren,Kokkelert,184297.50870833333,343829.34908333333
Echt-Susteren,Koningsbosch,194627.16057818654,340535.5195216821
Echt-Susteren,Lackerbosch,193799.50960416664,341634.3046666666
Echt-Susteren,Liboscherveld,190290.49524999998,343869.93435000005
Echt-Susteren,Maria Hoop,195524.08501477793,344209.7202881771
Echt-Susteren,Mariaveld,188189.45390483164,341724.47272181587
Echt-Susteren,Middelveld,187708.3986574928,342160.96634214174
Echt-Susteren,Munsterveld,187386.25348198958,341739.5911903946
Echt-Susteren,Nieuwstadt Centrum,188070.93493422578,338773.02473078563
Echt-Susteren,Ophoven,187244.42108333335,345335.74725
Echt-Susteren,Oud-Roosteren,186077.62247368423,343504.7122105262
Echt-Susteren,Peij,190291.5336125802,345430.467227041
Echt-Susteren,Peijerveld,191815.6608222222,344375.16036666674
Echt-Susteren,Recreatiepark Hommelheide,189724.75592730855,342283.2238290768
Echt-Susteren,Recreatiepark Marisheem,191514.19836842103,345049.9184736842
Echt-Susteren,Roosteren,185179.98161690167,343818.9807881011
Echt-Susteren,Schilberg,189652.0937361898,345739.2091036084
Echt-Susteren,Sint Joost,190868.46892280717,347550.2073456144
Echt-Susteren,Slek,189833.67815710724,344253.5883341647
Echt-Susteren,Spaanshuisken,194932.44834782608,338645.18252173916
Echt-Susteren,Susteren Centrum,187651.63214749246,341494.22753392294
Echt-Susteren,Verspreide Huizen Sint Joost,191588.59166425857,347723.6554513494
Echt-Susteren,Verspreide huizen Dieteren,187036.18566037744,343083.9569056605
Echt-Susteren,Verspreide huizen Heide,189675.4804045647,341905.0255410641
Echt-Susteren,Verspreide huizen Illikhoven en Visserweert,184472.20705000003,342667.70009999996
Echt-Susteren,Verspreide huizen Nieuwstadt,188269.34826666667,339086.33573333337
Echt-Susteren,Verspreide huizen Roosteren,184433.48146153844,344033.133076923
Echt-Susteren,Verspreide huizen Susteren,187178.4215,341496.8011739131
Echt-Susteren,Wolfskoul,188256.8750132891,342234.33349169465
Edam-Volendam,Beets,127126.21243924325,511197.5340078023
Edam-Volendam,Broeckgouw,133716.7414303913,502668.3477452231
Edam-Volendam,De Watering,128521.01014049586,509168.42829634005
Edam-Volendam,Edam-Industriegebied,131474.01098556837,503098.7147200851
Edam-Volendam,Edam-Molenbuurt,132953.43969710462,502561.7120289535
Edam-Volendam,Edam-Oude kom,132256.84910235505,502915.6433725409
Edam-Volendam,Edam-Singelwijk,132419.232483368,502430.3293950103
Edam-Volendam,Edam-Zuid,132035.022,502135.966
Edam-Volendam,Hobrede,127356.24792592593,506506.96566666674
Edam-Volendam,Kwadijk,127601.87837260278,504447.8410301365
Edam-Volendam,Lange Weeren,131409.57946666668,500842.7797333334
Edam-Volendam,Middelie,129780.22287147335,505313.996987461
Edam-Volendam,Oosthuizen,128622.90579560172,509733.9757270379
Edam-Volendam,Purmerpolder,130258.94387904255,501861.0479654589
Edam-Volendam,Schardam,129853.62049999993,512249.3960714286
Edam-Volendam,Volendam-Bloemenbuurt,133552.47189736477,501426.2725603327
Edam-Volendam,Volendam-Blokgouw 1 en 2,132513.60257699806,501260.7183859649
Edam-Volendam,Volendam-Blokgouw 3,132277.337189781,501563.81534124096
Edam-Volendam,"Volendam-Blokgouw 4, 5 en 6",132281.4027987013,500847.7723685066
Edam-Volendam,Volendam-Blokgouw 7 en 8,131852.36610121455,500976.7308218623
Edam-Volendam,Volendam-Industriegebied,134046.42692321763,501656.74240036594
Edam-Volendam,Volendam-Katham + Planetenbuurt,133077.01078728604,501067.64042868774
Edam-Volendam,Volendam-Middengebied,133133.40416062178,502138.9501580311
Edam-Volendam,Volendam-Oude kom,133589.93390694677,500777.0503777875
Edam-Volendam,Volendam-Rozettenbuurt,133525.40243438073,501838.0674768948
Edam-Volendam,Warder,130584.99996449705,508471.36687278136
Edam-Volendam,Zeevangpolder,132790.0005,503521.718
Ede,Beatrixpark,173901.18955087714,449423.1482464911
Ede,Bennekom-Zuidoost,175194.56547469873,445554.4965606423
Ede,Bloemenbuurt,173463.81705491332,449887.88391401723
Ede,Boekelo,174559.47034094814,445482.16711650486
Ede,Bosrand,174635.70193820223,451616.43959550565
Ede,Burgemeestersbuurt,174941.86864546884,450168.5465882356
Ede,Centrum Ede,174439.87929411777,450846.0264379868
Ede,Centrum Lunteren,170839.8276527775,454953.06242681656
Ede,De Bergen,172677.6099848485,451591.4023863637
Ede,De Bossen,172140.1168943182,451378.802875
Ede,De Burgen,172819.7786939654,451052.4262413796
Ede,De Dalen,172369.61782089554,450225.4625522388
Ede,De Dreven,172438.77871825878,448144.176541717
Ede,De Hoef,173563.68992090397,447580.2148926554
Ede,De Horsten,172423.76379980077,450836.971252988
Ede,De Hoven,171972.91881050658,450644.0993105066
Ede,De Klomp buitengebied,168644.29246153845,450203.3287802196
Ede,De Klomp dorp,167711.36700884954,450851.8503982301
Ede,De Kraats/Nergena,171749.1297641196,446457.8318239202
Ede,De Laar,175052.72013010344,446554.5602602073
Ede,De Parken,172098.90444124702,448544.5255563549
Ede,De Singels,172657.5753240034,447762.7717268871
Ede,De States,171881.0132852311,448169.59774971835
Ede,De Steinen,172947.11526945335,450518.186724759
Ede,De Vallei,171305.3634590164,448551.6504016392
Ede,De Veenen,168316.66435294118,454223.65520915017
Ede,De Velden en Beken,171582.54794862386,450527.2616110092
Ede,De Venen en Zanden,171604.94082171566,451308.01960589853
Ede,Deelen,190353.8107,454464.6427
Ede,Dikkenberg,177421.44383274022,447043.6532597864
Ede,Doesburg,171613.23596791437,452494.9629812836
Ede,Driesprong/Ginkel,175001.70010432566,453484.01576972
Ede,Ederveen buitengebied,168740.08721559632,452118.54048165143
Ede,Ederveen dorp,168063.20576255722,452653.49476255715
Ede,Elskamp,173261.47969304028,448060.66558021976
Ede,Enka,175009.50690541847,448349.9854394087
Ede,Eschoter Veld,180615.71865639804,457149.1204478673
Ede,Frankeneng,172218.41374204945,449129.00295406353
Ede,Halderbrink,174260.7847975462,446277.14742614434
Ede,Harskamp dorp,179991.8903475937,460409.0434802137
Ede,Harskampse Zand,179424.4814814815,462042.55555555556
Ede,Heestereng,171142.94859393936,449183.8277848484
Ede,Hoog Baarlo,188107.63888888888,458384.9166666667
Ede,Hoogbouw-Zuid,173241.99993310167,448605.31116768037
Ede,Indische buurt,173700.7035901496,450710.35443447676
Ede,Kievitsmeent,170258.87938144332,450601.89351546403
Ede,Klaphek,172964.18633963965,449675.703337838
Ede,Komponistenbuurt,175131.4545078585,450867.46973575646
Ede,Legerplaats Harskamp,181059.97400000005,459908.1083647058
Ede,Lunteren-Oost,171461.0353047286,455175.9324273205
Ede,Lunterse Buurtbos,172846.6327596302,456088.1781987675
Ede,Lunterse Veld,170675.99917913045,455546.6451617394
Ede,Maanderbroek,169785.73925850337,448122.70446258504
Ede,Maandereng-Oost,173628.3564753004,448207.8665540721
Ede,Meulunteren/De Valk,173363.1349512196,458806.83978861774
Ede,Nederwoud,168224.21342379958,457494.95313361165
Ede,Otterlo dorp,181519.28538343197,456733.4545479293
Ede,Reehorst,174128.99027689244,448546.0995478084
Ede,Reemst,182009.22723809522,456848.79377380945
Ede,Schuttersveld-Noord,169722.59945833334,449799.26295833336
Ede,Schuttersveld-Zuid,169932.90927142848,449379.1910666668
Ede,Stationsbuurt,174393.49430461816,449509.7326678507
Ede,Uitvindersbuurt,173251.96766778533,448928.7408607382
Ede,Veluwse Poort,175482.47797340452,449886.8601574469
Ede,Vogelbuurt,173946.15711547615,450447.50766071427
Ede,Wekerom dorp,177462.29321505383,458321.89537019987
Ede,Wekeromse Meent,176947.47295483865,458242.11188064516
Ede,Wekeromse Zand,178327.45111602216,456430.05816022074
Ede,Westeneng,178495.784272973,460262.98444324336
Ede,Wormshoef,170742.7622631133,455693.08020050713
Ede,Zeeheldenbuurt,173779.8175739257,451163.3424238893
Eemnes,Eembrugge,149634.85801902262,470559.0177859443
Eemnes,Eemmeer-Eemnes,150970.533,476018.094
Eemnes,Eemnes-Dorp,146613.81041390725,473774.2058377479
Eemnes,Eempolder,148753.6711221768,473315.93413117406
Eemnes,Goyergracht,145224.00236936935,473675.2700180181
Eemnes,Heidehoek,144329.8636666667,471395.9268245614
Eemnes,Noordbuurt,146206.1574137828,474394.2056873283
Eemnes,Polder te Veen,145588.4055625,472219.95900000003
Eemnes,Wakkerendijk-Meentweg,146601.29015408797,473250.98903773574
Eemnes,Zuidbuurt,146027.58418980532,473472.64243438106
Eersel,Bedrijventerrein Duizel,148522.6509166667,374946.81166666665
Eersel,Bedrijventerrein Eersel,150018.2892109375,375622.40161718754
Eersel,De Dijken,149492.2533478882,373600.7783105326
Eersel,De Donksbergen,147733.55969421484,375212.113892562
Eersel,De Hees en Genderweg,151237.51391044774,375924.35958208976
Eersel,Duizel,148747.64340030655,375563.82789570617
Eersel,Eersel-Zuid,150167.67842887697,373856.50449518714
Eersel,Eersel-kom en Lindeakkers,149946.17194694816,374457.10037079355
Eersel,Kerkebogten,150765.24364955764,374159.3462884954
Eersel,Knegsel-Oeyenbos,153265.82541237117,378326.7871649486
Eersel,Knegsel-kom,152140.14476543205,378855.5708617282
Eersel,Kortkruis,149205.09551075276,373817.0074462367
Eersel,Molenakkers,150801.8782183098,374675.7687183098
Eersel,Molenveld en Schadewijk,151864.6039661017,374535.3735423728
Eersel,Steensel,152656.07675707154,376436.741875208
Eersel,Stokkelen en Hoogstraat,151132.65698051942,373330.8823116885
Eersel,Verspreide huizen Duizel,148699.88907608693,376188.85184782604
Eersel,Verspreide huizen Eersel,149193.60217622956,372301.78059016407
Eersel,Verspreide huizen Knegsel,151424.6847333333,378276.9126666664
Eersel,Verspreide huizen Steensel,153107.58783333335,376134.771525641
Eersel,Verspreide huizen Vessem,147292.7971975165,381703.86878484825
Eersel,Verspreide huizen Wintelre,151543.09769999995,384311.12088181794
Eersel,Vessem-kom,148150.67811778036,381311.54205549276
Eersel,Wintelre-kom,151755.9486362203,383941.2516488189
Eijsden-Margraten,'t Rooth,183275.066,316519.97805882356
Eijsden-Margraten,Banholt,184705.25541342018,311229.9206753247
Eijsden-Margraten,Bemelen,181420.2295307263,317517.7217486033
Eijsden-Margraten,Berg,180554.09691836734,316668.4171224489
Eijsden-Margraten,Bergenhuizen en Schey,185952.2495035462,309533.84868085105
Eijsden-Margraten,Bruisterbosch,184330.3916976744,312940.8903953489
Eijsden-Margraten,Cadier,181641.8922355953,315574.5709654289
Eijsden-Margraten,Eckelrade,181693.95642205328,313032.9235361218
Eijsden-Margraten,Eijsden-Breust,177578.86071818127,309801.52342752024
Eijsden-Margraten,Gasthuis-Wolfshuis,183110.19200740734,317234.5038296296
Eijsden-Margraten,Gronsveld,179126.65931166467,313330.7034504535
Eijsden-Margraten,Groot- en Klein-Welsden,184636.5897087379,315755.1679805826
Eijsden-Margraten,Herkenrade,182548.17187999995,311973.3312399999
Eijsden-Margraten,Honthem,183956.15187037032,313941.22279629624
Eijsden-Margraten,Hoogcruts,187052.90320454544,309302.8923181818
Eijsden-Margraten,Maarland,178435.54039130433,311369.691923913
Eijsden-Margraten,Margraten,185732.73615853948,314697.69094276463
Eijsden-Margraten,Mariadorp-Beezepool,178306.15970485818,309793.7947185534
Eijsden-Margraten,Mesch,179351.83164285714,308287.2986758242
Eijsden-Margraten,Mheer,183650.9948971962,310263.951156542
Eijsden-Margraten,Moerslag-Libeek,181530.9787540984,310744.0558360655
Eijsden-Margraten,Noorbeek,185036.924665,308847.50295749994
Eijsden-Margraten,Oost,177879.41609275294,311753.8292492998
Eijsden-Margraten,Rijckholt,179270.74985664338,312208.5810734265
Eijsden-Margraten,Scheulder,187194.81559740266,315554.1750779221
Eijsden-Margraten,Sint Antoniusbank,181573.8819777778,317145.20968888886
Eijsden-Margraten,Sint Geertruid,181818.9510488372,311891.2328255815
Eijsden-Margraten,Terlinden,186337.55554117647,310779.6869176471
Eijsden-Margraten,Termaar,186502.2589047619,313640.8095000001
Eijsden-Margraten,Verspreide huizen,179851.11818787997,311414.4703837774
Eijsden-Margraten,Withuis-Stationsstraat,178183.3486272728,308929.09726363636
Eindhoven,'t Hofke,164052.53985523223,384505.73460612656
Eindhoven,'t Hool,161120.24076185876,387252.1707047437
Eindhoven,Achtse Barrier-Gunterslaer,159233.9161019734,388048.93246600847
Eindhoven,Achtse Barrier-Hoeven,159073.6185484228,388956.2075997377
Eindhoven,Achtse Barrier-Spaaihoef,158542.99042427418,388419.5285831132
Eindhoven,Barrier,160002.45329063505,385724.10931431595
Eindhoven,BeA2,155907.26939388114,386367.14775582246
Eindhoven,Beemden,159763.9509215686,380217.247882353
Eindhoven,Bennekel-Oost,160240.6256157929,381274.8768568069
Eindhoven,"Bennekel-West, Gagelbosch",159514.6778689182,381092.85092673183
Eindhoven,Bergen,161092.93424526378,382973.84020993323
Eindhoven,Binnenstad,161509.8491267479,383227.1770889629
Eindhoven,Blaarthem,159873.36043504532,381658.5295022663
Eindhoven,Blixembosch-Oost,161217.48274362797,388907.02406132256
Eindhoven,Blixembosch-West,160233.7303873873,388515.4602368082
Eindhoven,Bloemenplein,162030.9910295698,381808.6996653229
Eindhoven,Bokt,162895.2391975093,389124.156071584
Eindhoven,Bosrijk,156972.30094011975,384078.5387005988
Eindhoven,Burghplan,163320.41827049732,382114.35596513876
Eindhoven,Castiliëlaan,160061.11546435973,389230.5027032586
Eindhoven,Doornakkers-Oost,164027.54645863225,383259.0221863199
Eindhoven,Doornakkers-West,163448.329284394,383467.4746574223
Eindhoven,Drents Dorp,159025.14226160359,384210.78832405043
Eindhoven,Driehoeksbos,159334.24674089937,386949.54879443266
Eindhoven,Eckart,162326.15294157082,386982.24144971214
Eindhoven,Eckartdal,163071.22594915258,386152.86518644076
Eindhoven,Eikenburg,161935.65505014738,380499.04162831884
Eindhoven,Eindhoven Airport,155087.37,385403.94707894727
Eindhoven,"Eliasterrein, Vonderkwartier",160451.0315997256,383059.42314873164
Eindhoven,Elzent-Noord,161678.9079509002,382445.5287675943
Eindhoven,Elzent-Zuid,161382.90734640526,381973.3165098039
Eindhoven,Engelsbergen,159789.00592045457,383022.90985511354
Eindhoven,Esp,162325.9658090909,388919.43569090933
Eindhoven,Fellenoord,161115.3389605262,383899.20276052644
Eindhoven,Flight Forum,155817.57165614027,385044.0567859649
Eindhoven,Genderbeemd,158566.9365759896,381480.39173045487
Eindhoven,Genderdal,159518.82928344514,381835.7998466708
Eindhoven,Generalenbuurt,161513.31882332955,385937.90169683885
Eindhoven,Gennep,160821.78515384614,380802.33303846145
Eindhoven,Genneperzijde,161644.14299129366,381178.88996019925
Eindhoven,Gerardusplein,162069.9355714284,381291.55105529993
Eindhoven,Gijzenrooi,163739.8640132871,381211.6521945344
Eindhoven,Gildebuurt,161131.25180055632,384480.79185807024
Eindhoven,Grasrijk,156931.06460972293,383154.1264888493
Eindhoven,Hagenkamp,160057.32882278474,382478.84622531664
Eindhoven,Hanevoet,158746.55006492746,380762.1736997105
Eindhoven,Heesterakker,162705.16175947463,388331.6022738679
Eindhoven,Hemelrijken,160820.08638355532,384417.5946012864
Eindhoven,Herdgang,158055.5703636364,385812.5554545454
Eindhoven,Het Ven,158734.72451293093,383330.65682231804
Eindhoven,Hondsheuvels,162112.60776511024,385275.76030756696
Eindhoven,Hurk,158599.7360468359,382445.5943299581
Eindhoven,Irisbuurt,162197.93412070101,382862.85010772233
Eindhoven,Jagershoef,160607.31833276895,386989.4454579813
Eindhoven,Joriskwartier,162159.98573796038,382034.0833739376
Eindhoven,Kapelbeemd,157412.01788324886,388139.2490862942
Eindhoven,Karpen,163311.44432110098,384839.2744174314
Eindhoven,Kerkdorp Acht,158013.44932782475,387674.5044847904
Eindhoven,Kerstroosplein,162423.054951064,381047.66117978754
Eindhoven,Koudenhoven,163896.40146724888,385071.9530524016
Eindhoven,Kronehoef,160658.59287823818,385151.6899341234
Eindhoven,Kruidenbuurt,162859.51502645094,381119.9528008814
Eindhoven,Lakerlopen,162808.2659146551,383334.6229477823
Eindhoven,Lievendaal,158261.313143378,383746.9131008504
Eindhoven,Limbeek-Noord,160387.0354407814,384442.2977203915
Eindhoven,Limbeek-Zuid,160699.75220715164,383951.11054623907
Eindhoven,Looiakkers,161827.27363326232,381931.7498166312
Eindhoven,Luytelaer,162855.06482476633,386685.9340186916
Eindhoven,Meerbos,157429.4657443595,384018.10391243553
Eindhoven,Meerrijk,156506.99958708425,383729.67475929554
Eindhoven,Mensfort,160477.4966331536,385902.39821065305
Eindhoven,Mispelhoef,156894.7555041322,386947.86013223155
Eindhoven,"Muschberg, Geestenberg",164343.75513717267,383919.108837422
Eindhoven,Nieuwe Erven,162604.51868370626,381554.27195686894
Eindhoven,Ooievaarsnest,158242.76062670315,380567.7712288827
Eindhoven,Oude Gracht-Oost,162558.48508216802,386056.9700716782
Eindhoven,Oude Gracht-West,162088.64918588544,385828.590321361
Eindhoven,Oude Spoorbaan,160534.0196228783,382472.42533357965
Eindhoven,Oude Toren,161567.07108349146,385072.26768975356
Eindhoven,Park Forum,155112.53950000004,383444.6750217391
Eindhoven,Philipsdorp,160258.47169989534,383611.2206691023
Eindhoven,Poeijers,163544.831,382646.02825000003
Eindhoven,Prinsejagt,159947.11147693428,386683.5200131394
Eindhoven,Puttense Dreef,163857.3585209924,381931.55256870243
Eindhoven,Rapelenburg,160451.19199363084,381828.9615063694
Eindhoven,Rapenland,160990.453814492,385763.28419809433
Eindhoven,Riel,164385.68654716984,381678.5485283019
Eindhoven,Rochusbuurt,161983.7152843868,382582.92450371786
Eindhoven,Roosten,162515.771619403,380422.8288656719
Eindhoven,Schoot,159620.93099734458,383855.8946606188
Eindhoven,Schouwbroek,159647.8526221143,383285.71407533396
Eindhoven,Schrijversbuurt,160870.88620417612,382355.93948085944
Eindhoven,Schuttersbosch,163111.22408248138,380720.62689035584
Eindhoven,Sintenbuurt,162922.40762622957,381696.7391857922
Eindhoven,Sportpark Aalsterweg,161446.19692307693,380459.92526923085
Eindhoven,Strijp S,159851.01500367158,384225.1730179515
Eindhoven,TU-terrein,162052.73872653095,384461.51898231264
Eindhoven,Tempel,161466.90227173473,387956.84013829305
Eindhoven,Tivoli,163359.78106618527,381288.57222021656
Eindhoven,Tongelresche Akkers,164428.68366519443,383051.1244249487
Eindhoven,Tuindorp,162385.89359577396,382216.8411867754
Eindhoven,Urkhoven,164913.97486234372,383462.0457918746
Eindhoven,Vaartbroek,162566.91828465136,387764.04507165187
Eindhoven,Villapark,162365.49662640915,383450.3086215781
Eindhoven,Vlokhoven,161655.22123512562,386919.9671527448
Eindhoven,Vredeoord,158937.2377466666,386511.44085333333
Eindhoven,Waterrijk,155814.20293612333,383187.5165814982
Eindhoven,Wielewaal,157528.51534210527,385533.72428947367
Eindhoven,Winkelcentrum,161135.1306287425,386725.76856886194
Eindhoven,Witte Dame,160905.07562492785,383424.28158782615
Eindhoven,Woensel-West,159853.32547725452,385080.8188707106
Eindhoven,Woenselse Heide,160319.2571678351,387843.2974141107
Eindhoven,Woenselse Watermolen,161412.42617491423,384396.0887571913
Eindhoven,Zandrijk,156473.83765414814,384197.6943100434
Eindhoven,Zwaanstraat,159154.63120404727,384651.63213322114
Elburg,'t Harde-Centrum,188543.5377643172,492097.93295007356
Elburg,'t Harde-Oost,189036.85807246398,492067.7733224637
Elburg,'t Harde-West,188140.06666365496,491906.30942469864
Elburg,Achterweg,187243.91649781048,495994.3796152075
Elburg,Doornspijk,184181.07923706886,492303.8003879309
Elburg,Elburg De Vrijheid,186756.24135546185,496208.1954008948
Elburg,Elburg Stad,185344.06414529905,495735.700713675
Elburg,Elburg West en havengebied,185085.79409522962,495567.92855232285
Elburg,Elburg-Oosthoek,186307.8633531544,495658.6508651205
Elburg,Hoge Enk,185552.9678348084,493526.011681416
Elburg,Oostendorp,186965.67032421858,495379.3358093744
Elburg,Verspreide huizen 't Harde Noord-West,187422.31356723735,492071.40727139387
Elburg,Verspreide huizen 't Harde Zuid-Oost,190214.61427011498,490352.1793448276
Elburg,Verspreide huizen Doornspijk-Oost,185627.38407716042,490585.5595108026
Elburg,Verspreide huizen Doornspijk-West,183395.75574683544,492005.258523207
Elburg,Verspreide huizen Elburg-Noord,187447.98958666672,496299.6954199998
Elburg,Verspreide huizen Elburg-Zuid,186734.99497435888,494728.2750256406
Emmen,Achterdiep,261500.94036274508,541486.9117745098
Emmen,Amsterdamscheveld,258457.2455813953,523515.3170348837
Emmen,Angelslo,259086.5367752654,533725.4451354132
Emmen,Barger-Compascuum-Centrum,266805.9829331158,531062.559680261
Emmen,Barger-Erfscheidenveen,254474.32828571426,527802.531877551
Emmen,Barger-Oosterveen,262572.95107633586,525184.8526717557
Emmen,Barger-Oosterveld,261052.19365381758,532718.7879644181
Emmen,Bargeres,256165.201153373,531771.1133420138
Emmen,Bedrijvenpark A37,261518.26395000005,529243.0680500001
Emmen,Beekweg,257473.24813750005,524639.02575
Emmen,Delftlanden,254836.7553131579,530921.1224289475
Emmen,Derde Kruisdiep,260534.38824696356,540974.2513724696
Emmen,Derksweg,261874.88218518518,526016.0413518519
Emmen,Dordsedijk,262884.80628571426,526093.8940952381
Emmen,Eerste Kruisdiep,262939.6556707317,542154.5990565411
Emmen,Emmen over 't spoor,257382.10318891692,534008.6472871538
Emmen,Emmen-Centrum,256750.73658875274,533954.5896089171
Emmen,Emmen-omgeving Oude Roswinkelerweg,257343.83335516378,535546.8063967257
Emmen,Emmer-Compascuum-Centrum,266827.1070420134,537317.0375420133
Emmen,Emmer-Erfscheidenveen,263744.508763062,536760.3755127582
Emmen,Emmerhout,259664.91058280139,534896.5392032779
Emmen,Emmermeer,256581.10446015306,535600.0629237351
Emmen,Emmerschans,259389.34587598423,535793.0767106301
Emmen,Erica-Centrum,259047.06754261354,526266.4655647724
Emmen,Ericasestraat,258671.41664102563,528073.629923077
Emmen,Ermerveen,253207.6,528464.8
Emmen,Foxel,264969.3372397661,535362.9053333333
Emmen,Herenstreek,262464.0207575757,530672.4924242424
Emmen,Hoofdkanaal,268334.9827647059,539011.8631470589
Emmen,Industrieterrein Bargermeer,258706.44684000037,531519.786188718
Emmen,Industrieterrein De Vierslagen,255129.55531531526,523049.4210360362
Emmen,Kamerlingswijk,267007.6669770114,525715.6082988505
Emmen,Klazienaveen-Noord,262888.51316854375,527955.4073334675
Emmen,Klazienaveen-Zuid,263339.01437289786,527194.3601995474
Emmen,Kloostermanswijk,264285.97349494946,526328.3825959596
Emmen,Langs de Vaart,255955.60903157896,526186.0237368421
Emmen,Limietweg,267610.80628571426,530744.3163968254
Emmen,Nieuw-Amsterdam-Centrum,254412.4574796896,525961.0572799033
Emmen,Nieuw-Dordrecht-Centrum,261611.11028119808,530201.3448801998
Emmen,Nieuw-Schoonebeek,263229.7526250001,519092.9767119564
Emmen,Noordbarge,256288.35954393307,532899.7110815899
Emmen,Oostelijk Nieuw-Schoonebeek,265787.19363114756,518474.7689836065
Emmen,Oosterdiep,266567.776679803,535198.4860837436
Emmen,Oosterse Bos en Middendorp,257786.04816666665,520022.4877051283
Emmen,Oranjedorp,260415.2501568628,529096.7056666665
Emmen,Oude Schuttingskanaal,264825.1161086956,540404.1319130434
Emmen,Parc Sandur,257704.34724724808,528368.2623175274
Emmen,Rietlanden,256477.3014079058,529970.5064600243
Emmen,Roswinkel-Centrum,266323.5768941177,540197.033035294
Emmen,Roswinkelerstraat,266091.07302272733,540525.9790681817
Emmen,Scholtenskanaal,263964.8152777778,532360.0802083333
Emmen,Schoonebeek,256188.7881015838,520522.51599945355
Emmen,Siepelveen,261382.80542222224,539808.6870888888
Emmen,Tramwijk,259892.9371914894,539767.1733829788
Emmen,Tuinbouwcentrum Klazienaveen,264385.1217092199,529647.6856312058
Emmen,Vastenow,262334.2849375,529512.6868625
Emmen,Veenoord,253718.21981759847,525827.332329056
Emmen,Verlengde Oosterdiep,266753.40125454543,531364.3881727272
Emmen,Verlengde Vaart,258040.61121052635,525955.1754210526
Emmen,Verspreide huizen Barger-Compascuum,265656.3196071428,530729.5986071429
Emmen,Verspreide huizen Emmen,257386.841502939,534431.3056060249
Emmen,Verspreide huizen Emmer-Compascuum,266642.33864220185,537390.1078440367
Emmen,Verspreide huizen Erica,259725.9599724771,524715.1534954128
Emmen,Verspreide huizen Klazienaveen,262342.6112209302,526079.8137209303
Emmen,Verspreide huizen Nieuw-Amsterdam,255699.43103174603,526070.4476666667
Emmen,Verspreide huizen Nieuw-Dordrecht,261946.63025000002,530575.78325
Emmen,Verspreide huizen Nieuw-Schoonebeek,262116.7818333333,520021.12222222215
Emmen,Verspreide huizen Nieuw-Weerdinge,262566.0247936507,541967.6244285714
Emmen,Verspreide huizen Roswinkel,264817.38109090907,540874.6541931818
Emmen,Verspreide huizen Schoonebeek,256889.06863709676,522179.6186290322
Emmen,Verspreide huizen Veenoord,253105.142875,525888.361
Emmen,Verspreide huizen Weiteveen,262780.50244,521043.74344
Emmen,Verspreide huizen Zwartemeer,266101.27695454546,526969.1835454545
Emmen,Weerdinge,258119.13609266412,538011.9902277993
Emmen,Weerdingerkanaal,264013.61311224493,543454.2470204082
Emmen,Weiteveen,263366.2006954786,521749.0668882974
Emmen,Westelijk Nieuw-Schoonebeek,261410.67084848482,519098.890060606
Emmen,Westelijk en oostelijk Weiteveen,263908.9098181818,521597.01565454545
Emmen,Westenesch,255304.05383783786,534182.9595810812
Emmen,Westerse Bos,254929.08443859647,521029.76928070176
Emmen,Zandpol,254832.28987264156,523991.52175
Emmen,Zuidbarge,257404.02420809257,530524.1955780345
Emmen,Zwartemeer-Centrum,266819.5581013901,527109.6599640228
Enkhuizen,Boerenhoek Molenweg Burgwal,147896.21697141277,524004.55737603037
Enkhuizen,Centrum Vissersbuurt Oosterhaven,148521.51446327663,524063.48599394993
Enkhuizen,Enkhuizen-Noord,147993.2181356783,524977.4965351758
Enkhuizen,Havenbuurt Snouck van Loosenpark,148004.88443437766,523439.6606976707
Enkhuizen,Kadijken,147192.35143203894,525620.3993844666
Enkhuizen,Oosterdijk,146865.84548780482,528335.7066829267
Enkhuizen,Oude Gouw-Gommerwijk,147263.85934236663,524969.673918605
Enkhuizen,Westeinde,146858.9143373493,523004.47579518094
Enschede,'t Weldink,260569.98226666666,471902.93160000007
Enschede,'t Zwering,255263.08781662877,470289.279646925
Enschede,Bentveld-Bultserve,263113.562452395,471093.74384816265
Enschede,Boddenkamp,257470.00644514494,471889.6363165205
Enschede,Boekelerveld,250602.39198717952,468473.23121634487
Enschede,Bolhaar,256929.06659794974,473255.60917995457
Enschede,Boswinkel-De Braker,256752.01670711648,469726.4302914212
Enschede,Buurtschap Broekheurne,255806.38955787092,467234.239305326
Enschede,Buurtschap Lonneker-West,258317.64161899316,475616.9846029745
Enschede,Buurtschap Twekkelo,252716.5523486238,472174.69692660583
Enschede,Buurtschap Usselo,254074.4758825504,469681.8142416105
Enschede,Buurtschap Zuid-Esmarke,261455.3450683761,469786.86089743586
Enschede,City,258062.58150163462,471337.1724616919
Enschede,Cromhoffsbleek-Kotman,257276.95772427987,469677.6127728353
Enschede,De Bothoven,258725.83683568874,471299.14876702934
Enschede,De Laares,258662.7723895342,471989.9109312011
Enschede,De Leuriks,260428.4214878049,470825.9729756099
Enschede,De Slank,261808.70141610724,471832.6984765098
Enschede,Deppenbroek,257888.41397870696,473553.343588457
Enschede,Dolphia,261405.7965509431,471179.0552981126
Enschede,Dorp Boekelo,251503.7847343372,469436.5366899275
Enschede,Dorp Lonneker,259168.03495857323,474705.2609113916
Enschede,Drienerveld-U.T.,255006.65406067044,474066.2807405869
Enschede,Eekmaat,262949.5163853933,470611.5443269649
Enschede,Eekmaat West,261514.80079142118,470689.35661059734
Enschede,Eilermarke,262544.1207420249,470392.921606103
Enschede,Elferink-Heuwkamp,255969.39950866674,470867.87886058725
Enschede,Getfert,257975.98586367187,470569.49606106285
Enschede,Glanerveld,262945.31094999996,471547.1315833336
Enschede,Helmerhoek-Noord,255374.10098824874,468639.70710869646
Enschede,Helmerhoek-Zuid,255361.19805252753,467946.33221076825
Enschede,Hogeland-Noord,258639.74666415516,470698.18200062425
Enschede,Hogeland-Zuid,259265.87942495442,470289.19546292856
Enschede,Horstlanden-Stadsweide,257269.3018779414,470966.0082933807
Enschede,Industrie- en havengebied,254905.87375064567,471694.27324052644
Enschede,Kennispark,254513.62346698128,473174.9338820756
Enschede,Koekoeksbeekhoek,253902.4242142857,472643.7732857144
Enschede,"Lasonder, Zeggelt",257977.8877828995,471906.89973102766
Enschede,Marssteden,252963.66554545454,470593.45348821505
Enschede,Mekkelholt,257760.75560801732,473085.09778668254
Enschede,Noord Esmarke,261605.51034810135,473480.7256962026
Enschede,Oikos,263083.4230426962,469813.5750988753
Enschede,Park Stokhorst,259831.85993456983,472260.02636595204
Enschede,Pathmos,256681.6921574874,470525.142153623
Enschede,Ribbelt-Ribbelerbrink,259290.84774901628,472141.78372834565
Enschede,Roombeek-Roomveldje,257995.27909236465,472554.4945972169
Enschede,Ruwenbos,256096.12227706402,469518.09100733895
Enschede,Schipholt-Glanermaten,263366.58610462403,470456.13225625374
Enschede,Schreurserve,258896.50003921607,472443.5150596098
Enschede,Sleutelkamp,260811.97971949365,471301.2188411957
Enschede,Stadsveld-Noord-Bruggert,255350.07296596232,470697.1344953038
Enschede,Stadsveld-Zuid,255754.97689413838,470095.2015623831
Enschede,Stevenfenne,256213.8772239266,470258.4586977432
Enschede,Stokhorst,259723.3103441857,472984.33856744185
Enschede,Stroinkslanden Noord-Oost,258689.96475611316,468744.8072112763
Enschede,Stroinkslanden Noord-West,258035.24897024262,468315.16704888234
Enschede,Stroinkslanden-Zuid,258528.03580379466,467929.00540639
Enschede,Tubantia-Toekomst,256187.66921122745,471968.1743016975
Enschede,Twekkelerveld,255312.59189172703,472449.83084479294
Enschede,Varvik-Diekman,258588.42748589368,470054.5007444196
Enschede,Veldkamp-Getfert-West,257157.07171889028,470527.60590152023
Enschede,Velve-Lindenhof,259676.61902645067,471508.9637107472
Enschede,Voortman-Amelink,258672.7739266543,473261.3946082286
Enschede,Walhof-Roessingh,257170.96986528073,472372.3096551161
Enschede,Wesselerbrink Noord-Oost,257228.84642169875,468504.15577860153
Enschede,Wesselerbrink Noord-West,256625.993146932,468585.77843344584
Enschede,Wesselerbrink Zuid-Oost,257232.47072909566,467686.8442508822
Enschede,Wesselerbrink Zuid-West,256305.1468341501,467898.4521813716
Enschede,Wooldrik,259849.00408551467,470997.4905008728
Enschede,het Brunink,256701.7055106384,467149.96408510645
Epe,Berkenoord 1,193324.24177749382,477409.065411765
Epe,Berkenoord 2,193529.4033985506,477077.5992427537
Epe,Buitengebied Emst,193943.82447862384,481208.3392248983
Epe,Buitengebied Epe Noord,194191.00039587246,486428.2097842407
Epe,Buitengebied Epe Oost,197405.07778110183,484191.7314608842
Epe,Buitengebied Epe West,193037.161001335,484227.56859612814
Epe,Buitengebied Oene,199880.1741028938,484463.4905852093
Epe,Buitengebied Vaassen,194875.35639591812,477998.27639455773
Epe,Burgerenk,194681.10648120297,484442.84877819585
Epe,Eekterveld,196164.68684117642,479228.8140588236
Epe,Enkweg,195144.07052073278,484120.3808891025
Epe,Epe Centrum,195674.290762072,484665.91190781386
Epe,Epe Noord,195644.6678213783,486117.6600379747
Epe,Gildehoek,195871.15034431138,484296.71900598856
Epe,Heggerenk,195008.1418366164,478568.14608111227
Epe,Hoge Weerd,195717.58591933272,485451.77735883207
Epe,Hogeland,195101.64708740122,484935.96067127254
Epe,Kern Emst,195030.19393760248,481176.80957471277
Epe,Kern Oene,200032.06195965418,484168.9457550433
Epe,Klaarbeek,195254.02703431383,483786.2272720591
Epe,Krugerstraat Noord,194122.23295517234,477936.4468862072
Epe,Krugerstraat Zuid,194061.19731024106,477539.5634442773
Epe,Kweekweg,196464.77138823533,484450.76347451
Epe,Oosterhof,195336.02208470565,477936.0122541178
Epe,Vaassen Centrum,194675.6829869709,477983.766972313
Epe,Vegtelarij,195928.1340268561,483781.08358767757
Epe,Vogelbuurt,194153.48804387992,476997.13924018404
Epe,Vulcanus - de Pirk,194802.8141565995,477444.4839888139
Epe,Woestijnweg,193936.93887985867,477313.77362544206
Ermelo,Buurt Ermelo ten dele bij de kern,171000.4854455141,477939.2403467424
Ermelo,Ermelo,170943.50746714932,478939.11395900475
Ermelo,Ermelo-Oost,171964.17456223632,478810.11887379724
Ermelo,Ermelo-West,169685.4718810014,478631.7535237519
Ermelo,Horst,168227.56233868838,480090.6737405354
Ermelo,Speuld,176895.18011099522,475770.17628062225
Ermelo,Tonsel,171551.45741506192,481393.6280133058
Ermelo,Veldwijk-'s Heerenloo,169542.45316354712,480355.9478074425
Ermelo,Verspreide huizen De Beek,179630.57552083334,474246.282375
Ermelo,Verspreide huizen Houtdorp,176915.71073004408,473051.5775363296
Ermelo,Verspreide huizen Leuvenum,178014.84078947367,478722.21860526304
Ermelo,Verspreide huizen Staverden,178914.34433333334,477467.8664333334
Ermelo,Verspreide huizen Telgt,168546.46385276265,478222.6449195648
Ermelo,Verspreide huizen Zuiderzeeland,168012.35560976886,481251.69210885395
Ermelo,Verspreide huizen bosgebied,173488.43477198403,477845.85672790825
Etten-Leur,Attelaken,104962.23595833335,399802.3353541664
Etten-Leur,Baai 1,103853.87234943188,399643.03123295476
Etten-Leur,Baai 2,103931.03159999999,399312.2798000006
Etten-Leur,Baai 3,103584.0851496063,399215.040619423
Etten-Leur,"Baai 4, Markenland",103386.20533759585,399465.77601023053
Etten-Leur,Banakkers 1,103246.49145533763,397678.63259695005
Etten-Leur,Banakkers 2,103540.55579393951,397828.9089484846
Etten-Leur,Banakkers 3,103726.70104138838,397538.99682643544
Etten-Leur,"Banakkers 4, Achter de Molen",103775.96920300747,397163.2121654134
Etten-Leur,Bedrijventerrein Trivium,104826.463,398276.95774999994
Etten-Leur,Bedrijventerrein Vosdonk,100900.3345666667,397711.0125
Etten-Leur,Bedrijventerrein Vosdonk-Zuid,101744.87241297473,397141.32345727854
Etten-Leur,Bedrijventerrein Vossendaal,101414.33844649178,398467.97140186874
Etten-Leur,Centrum Oost 1,103292.16470109882,398326.51533296687
Etten-Leur,Centrum Oost 2,103147.1136809815,398643.3266441713
Etten-Leur,Centrum Oost 3,103697.78070137816,398829.7054150075
Etten-Leur,Centrum West 1,102643.44847527896,398246.14606539026
Etten-Leur,Centrum West 2,102419.3674692737,398355.04172905016
Etten-Leur,Centrumplan,103061.48501748801,397995.21415421285
Etten-Leur,De Grient,102203.84622167479,398637.3931133007
Etten-Leur,De Keen,103949.59960846188,400326.0961040967
Etten-Leur,Etten-Leur Midden landelijk gebied,105895.76727551015,399165.32430612255
Etten-Leur,Grauwe Polder 1,102743.74991955614,397763.12589181674
Etten-Leur,Grauwe Polder 2,102401.0642857143,397699.9357575756
Etten-Leur,Grauwe Polder 3,102702.92058411235,397360.4521413549
Etten-Leur,Grauwe Polder 4,102762.33727097673,396906.0206808799
Etten-Leur,"Grauwe Polder 5, 't Winhof",103274.68620677962,396963.5092813561
Etten-Leur,Het Hooghuis,104279.51127883405,398788.1952674271
Etten-Leur,Hoge Neerstraat,104192.24232877404,397847.52680027403
Etten-Leur,Landelijk gebied 1 (Noord),101272.85404123714,399014.9010412367
Etten-Leur,Landelijk gebied 1 (Zuid),103361.85341747574,395395.8378834952
Etten-Leur,Landelijk gebied 2 (Noord),101766.70359375002,400406.05588541675
Etten-Leur,Landelijk gebied 2 (Zuid),104585.57351234568,395515.4788765434
Etten-Leur,Landelijk gebied 3 (Noord),103112.10875000001,400646.02627777786
Etten-Leur,Landelijk gebied 3 (Zuid),105190.41320155039,396609.82406201586
Etten-Leur,Landelijk gebied 4 (Noord),104646.63872151899,401956.4636582277
Etten-Leur,Landelijk gebied 4 (Zuid),106344.88574561405,397578.9269035087
Etten-Leur,Noord 1,104529.96946220928,399957.9513779068
Etten-Leur,Noord 2,104208.89146304346,399762.68359130435
Etten-Leur,Noord 3,104249.71062348172,399450.7357935223
Etten-Leur,"Noord 4, Stichting Het Hooghuys",104510.8337596899,399689.9340465116
Etten-Leur,"Sander-Banken 1, Broeders Internaat",102755.87832653061,398815.6128367347
Etten-Leur,"Sander-Banken 2, Klein Sander",102691.0985147059,399125.8494007352
Etten-Leur,"Sander-Banken 3, Groot Sander",103026.06455423283,399796.9759669311
Etten-Leur,"Sander-Banken 4, Lage Banken",103025.54340384621,399121.6896907049
Etten-Leur,Schoenmakershoek,104645.69801783441,400407.818022293
Geertruidenberg,Geertruidenberg-Kom,118603.8750290574,412495.11944543454
Geertruidenberg,Geertruidenberg-Noord,118228.38464285716,413119.390425656
Geertruidenberg,Geertruidenberg-West,117624.8984091846,412734.5693908201
Geertruidenberg,Hooipolder en De Hoeven,119855.59660593049,412728.7771298569
Geertruidenberg,Industrieterrein Dombosch,119617.73862532982,413753.8846912928
Geertruidenberg,Industrieterrein Dongeoever Amerkant,118655.01727730346,413186.79710123513
Geertruidenberg,Raamsdonk,121848.95579361696,411144.5755840426
Geertruidenberg,Raamsdonksveer,119420.22462842411,411860.9682177503
Geertruidenberg,Verspreide huizen Geertruidenberg,117536.06420588233,411945.2236617647
Geertruidenberg,Verspreide huizen Raamsdonk,121501.57342272725,412705.4003272727
Geertruidenberg,Verspreide huizen Raamsdonksveer,118954.01940740741,411056.9592839507
Geldrop-Mierlo,Akert,167073.54100182498,380673.60584671545
Geldrop-Mierlo,Braakhuizen-Noord,167388.20693952593,382446.82372810814
Geldrop-Mierlo,Braakhuizen-Zuid,167828.8214471885,381705.07908512856
Geldrop-Mierlo,Centrum,166928.47788343573,381344.1043301722
Geldrop-Mierlo,Coevering,168057.83701404155,381048.621779886
Geldrop-Mierlo,Eeneind,167559.226,384095.76
Geldrop-Mierlo,Genoenhuis,166090.63242752163,380286.6999378757
Geldrop-Mierlo,Gijzenrooi,165481.36282397006,380555.8472421806
Geldrop-Mierlo,Mierlo,171197.31508707587,383581.7348522232
Geldrop-Mierlo,Skandia,166141.01974645798,382065.67245861306
Geldrop-Mierlo,Verspreide huizen Mierlo,169912.15279034694,383581.78199698386
Geldrop-Mierlo,Zesgehuchten,165897.6614780429,381245.94532559573
Gemert-Bakel,Bakel,179579.96708189455,390436.4616980754
Gemert-Bakel,De Mortel,177370.96970864187,394545.4297333332
Gemert-Bakel,De Rips,184422.13491919226,395792.0935631318
Gemert-Bakel,Doonheide,176311.41550704208,397467.9674084509
Gemert-Bakel,Elsendorp,181484.3146156585,399197.53464768676
Gemert-Bakel,Gemert-Centrum,175649.3065083934,396213.02344244666
Gemert-Bakel,Gemert-Noord,175773.33006971792,397030.7014087284
Gemert-Bakel,Gemert-Oost,176644.4834795368,396250.5928984553
Gemert-Bakel,Handel,177460.1371703469,399078.13793690834
Gemert-Bakel,Industrieterrein Scheiweg,177294.34689156627,397432.1089578313
Gemert-Bakel,Milheeze,182250.90521993686,390439.1541882906
Gemert-Bakel,Verspreide huizen Broekkant,175801.7067133758,395228.8943312102
Gemert-Bakel,Verspreide huizen Elsendorp,181698.68593732695,399042.2019865593
Gemert-Bakel,Verspreide huizen Groote Peel,183944.18216000005,390770.7621920003
Gemert-Bakel,Verspreide huizen Grotelse Heide en Esp,177623.17872267196,391088.6712267205
Gemert-Bakel,Verspreide huizen Heereveld,178698.8322651933,398806.8844419889
Gemert-Bakel,Verspreide huizen Kampen-Esdonk,175473.95604330712,397765.6761259839
Gemert-Bakel,Verspreide huizen Milheeze,182029.23444514113,391057.68501253927
Gemert-Bakel,Verspreide huizen Milschot-Tereyken,176787.96712222218,393987.2159000001
Gemert-Bakel,Verspreide huizen Mortelse Peel,178406.50753591157,395008.67049723765
Gemert-Bakel,Verspreide huizen Rips,185051.55430081295,395188.8271219514
Gemert-Bakel,Verspreide huizen Rooije Hoef,178108.5607173912,397119.9844347824
Gemert-Bakel,Verspreide huizen Verreheide,176751.7849213484,398716.01273033686
Gemert-Bakel,Verspreide huizen ten zuidwesten van Bakel,179248.33393436298,389605.0146370657
Gennep,Aaldonk-Violenberg,196775.22031034486,414426.16851724137
Gennep,Bloemenstraat-Zwarteweg,194271.00949629635,415140.68100740743
Gennep,Diekendaal-Nieuwerf,197267.7532666667,407998.7924933334
Gennep,Heijen,195991.63022460075,409687.106555142
Gennep,Heijensebos,197338.31278276263,409788.47068476985
Gennep,Langehorst-Zelder,198732.14622727272,414109.57170454547
Gennep,Looierheide,197904.61926373627,411550.4198351648
Gennep,Midden,195692.2947745441,412146.8215231829
Gennep,Milsbeek,193735.9140610375,415628.4663652085
Gennep,Noord,195702.70598141264,413100.1314275093
Gennep,Ottersum,196305.8435029412,412987.1381455882
Gennep,Oude Stadskern,195239.8075860465,412654.0182139535
Gennep,Panoven-Maaskemp,195819.86165384616,414234.69676923077
Gennep,Sprokkelveld,193468.00109183672,414728.31708163273
Gennep,Ven-Zelderheide,198876.23119629626,414020.48676296294
Gennep,Zuid,196031.91075805522,411556.1437512717
Gilze en Rijen,Bedrijventerrein Broekakkers,124557.00031125834,395274.5568874173
Gilze en Rijen,Bedrijventerrein Haansberg,123372.38896486493,399061.08839189186
Gilze en Rijen,Gilze,124013.52419358905,395096.52081364
Gilze en Rijen,Hulten,124908.82745555548,398280.3999777778
Gilze en Rijen,Molenschot,120122.83784177218,398407.2618196202
Gilze en Rijen,Rijen,122595.50662850459,400244.0587397344
Gilze en Rijen,Verspreide huizen Gilze,123317.119892985,394637.48111639934
Gilze en Rijen,Verspreide huizen Hulten,124973.43466857146,398848.1882457144
Gilze en Rijen,Verspreide huizen Molenschot,120369.73200055833,397470.2954505152
Gilze en Rijen,Verspreide huizen Rijen,123052.23535061732,398673.77117777773
Goeree-Overflakkee,Achthuizen buitengebied,78352.28987058823,410524.58982941177
Goeree-Overflakkee,Achthuizen woonkern,78466.62387244895,411673.98516326543
Goeree-Overflakkee,Den Bommel buitengebied,77828.6829955711,413466.9226109391
Goeree-Overflakkee,Den Bommel woonkern,78866.6604417178,414658.7693021471
Goeree-Overflakkee,Dirksland buitengebied,65910.52065874822,419394.3495563174
Goeree-Overflakkee,Dirksland centrum,65924.95104320336,418387.9408050578
Goeree-Overflakkee,Dirksland industriegebied,66841.87122680416,418666.01545017184
Goeree-Overflakkee,Dirksland noord,65995.1165637982,418755.38424480695
Goeree-Overflakkee,Dirksland zuid,66270.91113198563,418026.9336349584
Goeree-Overflakkee,Goedereede buitengebied,57734.58291452102,426944.10479731526
Goeree-Overflakkee,Goedereede havenhoofd,59804.47015322581,427809.298016129
Goeree-Overflakkee,Goedereede woonkern,58094.47706713782,426530.3766690223
Goeree-Overflakkee,Herkingen buitengebied,65351.58559375,415113.54182812496
Goeree-Overflakkee,Herkingen buitenplaats,64687.88839384615,414329.17418461543
Goeree-Overflakkee,Herkingen woonkern,65229.24560505832,414330.06211673166
Goeree-Overflakkee,Melissant buitengebied,64058.46591628581,420721.3108423975
Goeree-Overflakkee,Melissant woonkern,64134.3872343934,420928.25654416933
Goeree-Overflakkee,Middelharnis Nieuw Zeeland,72400.71169945353,420886.8467486339
Goeree-Overflakkee,Middelharnis bomenbuurt,70624.41963369242,419031.5249079333
Goeree-Overflakkee,Middelharnis buitengebied,71748.02850619308,419463.6562610801
Goeree-Overflakkee,Middelharnis centrum,70364.17052934667,419564.5158150611
Goeree-Overflakkee,Middelharnis oostplaat,72049.86118151815,420087.8830033003
Goeree-Overflakkee,Middelharnis prinsenkwartier,71120.50252185795,419326.9286967214
Goeree-Overflakkee,Middelharnis westplaat,70380.18785312498,419913.16657395876
Goeree-Overflakkee,Nieuwe-Tonge battenoord,68424.72781769218,413766.145493344
Goeree-Overflakkee,Nieuwe-Tonge buitengebied,70292.04236196318,414987.9081901842
Goeree-Overflakkee,Nieuwe-Tonge woonkern,70630.49341050586,414627.43696108926
Goeree-Overflakkee,Ooltgensplaat buitengebied,81935.16741958041,410764.37699300697
Goeree-Overflakkee,Ooltgensplaat haven,83758.37466156662,410961.4142589027
Goeree-Overflakkee,Ooltgensplaat woonkern,82994.37784677425,410999.85770609305
Goeree-Overflakkee,Ouddorp brouwersdam,49866.36981665023,420291.16272745276
Goeree-Overflakkee,Ouddorp buitengebied,54167.811490775384,425561.5864598322
Goeree-Overflakkee,Ouddorp centrum,55006.38061527584,425588.0711669023
Goeree-Overflakkee,Ouddorp klepperstee klarebeek,52755.00826063586,425949.0370871655
Goeree-Overflakkee,Ouddorp noord,54893.02021111109,426295.75644444406
Goeree-Overflakkee,Ouddorp oude nieuwlandseweg,54136.590265196945,426804.849071094
Goeree-Overflakkee,Ouddorp oudeland,52163.82109616424,424269.56778224284
Goeree-Overflakkee,Ouddorp westeinde,49984.12892424075,424981.3032384497
Goeree-Overflakkee,Ouddorp zuid,55099.52948079043,425122.0251373651
Goeree-Overflakkee,Oude-Tonge buitengebied,73364.201064501,412412.05621790356
Goeree-Overflakkee,Oude-Tonge centrum,74061.57834712641,411950.6192172417
Goeree-Overflakkee,Oude-Tonge haven,73417.6647601626,411138.20271138224
Goeree-Overflakkee,Oude-Tonge industriegebied,74251.75034883722,412441.75620348845
Goeree-Overflakkee,Oude-Tonge planetenbuurt,73508.64000297178,412322.1173551263
Goeree-Overflakkee,Oude-Tonge prinsessenbuurt handelskade,73638.22278941177,411981.14928352926
Goeree-Overflakkee,Sommelsdijk bloemenbuurt,69624.0918071693,419377.0380173055
Goeree-Overflakkee,Sommelsdijk buitengebied,69001.26531972789,419313.3656258505
Goeree-Overflakkee,Sommelsdijk centrum,69695.29384827588,419747.67497517215
Goeree-Overflakkee,Sommelsdijk vogelbuurt oost,69865.67126101322,418924.5424570484
Goeree-Overflakkee,Sommelsdijk vogelbuurt west,69465.77258523725,418862.6868365552
Goeree-Overflakkee,Sommelsdijk westplaat,69671.53111757353,420103.86147526064
Goeree-Overflakkee,Stad aan 't Haringvliet buitengebied,75246.07691797845,416153.6580910734
Goeree-Overflakkee,Stad aan 't Haringvliet woonkern,75775.21836065578,417154.17440238455
Goeree-Overflakkee,Stellendam buitengebied,61384.5662407551,424973.7614879952
Goeree-Overflakkee,Stellendam centrum,61174.60344716692,424722.26073047466
Goeree-Overflakkee,Stellendam haven,62070.3901242236,426576.27777639753
Goeree-Overflakkee,Stellendam west,60960.17710822063,425024.21259833506
Goeree-Overflakkee,Stellendam zuiderdiep,61450.96861707388,425486.4083660354
Goes,'s-Heer-Arendskerke,46402.66578253423,390375.2932311642
Goes,'s-Heer-Hendrikskinderen,49031.46926386239,391446.65865200775
Goes,De Schenge,41772.34711475408,392181.50772131153
Goes,Eindewege,46054.59409722222,391093.563090278
Goes,Goes-Centrum,51011.917155737894,391746.6388192142
Goes,Goes-Noordoost,52084.94101815186,392604.2514570956
Goes,Goes-Noordwest,50333.06321379748,392721.5252078938
Goes,Goes-Oost,51710.34300800681,391607.5601401205
Goes,Goes-West,50466.007934169276,391419.35913114
Goes,Goes-Zuid,51614.73523956274,390516.63714049116
Goes,Goese Meer,52099.104369193185,393534.00146699266
Goes,Industrieterrein De Poel,50413.56289310833,390203.733109705
Goes,Industrieterrein Haven,51464.31612844037,393043.3302293581
Goes,Kattendijke,54848.32808205126,393675.9880564101
Goes,Kloetinge,52654.70971794871,391027.6116956526
Goes,Mannee,52571.03967676766,392818.5517702021
Goes,Oostmolenpark,52407.33941791051,390269.71773812687
Goes,Oud-Sabbinge,45045.820927007255,394942.5700291975
Goes,Overzuid,51578.92878096213,389897.50807164784
Goes,Verspreide huizen Kattendijke,55169.83320930232,392655.25689534884
Goes,Verspreide huizen Wilhelminadorp,53692.109019607866,394196.2488039217
Goes,Verspreide huizen Wolphaartsdijk,45745.9556083189,395609.7724575387
Goes,Verspreide huizen in het Oosten,53787.807499999995,390987.990590909
Goes,Verspreide huizen in het Westen,44552.64948148149,390697.21396296297
Goes,Verspreide huizen in het Zuiden,52065.987272727274,389260.66954545456
Goes,Verspreide huizen ten noorden van 's-Heer-Hendrikskinderen,48400.484265628744,392045.5595173198
Goes,Verspreide huizen ten zuiden van 's-Heer-Hendrikskinderen,47690.019428571424,390319.4172857143
Goes,Wilhelminadorp,51594.435897360665,394377.3851173021
Goes,Wolphaartsdijk,46237.51431866828,394721.29955766944
Goirle,'t Ven,132231.6606767956,393148.9356077348
Goirle,Abcoven,133164.89878779478,392514.2627933425
Goirle,Bedrijventerrein Riel,129144.24659259258,392510.8834444445
Goirle,Bomen,131613.53658547014,392825.4359252136
Goirle,Burgemeesters,132404.475690625,392838.24230625
Goirle,De Boschkens-Oost,133094.6369145079,393920.43048186507
Goirle,De Boschkens-West,131953.79102368423,393831.5874868417
Goirle,De Groote Akkers,133545.86701076548,393263.9005897128
Goirle,De Hoogte,134057.35184210524,393537.8746842106
Goirle,De Leijzoom,133693.69608333334,392935.2089166667
Goirle,De Nieuwe Erven,131218.16223049644,392342.1498297873
Goirle,De Vallei,134131.25333057853,393405.9071652892
Goirle,De Villa,131357.67293103447,392578.39791954024
Goirle,Geestelijken,131965.38979746838,392477.2273670885
Goirle,Goirle-Centrum,132852.7752391304,392558.5730036229
Goirle,Grobbendonck,132996.15338554216,393123.5866493977
Goirle,Herstallen,131807.27814569543,392282.0953791391
Goirle,Hoogeind,132120.74253846155,392659.56136263727
Goirle,Kruiden,131416.7990065502,393307.23039519653
Goirle,Riel-Dorp,129706.77266338578,393002.76201279537
Goirle,Rivieren,131224.35875989444,392918.3133905012
Goirle,Spaansehoek,129227.30787826088,393402.8355391303
Goirle,Sportpark Van den Wildenberg,131523.13739999998,391926.39
Goirle,Tijlvoort-Noort,131976.13391387562,391805.5867799044
Goirle,Tijlvoort-Zuid,131817.01140206403,391238.50601552014
Goirle,Tilburgseweg,132563.27943703704,393797.72591111116
Goirle,Vennen,131758.78476651982,393113.7271409689
Goirle,Verspreide huizen Goirle,132671.0208238993,391326.4764213836
Goirle,Verspreide huizen Riel,128127.87496521742,392018.2487826087
Goirle,Wildackers,132468.0567370618,392237.99251252087
Gooise Meren,Batterijlaan,140341.08844000002,476204.1828945453
Gooise Meren,Bedrijvenpark Gooimeer-Noord,138180.10405681803,479936.7895681819
Gooise Meren,Bedrijvenpark Gooimeer-Zuid,138829.7399319527,479432.1929792899
Gooise Meren,Bijlstraat,140221.7723320683,475819.9553377607
Gooise Meren,Bloemenbuurt,141181.0764542125,476017.76961721596
Gooise Meren,Bos van Bredius-Noord,141693.45035999996,477579.9295300001
Gooise Meren,Bos van Bredius-Zuid,140978.67354347825,477274.6984130436
Gooise Meren,Boslaan,138689.77590960445,476447.0101563093
Gooise Meren,Bredius-Oost,140782.01202876112,476757.78367035446
Gooise Meren,Bredius-West,140380.30644670047,476947.0351269035
Gooise Meren,Brinklaan,139706.3066585368,476227.5619172197
Gooise Meren,Buitendijken Muiderberg,137061.3803193431,481918.0110437957
Gooise Meren,Cereslaan,140021.64131595573,476051.61094470735
Gooise Meren,Componistenkwartier,140485.28318418897,477850.2477767213
Gooise Meren,De Fortlanden,138573.56430975604,477638.6504439021
Gooise Meren,Donderstraat,140740.7945947713,476253.0576862745
Gooise Meren,Fransekamp,138619.99927407404,475018.458725926
Gooise Meren,Godelindebuurt,140926.5643428571,476329.76578571385
Gooise Meren,Hooftlaan,139784.2998971299,477163.24028296664
Gooise Meren,IJmeer,133305.90149999998,486329.3385
Gooise Meren,Koedijk,138780.49198161776,476011.21716911695
Gooise Meren,Kom van Bieghel,139185.1238408488,475678.4243063647
Gooise Meren,Krijgsman,132936.8476604499,482803.5427820126
Gooise Meren,Laarderwegkwartier,139830.85180342995,475659.85444327176
Gooise Meren,Lomanplein,139041.75102158272,476867.8058657074
Gooise Meren,Mariahoeve Muiden,133561.94742209633,482173.66943909373
Gooise Meren,Meijerkamp,139463.77609417035,475620.7579641256
Gooise Meren,Midden Eng-Oost,140654.44576331388,475349.2996887581
Gooise Meren,Midden Eng-West,140346.6074607843,475257.95385013975
Gooise Meren,Ministerpark,138906.89011492295,477282.39441852574
Gooise Meren,Muiderberg,136624.3263063415,481911.8336536582
Gooise Meren,Naarden Vesting,139676.91997047246,478670.33021063
Gooise Meren,Naardermeer,137751.11664348948,478655.1479206167
Gooise Meren,Naardermeerkwartier,138697.59290322586,477994.9404408606
Gooise Meren,Naarderwoonbos,138961.27004591844,480127.5278010205
Gooise Meren,Nijverheidswerf,140324.094805668,475634.6497813768
Gooise Meren,Noordpolder,135198.55566666668,481608.9530833333
Gooise Meren,Ooster Eng-Noord,141484.98442278072,475896.13072972937
Gooise Meren,Ooster Eng-Zuid,141411.52214803072,475476.33942820795
Gooise Meren,Oranje Nassaupark-Noord,139294.7927692307,477934.523984615
Gooise Meren,Oranje Nassaupark-Zuid,139342.98965674257,477541.279015763
Gooise Meren,Pampusweg,131161.54183851293,482344.7990958337
Gooise Meren,Prins Hendrikkwartier,139483.1596589147,477026.63334366865
Gooise Meren,Raadhuisplein,139626.06208771025,476635.0811516445
Gooise Meren,Rembrandtpark,140086.10563224417,477465.2759220242
Gooise Meren,Schimmellaan,139263.85569060768,476453.820116023
Gooise Meren,Spiegelzicht,139334.58663302744,476107.9481269113
Gooise Meren,Sportpark-Zuid,140599.17891666666,475904.88899999997
Gooise Meren,Tuindorp Keverdijk,138614.89759699744,479101.0160785217
Gooise Meren,Valkeveen,140732.18163105176,479697.52805808774
Gooise Meren,Verbindingslaan,140084.91427702698,476394.66259459587
Gooise Meren,Vesting Muiden,133277.07201653428,482529.41550836177
Gooise Meren,Vierhoven,138952.9741482178,478203.49674671615
Gooise Meren,Vondellaan,140055.9495335751,476690.9117695097
Gooise Meren,Waltherlaan,141103.14634980995,476453.0442167302
Gooise Meren,Wester Eng,140094.83870687147,475098.0368202766
Gorinchem,Avelingen Oost,125717.70673366106,427036.5848133992
Gorinchem,Avelingen West,124047.47324285712,427483.34555714275
Gorinchem,Bedrijventerrein Noord,125323.34444444443,429197.27777777775
Gorinchem,Benedenstad,126458.2383861441,426920.18038963026
Gorinchem,Bovenstad,126871.33028942822,426891.97528983315
Gorinchem,Dalem,129008.93084864874,426581.20831081097
Gorinchem,Gildenwijk,125265.94199260572,427676.8538041969
Gorinchem,Haarwijk Oost,126484.4427484978,428178.5995287558
Gorinchem,Haarwijk West,126091.51036592043,428153.96872856334
Gorinchem,Hoog Dalem,129136.25045875699,427354.35761581943
Gorinchem,Laag Dalem I,127945.14825211868,427260.4844131351
Gorinchem,Laag Dalem II,127890.9449523808,427784.22747523757
Gorinchem,Laag Dalem Oost,128437.07455124042,427479.5180053939
Gorinchem,Laag Dalem Zuid,128214.72554117645,426832.00471372565
Gorinchem,Landelijk gebied Noord,126557.36985714284,429428.551
Gorinchem,Landelijk gebied Oost,129991.39983333333,427407.9921666667
Gorinchem,Landelijk gebied West,124574.8746875,429659.41384374996
Gorinchem,Landelijk gebied Zuid,128064.6125,426570.89999999997
Gorinchem,Linge,127209.05476079947,427867.0416674108
Gorinchem,Lingewijk,127006.31086946743,428101.98227306816
Gorinchem,Molenvliet,124217.54833196686,427913.68000529835
Gorinchem,Oost I,128071.0268,428210.7875555557
Gorinchem,Oost II,128973.53906122451,427999.8694081632
Gorinchem,Papland,127371.79969626172,428988.26181775716
Gorinchem,Schelluinsestraat,125696.41214115369,427182.9518937961
Gorinchem,Schotdeuren,126288.91032758619,429011.31877586205
Gorinchem,Stalkaarsen,125509.61181111119,428226.2972450622
Gorinchem,Wijdschild,127367.10262676943,427281.66457657656
Gouda,Achterwillenseweg,109620.01883619041,447864.84042476164
Gouda,Bloemendaalseweg,107711.33555813954,449340.88104651164
Gouda,Bodegraafsestraatweg,109142.33374324323,449538.12158108095
Gouda,Boerhaavekwartier,108033.00196434832,448156.0126902393
Gouda,Componistenbuurt,111119.03695317227,447377.67823715974
Gouda,De Baan e.o.,108718.32273484848,447037.6162255896
Gouda,De Eilanden,106878.59370238092,446174.6830922618
Gouda,De Goudse Hout,110306.07781818182,448138.14336363634
Gouda,De Goudse Poort,106859.98223300981,448601.9659283981
Gouda,De Korte Akkeren Nieuw,107717.53088038633,446430.57734249666
Gouda,De Korte Akkeren Oud,107846.5698800352,446834.56402294704
Gouda,De Mammoet,108700.18835177874,448930.1452535298
Gouda,Gaardenbuurt,107426.06960553631,449023.0604359856
Gouda,Gouwestroom,107095.54096464641,446580.59280808066
Gouda,Grassen- Waterbuurt,108884.03353238544,449440.52157346
Gouda,Groenhovenkwartier,107252.0711542389,449286.2948416748
Gouda,Hoef- en Veldbuurt,108113.28967565799,449392.17764473666
Gouda,Hoevenbuurt,108286.68969281927,449895.07055851066
Gouda,Industrieterrein Hollandsche IJssel,108196.86277941178,446310.678985294
Gouda,Industrieterrein Kromme Gouwe,107641.18804319638,447266.2864248762
Gouda,Kadenbuurt,108948.92821173994,447607.21587561147
Gouda,Kort Haarlem,109213.18098645698,447140.8445585045
Gouda,"Lusten-, Burgen- en Steinenbuurt",108521.37857721526,449623.39396033715
Gouda,Middenwillens,110276.97790422532,447771.0622704225
Gouda,Molenbuurt,110774.14057583055,446970.0708632557
Gouda,Muziekbuurt,110625.9812491582,447476.56720538734
Gouda,Nieuwe Markt e.o.,108602.93322551805,447411.4315717958
Gouda,Nieuwe Park Oost,108003.02595844603,447639.3316549631
Gouda,Nieuwe Park West,106948.61278932726,447862.591034916
Gouda,Oosterwei,110009.72594149508,447344.323365114
Gouda,Oostpolder in Schieland,106571.54646753243,447473.08232467517
Gouda,Ouwe Gouwe,108841.38774148736,448237.0709117455
Gouda,Polderbuurt,111185.47204904728,446829.85711981606
Gouda,Raam e.o.,108329.11735564205,446954.6945889117
Gouda,Ringvaartbocht,107241.83877777778,445971.815
Gouda,Slagenbuurt,109511.9796741693,448406.5946645225
Gouda,Sportbuurt,110432.30499095022,447200.9159487179
Gouda,Statensingel,108477.95434670488,448126.6223553011
Gouda,Stolwijkersluis Oost,109371.84236901664,446525.03638280684
Gouda,Stolwijkersluis West,108754.05410000001,446401.37980000005
Gouda,Tuinenbuurt,106526.81879513887,446435.69992708345
Gouda,Turfmarkt e.o.,108331.33996623506,447242.58362764324
Gouda,Voorwillenseweg,109666.63650837992,447601.933715084
Gouda,Vreewijk,109651.5858923513,447293.3770254963
Gouda,Vrijheidsbuurt,111511.51391562496,446635.41128437535
Gouda,Weidebloemkwartier,107725.49133744855,445905.7840781891
Gouda,Wervenbuurt,108864.72592389643,449973.0704642315
Gouda,Westergouwe,105523.863,446776.9291666667
Gouda,Wethouder Venteweg,109316.12183464578,448340.222062992
Gouda,Windrooskwartier en Heesterbuurt,107658.56264188339,448689.8025154899
Gouda,Zomenbuurt,107830.96891697422,449603.36334501824
Grave,Bikkelkamp,178589.75688559323,418862.2737627119
Grave,Binnenstad,179281.88257882875,419063.5534932434
Grave,Buitengebied Gassel,182009.28788718907,416425.3275757878
Grave,Buitengebied Noord(Rijksw),177649.65060993272,418460.9831901403
Grave,Buitengebied Oost,180466.88769662924,416800.73817977525
Grave,Buitengebied West(in Raam),178706.14789285715,415928.65202380955
Grave,Buitengebied Zuid,178404.56628686682,417345.3444209224
Grave,De Eek (industrieterrein),178651.66666666666,418040.0
Grave,De Stoof,179188.43389635853,418070.7210056022
Grave,Escharen kom,179823.95633432834,417208.6403970149
Grave,Estersveld,179978.32970583776,418124.13453222136
Grave,Gassel kom,182107.62102162163,417003.31298918923
Grave,Mars,178646.83723323615,419355.55543731776
Grave,Nieuw Velp,177657.46565985496,417787.5790231026
Grave,Oud Velp,177846.94315686275,419137.8488431372
Grave,Wisseveld:industrieterrein,178846.13835,419655.85109999997
Grave,Zittert,178544.30268489927,418486.3788912555
Groningen,Badstratenbuurt,233157.37763364782,581239.4843742138
Groningen,Bangeweer,231065.9480153235,580306.5074705039
Groningen,Bedrijventerrein Ten Boer,242930.49719230772,588880.0536923077
Groningen,Beijum-Oost,235999.3134364543,585447.5675492719
Groningen,Beijum-West,235222.9702501647,585217.3847623612
Groningen,Binnenstad-Noord,233603.74487286765,582062.8491680288
Groningen,Binnenstad-Oost,234271.93435708623,582101.2161092048
Groningen,Binnenstad-West,233193.7979286863,581673.0572014012
Groningen,Binnenstad-Zuid,233841.19131814447,581644.9815082538
Groningen,Bloemenbuurt,235007.47093570206,582600.4384562888
Groningen,Bruilweering,231585.48377777784,579210.3356666667
Groningen,Buitengebied Ten Boer-Noord,241626.6638888889,589432.4621111111
Groningen,Buitengebied Ten Boer-Zuid,242457.17448648644,587575.4978378379
Groningen,Buitengebied Ten Post,244735.65687499996,590132.2048749998
Groningen,Coendersborg,235396.67428717957,579571.2476387456
Groningen,Corpus den Hoorn,233148.7858814059,579635.9772701318
Groningen,Damsterbuurt,234992.84599841278,582144.8204841268
Groningen,De Buitenhof,231276.5008300181,579932.2610614828
Groningen,De Held,230250.84246806699,582811.9611084984
Groningen,De Hoogte,233416.63893009324,583644.569326356
Groningen,De Hunze,234536.58450054587,584653.2249753566
Groningen,De Kring,230897.1222746781,580015.667722861
Groningen,De Linie,234929.5240068808,580709.9098623855
Groningen,De Meeuwen,234719.0249891172,581527.7650683033
Groningen,De Wierden,239791.527,582244.7660000001
Groningen,De Wijert,234021.0381094238,579475.9302844333
Groningen,De Wijert-Zuid,234289.7071503912,578801.3476484376
Groningen,Dorkwerd,229055.62530769236,584947.078820513
Groningen,Driebond,236515.74013750014,582147.3382062502
Groningen,Drielanden,237132.38619592876,584702.6001043263
Groningen,Eemskanaal,235665.52292896181,581426.315251366
Groningen,Eemspoort,237031.25409958846,581404.3864505459
Groningen,Engelbert,239056.998078534,581002.3524554974
Groningen,Essen,236152.04927777778,578681.768361111
Groningen,Europapark,235321.21443390806,580550.8976226054
Groningen,Euvelgunne,236598.38803297648,580839.4463479698
Groningen,Florabuurt,235314.4724457687,582885.0394839098
Groningen,Friesestraatweg,231865.0679999999,582500.0115548293
Groningen,Garmerwolde,239548.70469083978,585265.6835534349
Groningen,Glimmen,238088.02653771752,573300.3230677004
Groningen,Gorechtbuurt,234514.80816825732,582664.1225911857
Groningen,Gravenburg,229517.17900141055,583480.8744668545
Groningen,Grunobuurt,233352.5575069553,580557.2172418846
Groningen,Haren,236560.11517961015,576664.7642293556
Groningen,Harenermolen,237889.22054362413,574333.0517449665
Groningen,Harkstede GN,240279.1628222223,581744.0128999999
Groningen,Helpman,234706.18868898303,579733.2400272364
Groningen,Hemmen,236168.26606124797,578051.8100567943
Groningen,Herewegbuurt,234367.6918440796,580804.6478382179
Groningen,Het Witte Lam,234227.75065263166,585066.0417894737
Groningen,Hoendiep,231615.07049028503,581560.3511291876
Groningen,Hoogkerk Dorp,229498.37530645274,581690.7850738497
Groningen,Hoogkerk-Zuid,229683.52022568896,580550.5130268907
Groningen,Hoornse Meer,233178.4190320997,578686.9602923548
Groningen,Hoornse Park,232613.37058666663,578326.7480566666
Groningen,Hortusbuurt-Ebbingekwartier,233446.11283103444,582543.9267934454
Groningen,Hunzeboord,235103.24300000002,584289.255
Groningen,Hunzepark,236046.83490000005,584020.2907
Groningen,Indische buurt,233836.51094574368,583568.1093087936
Groningen,Kardinge,235945.38473333334,584407.6569333334
Groningen,Klein Harkstede,238637.1605625,583389.9298749998
Groningen,Klein Martijn,235794.57869047637,579444.3315612245
Groningen,Koningslaagte,232706.93622222223,585930.9540370371
Groningen,Kop van Oost,234934.00496049368,581826.7972666672
Groningen,Kostverloren,232276.5514293471,581692.1515788451
Groningen,Kranenburg,230966.5327555555,579697.1387333332
Groningen,Laanhuizen,232939.93275797082,580857.7458159414
Groningen,Lageland GN,240724.9734483885,584533.1744921877
Groningen,Leegkerk,228771.56044827588,583517.2394482758
Groningen,Lellens,243161.6122631579,591349.5711842106
Groningen,Lewenborg-Noord,237437.7145803904,584298.8774196106
Groningen,Lewenborg-West,236815.53051322114,583674.7848954324
Groningen,Lewenborg-Zuid,237597.47011794237,583813.8673005011
Groningen,Martini Trade Park,233035.42384615386,580273.7735769231
Groningen,Meeroevers,239394.9559253496,582619.0639330264
Groningen,Middelbert,238463.96244444445,582500.8181111111
Groningen,Noorddijk,237848.86748076923,584745.2396346154
Groningen,Noorderhoogebrug,233914.65590972226,584923.9785138888
Groningen,Noorderplantsoen,232978.50392968484,582134.0199697687
Groningen,Noorderplantsoenbuurt,232940.69680876838,582813.0023528188
Groningen,Noordlaren,240660.73582320433,571199.9948950277
Groningen,Onnen,238896.7069349999,575175.9234999995
Groningen,Oosterhaar,237845.13544045587,576894.7228531825
Groningen,Oosterhoogebrug,236052.6644305905,583051.0267556112
Groningen,Oosterpoort,234543.5241201767,581204.1144425055
Groningen,Oranjebuurt,232535.00202369512,582271.4494660463
Groningen,Paddepoel-Noord,231922.27173629994,583420.8625780789
Groningen,Paddepoel-Zuid,232242.0871448225,582814.0305734435
Groningen,Paterswolde (gedeeltelijk),233989.04362500005,575522.3117083334
Groningen,Peizerweg,232072.96799999996,580787.4988124999
Groningen,Piccardthof,232120.37786111116,578033.8936111116
Groningen,Professorenbuurt,234152.8578961843,583264.0421430274
Groningen,Reitdiep,230826.57056223808,584133.3947798117
Groningen,Rivierenbuurt,233873.53302101174,580738.8271965834
Groningen,Roodehaan,238531.09107692307,579187.2196153847
Groningen,Ruischerbrug,238050.029876652,583596.9845991193
Groningen,Ruischerwaard,237261.04177777772,583262.9510916177
Groningen,Schildersbuurt,232785.45967721174,581784.5211095166
Groningen,Selwerd,232826.65218957036,583740.8081723923
Groningen,Selwerderhof,232613.31327272722,584490.394090909
Groningen,Sint Annen,240187.0991772152,590886.5810000001
Groningen,Stadspark,232587.8107647059,580322.6641764706
Groningen,Stainkoel'n,237230.19024999999,579971.823
Groningen,Stationsgebied,233519.49364808112,581233.0345195472
Groningen,Sterrebosbuurt,234463.73598649036,580317.1633131778
Groningen,Suikerfabriekterrein,231928.26256194708,581144.2247568017
Groningen,Ten Boer Dorp,242270.3716198396,588635.6551702071
Groningen,Ten Post Dorp,244393.54576012483,590964.3036105921
Groningen,Tersluis,239837.8501262245,583586.6535498763
Groningen,Thesinge,239332.76938152613,587657.1472690761
Groningen,Tuinwijk,232784.2949040178,583114.4565558037
Groningen,UMCG,234196.88832,582495.3997600001
Groningen,Ulgersmaborg,235656.1378693182,583631.6798939395
Groningen,Van Starkenborgh,234228.47681230743,584270.1674678667
Groningen,Van Swieten,232595.7343478261,578874.1700652174
Groningen,Verspreide huizen Onner Esch,238605.07867883216,575057.4277883217
Groningen,Verspreide huizen op de Hondsrug,239207.56461538453,572102.7438671326
Groningen,Verspreide huizen ten oosten van de Hondsrug,240535.3640526316,574986.9970526315
Groningen,Verspreide huizen ten westen van Noord-Willemskanaal,234074.7389793746,576809.5704954473
Groningen,Vierverlaten,228378.92895238093,581089.6395238095
Groningen,Villabuurt,235064.21255210644,578920.2689490023
Groningen,Vinkhuizen-Noord,231028.2010246389,583106.50021436
Groningen,Vinkhuizen-Zuid,231250.82933787702,582450.1375584449
Groningen,Vogelbuurt,234706.14052870378,583189.746169077
Groningen,Voorveld,237344.28289473674,575053.6691710532
Groningen,Waterhuizen,237783.47699999998,579290.351
Groningen,Westpark,230340.34043528303,581751.931786371
Groningen,Westpoort,227734.36720000004,580549.6439499998
Groningen,Winneweer,245452.12305263148,592380.3704035088
Groningen,Winschoterdiep,236176.82857233306,580080.2378652034
Groningen,Wittewierum,245700.6813235294,589741.2169117646
Groningen,Woltersum,244686.793,588110.5711520468
Groningen,Woonschepenhaven,235990.8166592341,582360.2254234088
Groningen,Zeeheldenbuurt,232790.7812482124,581294.7243872446
Groningen,Zernike Campus,231457.53683146063,584591.9564044946
Groningen,Zilvermeer,236321.70567441857,584104.1662325581
Groningen,Zuidwending,228348.47327777778,581860.6906944443
Gulpen-Wittem,Beutenaken,188054.6379545454,310500.61036363634
Gulpen-Wittem,Elkenrade,192483.82568888893,316959.2261333332
Gulpen-Wittem,Epen,192069.98882804235,309601.9787936508
Gulpen-Wittem,Eperheide,190640.88096923078,309402.7473230769
Gulpen-Wittem,Etenaken,190065.50233070872,317268.596503937
Gulpen-Wittem,"Euverem, Pesaken, Billinghuizen en Waterop",188803.1398864628,312514.16227074235
Gulpen-Wittem,Eys-Overeys,193979.658934079,315124.56332929805
Gulpen-Wittem,Eyserheide,193413.75831578946,316654.5049210527
Gulpen-Wittem,Gulpen,190472.45146515738,314113.66738778836
Gulpen-Wittem,Heijenrade,189447.0891369863,309605.4571369863
Gulpen-Wittem,Hilleshagen,194553.78989130436,312171.7558260869
Gulpen-Wittem,Ingber-De Hut,188189.3480210527,314289.3016
Gulpen-Wittem,Mechelen,193028.45879745221,311802.91192611476
Gulpen-Wittem,Nijswiller,195190.05502556806,313321.1023977274
Gulpen-Wittem,Partij-Wittem,192547.04882513668,313464.9611557376
Gulpen-Wittem,Reijmerstok,186790.92603124998,312274.98469140637
Gulpen-Wittem,Schilberg-Hoogcruts,187439.0865263158,308828.72299999994
Gulpen-Wittem,Schweiberg-Dal,191817.48742105265,310907.51514035097
Gulpen-Wittem,Slenaken,188316.3014837209,308999.4309674418
Gulpen-Wittem,Stokhem-Beertsenhoven,190009.41965909096,316100.43832954555
Gulpen-Wittem,Trintelen,194519.60281818183,317056.4121060606
Gulpen-Wittem,Verspreide huizen,191533.37946568627,311394.1356715687
Gulpen-Wittem,Wahlwiller,193781.21809405944,313560.3893663365
Gulpen-Wittem,Wijlre,190673.45441365434,316302.94539257
Haaksbergen,Buurse kern,253873.34006896554,462952.30725431035
Haaksbergen,De Els,247956.28282470116,465008.65582868527
Haaksbergen,De Pas,247519.4288848485,464556.8884878789
Haaksbergen,Haaksbergen Kern-1,247875.33218014712,464264.7745009191
Haaksbergen,Haaksbergen Kern-2,248126.89444537807,463814.8537626052
Haaksbergen,Haaksbergen Kern-3,247541.5612947511,463472.00723283977
Haaksbergen,Haaksbergen Kern-4,247062.0703430962,463712.4577970714
Haaksbergen,Haaksbergen Kern-Centrum,247574.79195033116,463807.36844591575
Haaksbergen,Hassinkbrink,247007.17066838706,464994.47343354835
Haaksbergen,Industriegebied Brammelo,245688.21473770493,463469.65039344266
Haaksbergen,Industriegebied West,246490.80003349288,463690.6562200956
Haaksbergen,Leemdijk,248665.1277194245,463851.9817482014
Haaksbergen,Sint Isidorushoeve kern,244929.72156818176,466150.0883863636
Haaksbergen,Veldmaat 1,248495.43062770565,464748.23338672426
Haaksbergen,Veldmaat 2,248177.26824607336,465280.47384293197
Haaksbergen,Verspreide huizen Brammelo,243458.46146067412,463100.7967528091
Haaksbergen,Verspreide huizen Bretelerveld,241805.20961111112,467232.7999814815
Haaksbergen,Verspreide huizen Buurse,253963.88725950778,462686.77297315426
Haaksbergen,Verspreide huizen Langelo (gedeeltelijk) en Honesch,247250.4316285715,462234.42921785725
Haaksbergen,Verspreide huizen Langelo ten noorden van de spoorlijn,245190.6538,463837.58048
Haaksbergen,Verspreide huizen Sint Isidorushoeve,244567.6903616236,466232.1429852401
Haaksbergen,Verspreide huizen Stepelo (gedeeltelijk),246719.8211875,468359.11565625
Haaksbergen,Verspreide huizen Veldmaat ten noorden van de spoorlijn,247677.47476672116,465730.2229249593
Haaksbergen,Verspreide huizen Veldmaat ten zuiden van de spoorlijn,249859.60717460315,465320.13169047615
Haaksbergen,Wolferink 1 en 4,246479.21399134197,464657.5597835498
Haaksbergen,Wolferink 2,246388.92608695652,464263.27826086956
Haaksbergen,Wolferink 3,246193.25482165604,464828.90399787686
Haaksbergen,Wolferink 5,246045.0544811609,464374.2618145246
Haaksbergen,Zienesch,246786.677,464378.2594467312
Haaren,'t Eind,144461.75037558685,400986.3867042256
Haaren,Biezenmortel,140564.04310543122,403843.7445207669
Haaren,Distelberg,143044.9179888888,407687.59429444437
Haaren,Esch,148359.72586340876,402457.5123909776
Haaren,Haaren,143578.39399704448,401470.8723502462
Haaren,Helvoirt,144083.2955375409,404763.3880255715
Haaren,Huize Assisië,141072.31910884354,402912.79146938777
Haaren,Noenes,145718.00778765112,403179.3961783935
Haaren,Verspreide huizen Biezenmortel,140529.56855670104,404121.2582577322
Haaren,Verspreide huizen Brokkenbroek en Laar,142091.25060416665,405085.1729374999
Haaren,Verspreide huizen Esch,148518.71402577317,402909.6382113401
Haaren,"Verspreide huizen Gijzel, Raam en Molenstraat",144113.8693129771,404095.94143511454
Haaren,Verspreide huizen Helvoirtse Heide,142504.02292678552,406780.2747719578
Haaren,Verspreide huizen in het Oosten,144957.5239805825,401429.9008883497
Haaren,Verspreide huizen in het Westen,142956.33234269667,402195.36321910087
Haarlem,Archimedesbuurt,105488.2604240518,485583.1135786664
Haarlem,Architectenbuurt,105725.54800452007,488241.59754915215
Haarlem,Bakenes,104068.72406805288,488555.1877605537
Haarlem,Binnenstad,103751.63612289308,488451.7240813629
Haarlem,Bloemenbuurt,102757.4925698808,488977.13432827796
Haarlem,Boerhaavevaart,105233.04012499997,487011.53788125014
Haarlem,Bomenbuurt-oost,104174.81764484673,490525.6650139272
Haarlem,Bomenbuurt-west,103748.45004291863,490679.9030525744
Haarlem,Bosch en Vaart,102618.36633925128,486800.51705720177
Haarlem,Buitengebied Zuiderpolder,106581.59687125734,488030.3310473783
Haarlem,Burgemeesterskwartier,104513.28000000006,490914.5395052269
Haarlem,Burgwal,104286.40952215226,488235.72874449653
Haarlem,Componistenbuurt,105107.31738225801,487530.4898419348
Haarlem,Cremerbuurt,105364.23973088225,488288.1379367648
Haarlem,De Burgen,104923.7676079767,485058.69899999996
Haarlem,De Eenhoorn,104058.39573482776,485874.5898512279
Haarlem,De Goede Hoop,104653.70140375316,489793.0328617118
Haarlem,De Krim,103472.66313808784,491057.4517223053
Haarlem,Dietsveld,105183.28695325536,491420.24801168614
Haarlem,Ellertsveld,105215.5918938686,485224.1850625028
Haarlem,Erasmusbuurt,105578.40016886209,485238.9818303139
Haarlem,Florapark,103198.6266699673,487292.69890429085
Haarlem,Frans Halsbuurt,103985.60935566039,489577.22218018974
Haarlem,Garenkokerskwartier,103281.82166032826,488943.3525756268
Haarlem,Geleerdenbuurt,105483.95196104815,486692.570154733
Haarlem,Geneesherenbuurt,105439.6790981218,486277.19411760697
Haarlem,Generaalsbuurt,104330.46682288148,489868.50928050873
Haarlem,Geschiedschrijversbuurt,102648.2128554181,487763.7167267447
Haarlem,Haarlemmerhout,103041.47115789475,487096.0354736843
Haarlem,Hasselaersbuurt,103124.49180136986,488717.34463835595
Haarlem,Heiliglanden,103770.47969621404,487976.24064727605
Haarlem,Hekslootpolder,105559.36529999999,492783.3067000001
Haarlem,Hondsbos-Dever,104574.95851312338,485055.9615800526
Haarlem,Karolingenbuurt,104488.5861889799,487394.5620501032
Haarlem,Kleverpark-noord,103389.11206511916,489891.09148647316
Haarlem,Kleverpark-zuid,103480.40910465104,489514.2341503875
Haarlem,Koninginnebuurt,103110.31958035684,487631.0157933316
Haarlem,Kruidenbuurt,104491.89970341903,486735.6975424373
Haarlem,Kruistochtbuurt,104590.54820727067,487741.57642996474
Haarlem,Kunstschildersbuurt,105659.85442659842,487806.98369013856
Haarlem,Kweektuinbuurt,103988.05310920766,490274.2560963597
Haarlem,Landenbuurt,104541.15341888778,486346.0866618479
Haarlem,Leidsebuurt-oost,103049.94515684579,488310.8054982673
Haarlem,Leidsebuurt-west,102814.15266483801,488376.333376382
Haarlem,Medanbuurt,104893.74047536677,491171.0056884163
Haarlem,Meeuwenbuurt,105092.6625833334,491749.89582196967
Haarlem,Molenplas,105146.57299999999,484373.3493333333
Haarlem,Molukkenbuurt,104683.58103956215,490456.36532859463
Haarlem,Muiderkring,104948.15299356908,492477.968135049
Haarlem,Nachtegaalbuurt,105053.59880866423,492059.88114801416
Haarlem,Natuurkundigenbuurt-oost,102336.92860088695,486967.05393569864
Haarlem,Natuurkundigenbuurt-west,102060.26318385692,487032.07664873044
Haarlem,Nelson Mandelabuurt,104310.32754235312,489594.7875044034
Haarlem,Nieuw-Guineabuurt,105114.77367286492,490960.9537673871
Haarlem,Nobelprijsbuurt,105920.80773947311,485624.07401042816
Haarlem,Noorderhout,104539.0809562391,491611.01222758956
Haarlem,Oosterduin,101824.66879325848,487158.6833213485
Haarlem,Oud Spaarndam,106716.20212773609,492043.2866575783
Haarlem,Oude Amsterdamsebuurt,104603.86585528031,488121.73036375496
Haarlem,Patrimoniumbuurt,104523.36776899226,489316.02886046504
Haarlem,Planetenbuurt,104323.01291120813,491059.2150131006
Haarlem,Poelpolder-noord,106019.5,486790.5
Haarlem,Poelpolder-zuid,106451.35322222223,485496.9826666666
Haarlem,Potgieterbuurt,104974.44656625125,488199.5085107586
Haarlem,Professorenbuurt,105867.42797936471,486430.4372301584
Haarlem,Ramplaankwartier,101780.52875144988,488615.8484747309
Haarlem,Reinaldapark,105332.246,487398.8843333333
Haarlem,Ripperdabuurt,103919.67130457747,489828.8365193664
Haarlem,Rivierenbuurt,104768.9688379503,492025.7345581721
Haarlem,Roemer Visscherbuurt,105068.29752847801,492675.3980616247
Haarlem,Romolenpolder-oost,104942.20192224233,486859.6174086802
Haarlem,Romolenpolder-west,103984.71267391306,486889.2306304348
Haarlem,Rozenprieel-noord,104060.72287513783,487763.94709492405
Haarlem,Rozenprieel-zuid,103987.87068837968,487564.7821202883
Haarlem,Saeftinge-Nemelaar,104954.88552063488,484672.35403968295
Haarlem,Schoolenaer,104071.66104883958,486295.87408071157
Haarlem,Schoteroog en Veerpolder,106331.26435359645,489842.98152661795
Haarlem,Schoterveenpolder,103596.64734732274,490395.58371635294
Haarlem,Schotervlieland,104666.40048683572,491253.2439218164
Haarlem,Schrijversbuurt,104606.47361471193,492597.06190979213
Haarlem,Sinnevelt,104103.43960085549,491482.31419779715
Haarlem,Soendabuurt,104582.10228010388,490161.9054209551
Haarlem,Spaarndammerpolder-zuid,105426.95670623655,491065.80572940473
Haarlem,Spijkerboorbuurt,105506.66587070933,485901.1681475992
Haarlem,Sportliedenbuurt,104707.00397687084,488846.96836734726
Haarlem,Stationsbuurt,104013.92008509662,489009.4643913964
Haarlem,Stedenbuurt-oost,104810.85585512577,485893.95856463606
Haarlem,Stedenbuurt-west,104443.1397934926,485876.42630876525
Haarlem,Sterrenbuurt,103922.9343429952,491003.8482367148
Haarlem,Tuinbouwgebied-noord,102002.84246428568,488305.29803571425
Haarlem,Tuinbouwgebied-zuid,101596.26928571427,487878.22314285714
Haarlem,Van Aemstelbuurt,105231.59814371257,492296.4137984028
Haarlem,Van Galenbuurt,102564.84749664427,488503.70970134216
Haarlem,Van Schendelbuurt,104417.5840434784,492225.9931357365
Haarlem,Van Zeggelenbuurt,105226.96411941492,487980.1980804234
Haarlem,Van der Aart sportpark,104834.08980390884,493110.2095022805
Haarlem,Veldzigt,102274.64866743646,489203.20116397244
Haarlem,Verzetsliedenbuurt,104795.55608221014,487265.56624729664
Haarlem,Vijfhoek,103439.94045050115,488180.5960170335
Haarlem,Waarderpolder,105495.72423568126,489634.31487359205
Haarlem,Waddenbuurt,104823.40877574768,485397.5935421587
Haarlem,Welgelegen,103727.66362564363,487366.5207527096
Haarlem,Weltevredenbuurt,104799.1986515291,490706.82797746843
Haarlem,Winkelcentrum Schalkwijk,105111.17391099127,485848.605588025
Haarlem,Zeeheldenbuurt,102322.2632081217,487835.3845604058
Haarlem,Zuid-Schalkwijkerweg,104152.4568791678,484781.04583124624
Haarlem,Zuiderhout,103489.85384033641,486441.98891456623
Haarlem,Zuiderpolder-noord,106189.52799563349,488213.0112054976
Haarlem,Zuiderpolder-zuid,106078.96235841597,487763.0411960411
Haarlemmermeer,Aalsmeerderbrug,111722.06449624232,476423.69525264314
Haarlemmermeer,Abbenes,100532.22074218566,472211.5814525614
Haarlemmermeer,Abbenes Dijk,101189.05251324708,470167.23652646056
Haarlemmermeer,Abbenes Omgeving,101405.64241565316,471496.5164556832
Haarlemmermeer,Badhoevedorp Antoniushoeve,114664.5565668431,482962.71557780245
Haarlemmermeer,Badhoevedorp Bouwlust,113053.18283852997,483766.9580300672
Haarlemmermeer,Badhoevedorp Centrum,113958.73936925524,483697.85681774904
Haarlemmermeer,Badhoevedorp Dijk,113959.7934120172,484066.8839999999
Haarlemmermeer,Badhoevedorp Nieuwe Meer,115721.47936701811,482351.7079403483
Haarlemmermeer,Badhoevedorp Noordoost,114496.0964246575,483363.7022891931
Haarlemmermeer,Badhoevedorp Noordwest,113490.25900430151,484196.4571546301
Haarlemmermeer,Badhoevedorp Omgeving,112576.35387654325,482459.2970987652
Haarlemmermeer,Badhoevedorp Oost,113970.01512469433,483190.9614889974
Haarlemmermeer,Badhoevedorp Schuilhoeve,114162.58959123144,482535.51395944314
Haarlemmermeer,Badhoevedorp West,113517.01178290471,483774.0254296516
Haarlemmermeer,Badhoevedorp Zuid,113522.06715261047,483173.9695281125
Haarlemmermeer,Beinsdorp,100980.44867028137,477859.3340095641
Haarlemmermeer,Beinsdorp Omgeving,101176.74539004087,478745.67131181824
Haarlemmermeer,Boesingheliede,109873.72751412429,485963.0384011299
Haarlemmermeer,Buitenkaag,98477.03421002279,470630.7759007618
Haarlemmermeer,Burgerveen,106824.1998590604,472701.3017181209
Haarlemmermeer,Cruquius,103664.29581678043,483209.5473014928
Haarlemmermeer,Cruquius Cruqiushoeve,104553.81064285715,483228.6625357143
Haarlemmermeer,Cruquius Omgeving,105050.43003636367,482660.7106727271
Haarlemmermeer,Haarlemmerliede,107315.6041962309,489184.9073478322
Haarlemmermeer,Haarlemmerliede Omgeving,107535.66869627954,488494.1969200698
Haarlemmermeer,Halfweg,111869.56048975035,488635.767422484
Haarlemmermeer,Halfweg Omgeving,111237.90619339632,489412.95256603765
Haarlemmermeer,Hoofddorp Beukenhorst Oost,108564.68490551185,478485.3502637794
Haarlemmermeer,Hoofddorp Bornholm Oost,106320.63563000625,480409.11686459015
Haarlemmermeer,Hoofddorp Bornholm West,105903.34580502144,480726.74701976456
Haarlemmermeer,Hoofddorp Buiten,103285.025,479201.77200000006
Haarlemmermeer,Hoofddorp De Hoek,109453.87392233002,478583.48001941736
Haarlemmermeer,Hoofddorp De Landman,107757.12670491805,476951.5197868852
Haarlemmermeer,Hoofddorp De President,106438.12340606062,478039.4343121214
Haarlemmermeer,Hoofddorp Floriande Oost,104096.55875790119,479867.62134228734
Haarlemmermeer,Hoofddorp Floriande West,104085.89006697785,480998.88783099665
Haarlemmermeer,Hoofddorp Graan voor Visch,107342.49049812734,478933.67383520637
Haarlemmermeer,Hoofddorp Graan voor Visch Zuid,106804.51895866817,478622.9007634902
Haarlemmermeer,Hoofddorp Noord,107499.65651840351,480597.99153395544
Haarlemmermeer,Hoofddorp Omgeving,108269.46458712478,481678.741830893
Haarlemmermeer,Hoofddorp Oost,108340.16240476482,479780.13240746077
Haarlemmermeer,Hoofddorp Overbos Noord,105492.61376386888,481273.3145075806
Haarlemmermeer,Hoofddorp Overbos Zuid,104955.59476317448,480812.4520142131
Haarlemmermeer,Hoofddorp Pax Oost,106792.87869056257,479596.1671578952
Haarlemmermeer,Hoofddorp Pax West,106493.99257444446,479921.877300027
Haarlemmermeer,Hoofddorp Toolenburg Oost,106036.42077134919,478953.24666139
Haarlemmermeer,Hoofddorp Toolenburg West,105370.19798514724,479691.9765720982
Haarlemmermeer,Hoofddorp Toolenburg Zuid,105370.859387907,478411.8664111624
Haarlemmermeer,Hoofddorp Vrijschot Noord,106536.04611834318,481484.32811834314
Haarlemmermeer,Hoofddorp West,107296.07757312924,479969.4911768704
Haarlemmermeer,Hoofddorp Zuid,107755.92242909166,479426.3575699839
Haarlemmermeer,Leimuiderbrug,106072.284154035,471805.3751094259
Haarlemmermeer,Lijnden,112154.38386214139,485219.87060110946
Haarlemmermeer,Lijnden Omgeving,112075.32250084312,485087.9795345699
Haarlemmermeer,Lisserbroek,99437.49415493076,474524.9063623549
Haarlemmermeer,Lisserbroek Omgeving,99617.37216217273,474761.94353238464
Haarlemmermeer,Nieuw-Vennep 't Kabel,104860.9116438356,474191.00775342464
Haarlemmermeer,Nieuw-Vennep Getsewoud Noord,102796.94132287812,476841.9022188193
Haarlemmermeer,Nieuw-Vennep Getsewoud Zuid,102072.00434869603,475999.9888975145
Haarlemmermeer,Nieuw-Vennep Linquenda,102608.37228772137,475150.05143066536
Haarlemmermeer,Nieuw-Vennep Omgeving,103633.32025025142,475628.99644927896
Haarlemmermeer,Nieuw-Vennep Oost,104238.84286695278,475519.8949098712
Haarlemmermeer,Nieuw-Vennep Welgelegen,103452.10845882737,475919.79603411554
Haarlemmermeer,Nieuw-Vennep Welgelegen Noord,103779.42851746411,476334.8199383322
Haarlemmermeer,Nieuw-Vennep West,103041.4149367263,475550.0019938098
Haarlemmermeer,Nieuw-Vennep Wilhelminahoeve,103284.83681504703,474356.90248275886
Haarlemmermeer,Nieuw-Vennep Zuid,103674.90649499197,475001.4518250821
Haarlemmermeer,Oude Meer,113785.45095633926,477848.6813561553
Haarlemmermeer,Penningsveer,106627.52160314897,489592.1876164231
Haarlemmermeer,Rijsenhout Dijk,109360.94946946563,474749.76991984714
Haarlemmermeer,Rijsenhout Dorp,109130.7230416107,474983.10489798646
Haarlemmermeer,Rijsenhout Omgeving,108853.86666584102,474858.9071721052
Haarlemmermeer,Rijsenhout Zuid,108525.56220804197,474651.7290472031
Haarlemmermeer,Rozenburg Noord,110604.7451764706,477458.87735294126
Haarlemmermeer,Rozenburg Omgeving,110364.69900000007,476823.87841269857
Haarlemmermeer,Schiphol,113061.43992641893,479788.7280480956
Haarlemmermeer,Schiphol-Rijk,111842.32052867387,477020.8082132622
Haarlemmermeer,Spaarndam,107367.22736388099,491888.6621342433
Haarlemmermeer,Spaarndam Omgeving,107989.61879054029,491584.97207250644
Haarlemmermeer,Spaarnwoude,107785.75041304347,490511.0644130435
Haarlemmermeer,Vijfhuizen,106804.10508730933,485042.6924849485
Haarlemmermeer,Vijfhuizen Omgeving,107574.33266738451,486346.74069453037
Haarlemmermeer,Vijfhuizen Stellinghof,106633.48910055096,484503.6460013774
Haarlemmermeer,Vijhuizen Nieuwebrug,106899.80357991777,487583.6128017154
Haarlemmermeer,Weteringbrug,104276.8449002005,470691.7544410438
Haarlemmermeer,Zwaanshoek,102470.28991263673,480849.2692841454
Haarlemmermeer,Zwaanshoek Omgeving,103085.80818569224,481202.19018978346
Haarlemmermeer,Zwanenburg Dijk,111109.50074721807,488387.1010235836
Haarlemmermeer,Zwanenburg Noordoost,111684.93589503816,487999.97831488575
Haarlemmermeer,Zwanenburg Noordwest,111368.31883895125,488272.1413295883
Haarlemmermeer,Zwanenburg Omgeving,110711.03604445163,487017.3797104195
Haarlemmermeer,Zwanenburg Oost,111815.22951282043,487554.57006227085
Haarlemmermeer,Zwanenburg West,110387.65051739625,488300.80377777806
Haarlemmermeer,Zwanenburg Zuidoost,111464.103,487671.9657308638
Haarlemmermeer,Zwanenburg Zuidwest,111049.68779226072,488146.8028452137
Halderberge,Achter 't Hof,98053.34081999995,398854.1054685711
Halderberge,Albano,95751.9321206314,399750.7109368658
Halderberge,Bosschenhoofd,96373.9569265144,397297.3850178743
Halderberge,Hoeven,99193.99181503823,399288.0802833464
Halderberge,Kruisstraat,98061.303539823,400373.4128761061
Halderberge,Oud Gastel,90607.35851853588,400344.3549522558
Halderberge,Oudenbosch-Centrum,95419.4198955735,400602.05714510276
Halderberge,Pagnevaart,96502.21169491527,400183.5853659026
Halderberge,Spui,94979.27655193486,400340.43910386995
Halderberge,Stampersgat,89531.92587407414,403123.1430925926
Halderberge,Stoof,91658.74388593162,401206.05621672986
Halderberge,Velletri,96784.3302207152,400694.53665351385
Halderberge,Verspreide huizen Bosschenhoofd,96677.57530612251,397384.03753571445
Halderberge,Verspreide huizen Kuivezand en omgeving,93578.83126045967,399906.3015625784
Halderberge,Verspreide huizen Oud Gastel,91269.79739487178,398936.6089358974
Halderberge,Verspreide huizen Stampersgat,88906.71573913044,401716.2072608696
Halderberge,Verspreide huizen ten noorden van Hoeven,98419.7201323529,401970.4642352938
Halderberge,Verspreide huizen ten noorden van Oudenbosch,95784.03112080536,401780.6968590605
Halderberge,Verspreide huizen ten zuiden van Hoeven,99064.3715558035,398237.4656651788
Halderberge,Verspreide huizen ten zuiden van Oudenbosch,96208.48965063508,399172.4097735738
Hardenberg,Ane Dorp,240494.04655319147,514855.1964680851
Hardenberg,Baalder,239852.85867042898,511319.11622046627
Hardenberg,Baalderveld,240217.54321810688,510669.51267146756
Hardenberg,Balkbrug-Benedenvaart,220677.87252991452,512541.68044444436
Hardenberg,Balkbrug-Noord,222884.22258945706,513248.8901150162
Hardenberg,Balkbrug-Zuidoost,223316.1511956521,512787.0528043481
Hardenberg,Balkbrug-Zuidwest,222513.3084337661,512773.36890649353
Hardenberg,Bergentheim Kern,238315.8004617799,504937.80502440623
Hardenberg,Brucht,238604.53367460327,507398.6498968256
Hardenberg,Bruchterveld Kern,241456.79429069776,505597.65781395347
Hardenberg,Centrum Saneringsgebied,238534.15985141162,510491.030106241
Hardenberg,Collendoorn,236813.9827416667,512507.90039722226
Hardenberg,De Belt,232835.0727777778,517297.1159166667
Hardenberg,De Krim,236621.48743750004,517925.9351458331
Hardenberg,De Krim-Streekdorp,238813.6192727273,518962.2865519485
Hardenberg,De Krim-Zuid,238381.91737802196,518579.8979714287
Hardenberg,Dedemsvaart-Noord,227668.93808160783,513380.959886317
Hardenberg,Dedemsvaart-Zuidoost,228104.85310942106,512702.8385650194
Hardenberg,Dedemsvaart-Zuidwest,227264.43272236336,512486.5304516103
Hardenberg,Diffelen,234292.25056717903,505131.6699457869
Hardenberg,Gramsbergen Kern,242237.84041256036,514388.82898164244
Hardenberg,Gramsbergen Uitbreidingsplan,241723.11739688384,513712.0771681963
Hardenberg,Heemse-Oost Heemsermars,237806.62669606545,510375.39842062374
Hardenberg,Heemse-West Heemserbos,237137.18900371995,509685.54923407873
Hardenberg,Heemserveen,235432.9557672889,511053.89664065384
Hardenberg,Hoogenweg,241264.73104973815,509632.6705654449
Hardenberg,Industriegebied,239400.47876657042,508952.63304322754
Hardenberg,Industriegebied Rollepaal,229291.95394883724,513360.8815674417
Hardenberg,Kloosterhaar Kern,242031.16259916517,501769.9735699368
Hardenberg,Lutten Kern,235450.7543735956,514517.5789382022
Hardenberg,Marienberg Kern,235656.9977234396,503319.27450903476
Hardenberg,Marslanden,237503.04712693475,510987.1320699694
Hardenberg,Norden en Hazenbos,237666.48230841148,509249.50445794355
Hardenberg,Overig Stad Hardenberg,238837.9645422123,510363.9554781659
Hardenberg,Radewijk,244865.53881224486,510200.34298367373
Hardenberg,Rheeze,235707.6225776575,507295.84441389464
Hardenberg,Rheezerend,230687.26411274492,514048.9507205882
Hardenberg,Rheezerveen,233060.6537481901,510292.2920328512
Hardenberg,Schuinesloot Kern,233839.87317972368,518049.2036543778
Hardenberg,Sibculo Kern,239956.31094822008,500171.15446601936
Hardenberg,Slagharen Kern,233986.80525873194,516281.02278398105
Hardenberg,Venebrugge,242361.88855263154,508678.54176315793
Hardenberg,Verspreide huizen Ane,239772.68429878037,514691.1979695123
Hardenberg,Verspreide huizen Anerveen,240681.1474920635,516649.9890476191
Hardenberg,Verspreide huizen Anevelde,240491.0055,513006.9843124999
Hardenberg,Verspreide huizen Bergentheimerveen,239272.15511203307,504514.475120332
Hardenberg,Verspreide huizen Bruchterveld,241553.0356961539,506037.51701153826
Hardenberg,Verspreide huizen Colenbranderbos,231229.89814285713,512866.8057142857
Hardenberg,Verspreide huizen De Kolonie,224730.60896131245,511351.6536245136
Hardenberg,Verspreide huizen De Krim,240304.066892473,519073.064064516
Hardenberg,Verspreide huizen Dedemsvaart,229008.40230722897,511211.1733674697
Hardenberg,Verspreide huizen Den Velde,243814.20833319827,512778.88158703636
Hardenberg,Verspreide huizen Holtheme-De Haandrik,244305.6384415584,514688.208987013
Hardenberg,Verspreide huizen Holthone,242678.00356818174,517638.95979545446
Hardenberg,Verspreide huizen Kloosterhaar,243012.70474825165,503047.1899230765
Hardenberg,Verspreide huizen Loozen,242107.10748113203,512004.049283019
Hardenberg,Verspreide huizen Lutten-Oost,236492.6826153846,514371.16151923087
Hardenberg,Verspreide huizen Lutten-West,233879.22714285718,514167.93388359784
Hardenberg,Verspreide huizen Marienberg,236103.72402449176,502971.4339683691
Hardenberg,Verspreide huizen Nieuwlande,237463.6674814815,520802.92040740734
Hardenberg,Verspreide huizen Ommerkanaal,226135.96039795922,512255.74644387787
Hardenberg,Verspreide huizen Oud-Bergentheim,237191.9331675128,504914.98245685274
Hardenberg,Verspreide huizen Oud-Lutten,237028.52857565143,515783.71547925944
Hardenberg,Verspreide huizen Reestgebied,227944.30495454554,514472.45051136357
Hardenberg,Verspreide huizen Reestgebied (ged.),222894.1834840427,515380.5664574469
Hardenberg,Verspreide huizen Schuinesloot,234120.33746951225,518649.4793536585
Hardenberg,Verspreide huizen Sibculo,239659.15584473684,499808.827818421
Hardenberg,Verspreide huizen Slagharen-Oost,234952.52709504133,515852.1673657024
Hardenberg,Verspreide huizen Slagharen-West,232550.878439759,516618.299813253
Hardenberg,Verspreide huizen Westerhuizingerveld,220146.84405470622,514379.97600100364
Harderwijk,Bedrijventerrein De Sypel,171512.40051219513,483230.72642926814
Harderwijk,Binnenstad-Noord,170855.78440226708,484801.29225882184
Harderwijk,Binnenstad-Zuid,170646.60168550385,484573.32387837826
Harderwijk,Broekland,172431.77273757447,484963.1227137174
Harderwijk,De Akker,172658.71229419555,484608.3389836137
Harderwijk,De Burcht,168937.1095789474,482299.7624736841
Harderwijk,De Eilanden,170900.54074844075,485510.3165758838
Harderwijk,De Gronden,168729.01780678853,481842.0366422977
Harderwijk,De Kades,171314.9,485323.599
Harderwijk,De Knar,170661.98133333333,485743.6703333333
Harderwijk,De Wittenhagen-Noord,172113.59162694888,483500.6830768371
Harderwijk,De Wittenhagen-Zuid,172277.06229858656,483268.7294982335
Harderwijk,Drielanden-Centrum,169555.19937656246,481978.54391093785
Harderwijk,Drift,170243.94908280263,483320.00146496826
Harderwijk,Friesegracht-Noord,171121.21219873146,484402.6292177589
Harderwijk,Friesegracht-Zuid,171025.86807202225,484116.6122437674
Harderwijk,Groerne Zoom,169744.49464285717,481535.23960714275
Harderwijk,Hanzewaard,170236.06185813143,483912.8368477511
Harderwijk,Harderhout I,169236.8005657277,481825.3397112673
Harderwijk,Harderhout II,169771.75803999984,481650.5753096771
Harderwijk,Harderwijkerbos,172727.79946153844,482680.51528205123
Harderwijk,Hierden De Biest,175898.16652439034,484915.1991646337
Harderwijk,Hierden De Duinen,175156.98894010414,484216.34523958334
Harderwijk,Hierden Glindweg,173113.93281395352,485195.3182674419
Harderwijk,Hierden Mheenlanden,175368.41013636367,485974.2660681819
Harderwijk,Hierden de Enk,174055.1165445026,484810.2764293192
Harderwijk,Hierden-Dorp,174878.007087805,485597.9549252034
Harderwijk,Kranenburg,171182.27334594593,483149.0887162161
Harderwijk,Kruithuis,170570.32844755266,484053.62071153824
Harderwijk,Lorentz I,172047.88788086726,485552.4542398288
Harderwijk,Lorentz II,172763.72440191387,486149.4236794257
Harderwijk,Lorentz III,173532.22426470584,485754.2467352942
Harderwijk,Muziekland I,169896.92872744016,482346.1634677713
Harderwijk,Muziekland II,169343.04514176262,482431.9415632184
Harderwijk,Muziekland III,169146.63777615564,482193.2094014593
Harderwijk,Muziekland IV,170023.51051734365,482040.4643116569
Harderwijk,Overveld,173150.80281666663,484016.26261666673
Harderwijk,Scheepswaard,170004.6493606238,483590.5764463938
Harderwijk,Slingerbos-Noord,170690.3306083551,483094.7889399476
Harderwijk,Slingerbos-Zuid,170469.97015357157,482829.86171071423
Harderwijk,Sonnevanck,173609.96595081963,481627.852819672
Harderwijk,Stadsdennen-Midden,171918.84414902265,484106.3366677528
Harderwijk,Stadsdennen-Noord,171741.165325704,484407.61297975335
Harderwijk,Stadsdennen-Oost,172217.0917274154,483984.97835315415
Harderwijk,Stadsdennen-Zuidwest,171910.69895238083,483754.51423626376
Harderwijk,Stadswerven,171176.04768909587,484913.76705817867
Harderwijk,Stedenwaard,169731.00482199984,483225.3862880001
Harderwijk,Strokel,171711.1066059908,482269.7360668202
Harderwijk,Stromenwaard,170338.25857209292,483640.6405953485
Harderwijk,Sypel-Oost,171231.12112295083,483980.445262295
Harderwijk,Sypel-West,171147.71353054422,483548.1697124411
Harderwijk,Tinnegieter,171710.46468397288,483049.23120320676
Harderwijk,Tonsel,170489.45434285712,482098.50394285703
Harderwijk,Veldkamp,171211.18524416527,482709.14733213687
Harderwijk,Vogelwaard,169513.30371063837,482944.10249574424
Harderwijk,Walstein,172773.01053271015,484086.14190654183
Harderwijk,Weiburg,170691.92000115197,483449.2262281993
Harderwijk,Weidewaard,170087.60055331525,482967.4300565874
Harderwijk,Weisteeg,170600.15957894735,482356.97926315793
Harderwijk,Zeebuurt-Oost,171575.74492939474,484861.38384582126
Harderwijk,Zeebuurt-west,171221.4197170215,484664.93267234025
Harderwijk,nachthok,170507.12094736836,483303.6071052632
Hardinxveld-Giessendam,Boven-Hardinxveld,120318.4446751988,426325.4211189996
Hardinxveld-Giessendam,De Peulen,116283.95934044331,426266.9205582401
Hardinxveld-Giessendam,Giessendam,116306.58746816385,426800.67935142986
Hardinxveld-Giessendam,Neder-Hardinxveld,117495.09600301032,426528.13301727315
Harlingen,Binnenstad,157094.74605139781,576394.7419860199
Harlingen,De Spiker en het industrieterrein Hermes,157820.41902325262,576759.0881097686
Harlingen,Industriehaven en omgeving,157707.39785714287,578091.232
Harlingen,Koningsbuurt,158947.84715646267,576269.1946213155
Harlingen,Midlum,159068.9848714859,577306.0875823294
Harlingen,Oosterpark,158381.1102217484,575404.6330234547
Harlingen,Plan-Zuid,157441.34547404476,575613.9485056639
Harlingen,Trebolbuurt,157681.78627251185,576233.9286374408
Harlingen,Verspreide huizen Harlingen,160115.9004067797,575117.9494745762
Harlingen,Verspreide huizen Midlum,159165.13329545455,577016.5568749998
Harlingen,Verspreide huizen Wijnaldum,159535.51498765431,579000.3914320987
Harlingen,Wijnaldum,159883.11604907975,578790.7569570554
Hattem,Binnenstad,201338.3899297596,498763.21099999995
Hattem,De Hilst,200184.00352416397,499270.6900263039
Hattem,Hogenkamp en omgeving,200548.77186446905,498394.22271550744
Hattem,Ten oosten van Apeldoornseweg,201565.19573525738,497787.1090326228
Hattem,Verspreide huizen Gelderse Dijk en omgeving,199509.36345000003,500540.017185
Hattem,Verspreide huizen Hoenwaard,202693.9835380479,497951.6318698258
Hattem,Verspreide huizen Koeweg en Molecaten,199779.51971428568,498748.8962527474
Hattem,Verspreide huizen bosgebied,199537.8755616439,496685.602150685
Hattem,Villapark,200814.39377974678,496963.66772405076
Hattem,Zandkamp en omgeving,200837.99868846659,498956.6358038064
Heemskerk,Beijerlust,106575.67225848073,502004.5978436884
Heemskerk,Beijnesbuurt,106060.31659037902,502402.2046166178
Heemskerk,Breedweer,107404.05249498322,503865.58314381255
Heemskerk,Business park Ijmond,102718.18514285712,501807.7368571428
Heemskerk,Centrum,106410.87027293918,502888.4530552094
Heemskerk,Commandeurs,105421.87223735954,502774.0002284182
Heemskerk,De Citadel,107735.9511821334,500913.0164371182
Heemskerk,De Die,107538.05367233732,503052.6460838774
Heemskerk,De Houtwegen,105141.64341935489,502171.6067990076
Heemskerk,De Maer,107185.5567797298,503575.28362027067
Heemskerk,De Trompet,108294.57426881704,502260.37582258077
Heemskerk,De Wadden,108062.68153679572,501560.71072735696
Heemskerk,Duingebied,103633.38353126337,503859.62358347944
Heemskerk,Eikenhof,105220.918,503528.742
Heemskerk,Harteheem,107139.7195473168,501761.2589484637
Heemskerk,Heemskerkerduin,104444.4001506172,502681.78022716055
Heemskerk,Hoogdorp,106500.73076206144,501639.00247697387
Heemskerk,Landelijk gebied,108661.06722222223,501457.243
Heemskerk,Landgoed Marquette,106048.065,503740.2245
Heemskerk,Neksloot,106828.97858510618,503340.54152245907
Heemskerk,Noorddorp,105297.7607209302,504066.3225697676
Heemskerk,Onderwijzersbuurt,105886.91398425186,502710.7903228346
Heemskerk,Oosterwijk,106894.50661138077,501078.44587508886
Heemskerk,Oosterzij,106480.95717543847,503255.0352311661
Heemskerk,Oud Haarlem,107591.57621590914,502333.37248863647
Heemskerk,Poelenburg,106888.15586327684,502862.93704067817
Heemskerk,Rendorppark,106887.84386419754,503967.1980370372
Heemskerk,Slotherenbuurt,107123.30921386133,502454.37212574354
Heemskerk,Steenstrapark,106516.59925490197,503595.198045752
Heemskerk,Tolhek,107912.83133333334,502515.43944444443
Heemskerk,Verzetstrijdersbuurt,106343.22978472029,502168.03633732523
Heemskerk,Villabuurt,105955.05774074071,503029.99209876545
Heemskerk,Waterakkers,105732.24717338587,502026.9011346587
Heemskerk,Westertuinen,105262.61505263162,501515.08619078953
Heemskerk,Zaalbergkwartier,106457.20828571433,502543.4205389609
Heemskerk,Zuidbroek,107179.53026785755,501368.61931455776
Heemstede,Centrum,102774.47366681653,485195.5456861506
Heemstede,De Glip,101828.45544194464,482662.52895188885
Heemstede,Dichters- en Vogelbuurt,101770.62089917694,486148.4341851852
Heemstede,Geleerdenbuurt,101932.06323121385,485169.6266242771
Heemstede,Glipper Dreef en Staatsliedenbuurt,102227.39472759861,482872.88917921134
Heemstede,"Heemsteedse Dreef, Schildersbuurt en omgeving",103172.46064383564,485565.1632641887
Heemstede,Kennemerduin en omgeving,102473.18841450055,485278.93112722336
Heemstede,Manpad en Hartekamp,100923.20968303566,482943.93395089306
Heemstede,"Oude Dorp, Indische buurt en omgeving",103091.51505873828,483908.76534298685
Heemstede,Provincienbuurt,102576.38030530179,484871.1926508225
Heemstede,Rivierenbuurt,101582.23188700568,484239.5192248586
Heemstede,Schouwbroekerpolder,103538.02228763784,485323.94110281486
Heemstede,Van Merlenbuurt en Valkenburgerplein en omgeving,102543.71712179488,484215.6908846156
Heemstede,Zandvoortselaan en Berkenrode en omgeving,102193.88067243031,485982.7342564844
Heerde,Heerde,199326.98522668524,489150.24634833756
Heerde,Hoorn,201059.02651063833,490677.6039574468
Heerde,Veessen,202826.87203669726,487939.5873715596
Heerde,Verspreide huizen Heerde-Noord en Hoorn,199316.20213076932,490286.8704784615
Heerde,Verspreide huizen Heerde-Zuid,198572.0130657895,487884.2073333333
Heerde,Verspreide huizen Lage Land,201673.37998492463,490011.4200100502
Heerde,Verspreide huizen Veessen,203450.769375,488265.92884375
Heerde,Verspreide huizen Vorchten,204246.17208771931,490006.23045614036
Heerde,Verspreide huizen Wapenveld-Noord,201510.42202953587,495204.05912236276
Heerde,Verspreide huizen Wapenveld-Zuid,201619.82087464642,492750.65855575143
Heerde,Verspreide huizen bosgebied,199667.05929870132,492774.4029999999
Heerde,Vorchten,203982.85360714287,490324.31146428577
Heerde,Wapenveld,201685.67944735437,493708.5804345269
Heerenveen,Akkrum,185212.51289246127,562694.2394817391
Heerenveen,Aldeboarn,189015.44732206754,562594.6162238263
Heerenveen,Bontebok,198458.4897142857,552909.7709489797
Heerenveen,Centrum,191150.46093729738,552614.8882218937
Heerenveen,De Akkers,192211.57284689014,550825.2598193783
Heerenveen,De Greiden,190521.41924863792,551733.2323719525
Heerenveen,De Heide,191541.6204441041,550394.6794012247
Heerenveen,De Knipe,194574.92305685618,553564.8216454851
Heerenveen,Gersloot,193978.4378181818,557625.9782954545
Heerenveen,Gersloot-polder,193556.687625,559910.5706111112
Heerenveen,Haskerdijken,187875.0660167597,556926.2803184357
Heerenveen,Haskerveen,188835.83710163579,553689.899194297
Heerenveen,Het meer,192384.25818533605,553809.4914052951
Heerenveen,Hoornsterzwaag,207089.42829261365,557705.2361022728
Heerenveen,Jubbega,204323.5851232877,556710.32764514
Heerenveen,Katlijk,197495.15434090912,551185.1748106062
Heerenveen,Luinjeberd,191077.33989534885,556473.0725930233
Heerenveen,Midden,191538.8394387353,552029.7311067199
Heerenveen,Mildam,196147.18029653,550215.6254132492
Heerenveen,Nes,186002.06982528733,563597.7594528905
Heerenveen,Nieuwebrug,188475.41015278365,555968.5839762021
Heerenveen,Nieuwehorne,200234.6773915023,551727.0781320183
Heerenveen,Nieuweschoot,191924.75809580836,549647.9535149701
Heerenveen,Nijehaske,190034.86168714456,552712.3758414323
Heerenveen,Noord,190520.4072209235,553347.3751905686
Heerenveen,Oranjewoud,192883.99492634553,551248.3243980171
Heerenveen,Oudehorne,201706.1359804469,553108.258178771
Heerenveen,Oudeschoot,193235.74317443848,549927.0700817105
Heerenveen,Skoatterwald,192900.75085158614,552484.9167654099
Heerenveen,Terband,190202.55478632482,555983.082982906
Heerenveen,Tjalleberd,192469.669628169,556995.2656985916
Heerhugowaard,'t Kruis,118341.56289082962,518377.143021834
Heerhugowaard,Beveland,116227.59271380455,519760.99070370186
Heerhugowaard,Bomenbuurt,118049.04667491408,519522.0622329888
Heerhugowaard,Broekhorn,116002.93540075618,520309.98544517974
Heerhugowaard,Buitengebied Noord,119103.93741715976,524373.7083530572
Heerhugowaard,Buitengebied Zuid,119377.10754545454,517342.77125000005
Heerhugowaard,Butterhuizen 1,116032.16938026011,518866.0989931132
Heerhugowaard,Butterhuizen 2,115660.18784887448,518572.54909003223
Heerhugowaard,Centrumwaard,118287.64478242223,520573.83732154267
Heerhugowaard,De Draai Midden,119719.8132627014,520273.8558587357
Heerhugowaard,De Draai Noord,120079.46320000003,521202.09160000004
Heerhugowaard,De Draai Zuid,119459.47733532939,519834.460203593
Heerhugowaard,De Frans,117402.53324324332,520662.67908648605
Heerhugowaard,De Noord,118683.48605423729,524450.5253830504
Heerhugowaard,De Vaandel,118602.3355689655,522403.1414396552
Heerhugowaard,Edelstenenwijk,116625.17848647707,519384.38485973416
Heerhugowaard,Heemradenbuurt,118392.09570319635,521037.8411004567
Heerhugowaard,Huygenhoek 1,117115.53330619473,517797.8610938055
Heerhugowaard,Huygenhoek 2,116778.0097849688,517426.6178475991
Heerhugowaard,Huygenhoek 3,116296.40972573087,517079.0672136047
Heerhugowaard,Molenwijk,117523.71308885381,519081.5837452377
Heerhugowaard,Oostertocht,117638.45041141314,518267.2342896741
Heerhugowaard,Overtoom,114590.76787499998,517451.0058125
Heerhugowaard,Park van Luna,115377.54138541664,517146.2900937498
Heerhugowaard,Planetenwijk,117586.63795153063,520552.8928278057
Heerhugowaard,Recreatiebuurt,118293.75453282207,519924.99883205525
Heerhugowaard,Rivierenwijk,117041.46386250011,518712.7902946427
Heerhugowaard,Schilderswijk 1,119016.44263874345,521286.4790039273
Heerhugowaard,Schilderswijk 2,118981.37059911866,520706.1285754273
Heerhugowaard,Schrijverswijk,117592.89864755601,520098.1737290282
Heerhugowaard,Stad van de Zon,115779.84606643161,517812.3838400944
Heerhugowaard,Stadshart,117068.64871265383,519782.8810826013
Heerhugowaard,Stationsplein,116935.23551100245,520308.487146699
Heerhugowaard,Waarderhout,118947.71827586209,519055.2197586207
Heerhugowaard,Zandhorst 1,117300.31650261777,521260.0282172776
Heerhugowaard,Zandhorst 2,117522.03225550662,522418.62267400883
Heerhugowaard,Zandhorst 3,117503.48062595421,523072.84149618325
Heerhugowaard,Zuidwijk 1,116629.15371255395,518336.8554658006
Heerhugowaard,Zuidwijk 2,116332.70897630337,518065.0558909942
Heerlen,'t Loon,196155.5299967045,321970.1240345972
Heerlen,Aarveld,196557.90078375803,321057.06508886744
Heerlen,Beersdal,195499.32937756518,324239.4345525233
Heerlen,Beitel,198330.73204858304,317457.3669473688
Heerlen,Bekkerveld,196942.4908769794,321205.97860170563
Heerlen,Benzenrade,196650.50671708502,319482.8519525821
Heerlen,Burettestraat en omgeving,196864.25773176365,323461.80609768856
Heerlen,Caumerveld,197614.98022089028,320973.3035736294
Heerlen,De Dem en omgeving,193706.4698749957,326235.6478961874
Heerlen,De Koumen,193633.28827021297,324547.40905319195
Heerlen,Douve Weien,196946.60371641038,320485.3363365405
Heerlen,Dr. Nolensplein en omgeving,197967.33740251712,322102.4839090201
Heerlen,Dr. Schaepmanplein en omgeving,198171.74477440372,321785.83226789616
Heerlen,Egstraat en omgeving,198919.51065010065,320387.012468185
Heerlen,Eikenderveld,195810.4700419542,322439.90065486985
Heerlen,Giezenveld,198162.93199887275,320415.5471431788
Heerlen,Grasbroek,196267.94743847143,323368.6732432782
Heerlen,Groot Rennemig,194752.64114760415,324912.05223195
Heerlen,Heerlen-Centrum,196708.92670064696,322130.59346035024
Heerlen,Heerlerbaan-Oost,198678.81886433362,319876.56287256995
Heerlen,Heerlerbaan-West,197757.2059404146,319745.4688444856
Heerlen,Heerlerheide Kom,194967.91054504414,325462.5985977623
Heerlen,Heksenberg,196265.28335200352,325201.75568322017
Heerlen,Hoensbroek-Centrum,192973.14340811325,325988.78579579573
Heerlen,Hoppersgraaf,196373.77608493916,322764.24916760967
Heerlen,Husken,194829.97054139167,323632.92004827794
Heerlen,Imstenrade,197303.16439999998,318608.9680666666
Heerlen,In de Cramer,195132.347559322,322904.164
Heerlen,Lindeveld,196430.4127689623,321692.04171597754
Heerlen,Maria Gewanden,192287.12662444002,326069.93653135665
Heerlen,Mariarade-Noord,192709.01956096513,326851.4863104381
Heerlen,Mariarade-Zuid,193173.28701998622,326844.4492402076
Heerlen,Meezenbroek,197353.90441661348,323316.0803934324
Heerlen,Molenbergpark,197446.711050934,321875.39352122234
Heerlen,Musschemig,195972.70779752085,323412.8679545447
Heerlen,Nieuw Lotbroek-Noord,192997.94858379595,325210.5145471698
Heerlen,Nieuw Lotbroek-Zuid,193042.5350991179,324605.67379145673
Heerlen,Nieuw-Einde,195436.65826061202,326222.7462213333
Heerlen,Op de Nobel,196779.22161174845,321793.52037808544
Heerlen,Palemig,197195.85853352206,323887.8727220778
Heerlen,Passart,194442.44868579265,326090.2973770487
Heerlen,Pronsebroek,195528.28190389625,325081.4433766233
Heerlen,Schaesbergerveld,197516.38680270975,322749.9413834203
Heerlen,Schandelen,196773.47257380196,322763.01662563067
Heerlen,Schelsberg,195759.41568652098,324487.0650116271
Heerlen,Schiffelerveld,198195.54324626748,321441.0817491447
Heerlen,Ten Esschen,193917.9846702753,323562.46156680735
Heerlen,Terschuren,191708.81438126217,325487.1135400978
Heerlen,Terworm,195241.67641414134,321647.3406363633
Heerlen,Uterweg,195951.0222306361,326354.8230041093
Heerlen,Versiliënbosch,196241.46236119402,326036.5922626865
Heerlen,Verspreide huizen,196597.72914622945,324921.4104261144
Heerlen,Vrieheide,195754.29030664862,325915.3104966071
Heerlen,Weggebekker,195402.9914074351,326838.3970089028
Heerlen,Welten-Dorp,195688.23857425753,320866.7908740827
Heerlen,Zeswegen,195393.6700949521,323391.2879794684
Heerlen,Ziekenhuis,196340.5252564102,320184.8835128205
Heeze-Leende,Bedrijventerrein De Poortmannen,168754.81816,375524.58342
Heeze-Leende,Heeze,167921.25028502525,377054.29528272833
Heeze-Leende,Leende,166593.7982833385,373542.9674072749
Heeze-Leende,Leenderstrijp,165713.16096703304,371622.43017032964
Heeze-Leende,Sterksel,170601.7942926267,373501.44568202784
Heeze-Leende,Verspreide huizen Dijkse Heide,166119.10119354838,370491.5550322581
Heeze-Leende,Verspreide huizen Groote Heide,164070.338,372793.1981029412
Heeze-Leende,Verspreide huizen Heeze,167395.09801896382,376370.72436665837
Heeze-Leende,Verspreide huizen Zevenhuizense Heide,167749.8953986691,372413.82827350526
Heeze-Leende,Verspreide huizen ten oosten van Sterksel,171596.72137223964,374186.97482649825
Heeze-Leende,Verspreide huizen ten zuiden van Sterksel,170962.52352173915,372090.06632608693
Heeze-Leende,Villawijk Boschhoven,165627.1874461538,374169.26786153845
Heiloo,Akkerbuurt,108199.15470643537,512661.91245263856
Heiloo,Blockhovepark,109960.7079848942,514447.1961208463
Heiloo,De Volkstuinen,107479.85200000001,511494.38680392184
Heiloo,Gemeentebos,108886.21838418074,512821.10341242974
Heiloo,Het Die,111613.38141791047,511685.1860149256
Heiloo,Kapelbuurt,108012.28542788465,510941.61116826895
Heiloo,Nijenburg,109239.97350806449,512532.125233871
Heiloo,Noorderneg,107583.88461111115,513742.14930555545
Heiloo,Oosterzij,108940.41385949677,511670.4171919307
Heiloo,Oud West,108442.18182735152,513527.50845606386
Heiloo,Oud Zuid,108655.3402168256,512387.35094709514
Heiloo,Oude Werf,109782.8951111112,511867.56995959574
Heiloo,Plan Oost,109772.32782024296,513101.36580971646
Heiloo,Tuindorp,109140.08874647875,513306.1950316905
Heiloo,Vennewater,107861.85679040542,512076.58477947174
Heiloo,Willibrord,109165.54860144912,512217.72869565175
Heiloo,Zuid Oost,109357.70873804124,511722.62815034064
Heiloo,Zuid West,107629.3703041987,512702.53644130216
Heiloo,Zuiderloo,108430.4537098864,511869.37059805536
Heiloo,Zuiderneg,107563.49768562574,513179.95542399166
Hellendoorn,'n Oaln Diek,229243.4895589041,485339.37266027415
Hellendoorn,'t Hexel,228480.2085714286,484910.87145833316
Hellendoorn,'t Lochter,230798.49872543596,486163.8178131216
Hellendoorn,Bloemen-Schilderswijk,228396.59907294833,486406.892919453
Hellendoorn,Boersingel,230903.035,485625.675
Hellendoorn,Daalerveen,236184.61641721855,495464.96990728466
Hellendoorn,Daarle,233472.3614579946,493726.2370162604
Hellendoorn,De Blenke,227640.84148704706,489124.61994300527
Hellendoorn,De Blokken,228880.8610857929,485757.8180194718
Hellendoorn,De Brake,229126.5047176965,486506.17261376476
Hellendoorn,De Höfte,227295.18160227712,490272.23026137013
Hellendoorn,De Noord Es,227117.5516875,489834.6906406251
Hellendoorn,De Zuid Es,227244.79761184187,489119.1006973689
Hellendoorn,Den Dam,227641.80904651165,489678.6646697676
Hellendoorn,Dorp Daarle,233119.27694377536,494614.50573895563
Hellendoorn,Dorp Daarlerveen,235945.890530086,495575.0948252148
Hellendoorn,Dorp Haarle,222682.62160039388,486251.4704566921
Hellendoorn,"Egede, Elen en Rhaan",226265.56503977271,493494.29285037867
Hellendoorn,Gagelman Industrieterrein-Noord,228266.11921666673,487551.42416666675
Hellendoorn,Groot Lochter,229921.4376727626,485755.08210875775
Hellendoorn,Haarle,223241.03655593208,487027.9942322034
Hellendoorn,Hellendoorn,226845.7847918114,490156.9754102529
Hellendoorn,Hellendoorn-Centrum,227320.31663245018,489649.84112582775
Hellendoorn,Hulsen,229448.15318794313,488439.86685460963
Hellendoorn,Hulsen dorp,228940.28923484858,488521.49387121235
Hellendoorn,Konijnenberg,229551.93325301216,486666.56782530114
Hellendoorn,Kruidenwijk Centrum,229692.71895215326,488235.49098086095
Hellendoorn,Kruidenwijk Noord,229646.12013043513,488613.3847117551
Hellendoorn,Kruidenwijk Oost,229855.290334583,487962.4743945646
Hellendoorn,Kruidenwijk West,229202.81966738185,488305.50793133024
Hellendoorn,Kruidenwijk Zuid,229828.54616438353,487535.7126643834
Hellendoorn,Marle,229674.99283756354,493206.694187817
Hellendoorn,Nijverdal Oost,229995.00466545453,486520.9955127273
Hellendoorn,Nijverdal-Centrum,228099.0410539775,486809.72262073937
Hellendoorn,Noetsele I,227742.5797356324,486526.72795844404
Hellendoorn,Noetsele II en III,228223.0138285124,485701.43820041313
Hellendoorn,Prinsessenwijk,228760.44993559338,486480.79184237245
Hellendoorn,Wilhelminawijk,227725.31721714305,487400.6418095241
Hellendoorn,Zeeheldenwijk,227368.58558590317,487433.9349383261
Hellevoetsluis,'t Lange Land,69483.89067241379,429740.52820689656
Hellevoetsluis,Altena,70544.24812,429546.89642896544
Hellevoetsluis,Bloemen- en Plantenbuurt,68456.90136936937,428721.79586636636
Hellevoetsluis,Boomgaard,68128.0,428925.0
Hellevoetsluis,Buitengebied,69293.20715778142,429923.72508500813
Hellevoetsluis,Centrumgebied-Oost,69495.02307586344,427685.3959427779
Hellevoetsluis,Centrumgebied-West,69488.65269892475,427996.2898763441
Hellevoetsluis,De Vesting,68273.68456707305,427009.98591955286
Hellevoetsluis,Dichters- en Schrijversbuurt,68855.1636423983,427916.9641017132
Hellevoetsluis,Dorp en Hoonaart,68357.76040318304,428248.5805755968
Hellevoetsluis,Duinhoeck,65624.75945865225,428404.1275372879
Hellevoetsluis,Glaciswijk,68696.11449469387,427415.6971763662
Hellevoetsluis,Gorsingen Hoeck,69857.03975489426,426893.80783476884
Hellevoetsluis,Groote Weergors,67875.98004516128,427579.19013548386
Hellevoetsluis,Heliushaven,67868.00614367817,426951.52756896557
Hellevoetsluis,Hooghen Hoeck,69754.73263502122,427394.8706339657
Hellevoetsluis,Hout Hoeffe,70494.58322671063,427474.4637304202
Hellevoetsluis,Kanaalzicht,68858.96118016685,427033.1697909394
Hellevoetsluis,Kern Oudenhoorn,72601.30415844156,427218.497592208
Hellevoetsluis,Kickers Bloem,71085.33482369149,428471.4464132232
Hellevoetsluis,Koele Nacht,70208.25736573314,427916.35886985174
Hellevoetsluis,Kruis Hoeffe,69514.4439062937,428903.28846853145
Hellevoetsluis,Kulck-Noord,69024.60033057851,428808.8210512396
Hellevoetsluis,Kulck-Zuid,69236.66402941177,428366.54850294115
Hellevoetsluis,Logendal,70210.57425786163,428840.7063207548
Hellevoetsluis,Marinebuurt,68270.01340225564,427890.5154962406
Hellevoetsluis,Morgen Stont,70749.70029155651,427983.7809415
Hellevoetsluis,Nieuw-Helvoet,68139.2115368421,428497.7797315789
Hellevoetsluis,Nieuwenhoorn,69390.70511151075,430248.2932571942
Hellevoetsluis,Out Jaar,69753.77571465969,428459.28017277486
Hellevoetsluis,Poldergebied Nieuwenhoorn,71916.2226511628,427519.3959534883
Hellevoetsluis,Poldergebied Oudenhoorn,72923.50225641027,426517.2697692308
Hellevoetsluis,Rijksstraatweg en omgeving,68828.6841542056,428547.3859859812
Hellevoetsluis,Salem,69983.55842461006,429162.1162495667
Hellevoetsluis,Tolhoeck,69529.65686545453,428192.7617527274
Hellevoetsluis,Vlotbrug,69949.18283941607,428032.1997664234
Hellevoetsluis,Vogelbuurt,68047.34057461024,428143.91584409797
Hellevoetsluis,Wagenzicht,70679.86114442414,429096.5860457039
Hellevoetsluis,Wittens Hoeck,69184.81518906602,427128.24075056944
Helmond,'t Hout-Centrum,172216.5870880363,386328.19801580085
Helmond,Akkers,172363.4516701232,385573.72955865104
Helmond,Annabuurt en Suytkade,174073.362889728,387101.6826954525
Helmond,B.Z.O.B.,177174.8773333333,384309.6983055555
Helmond,Beisterveld,174999.76168417,387775.9199274136
Helmond,Beisterveldse Broek,175661.63000159618,387468.7600558664
Helmond,Berenbroek,170547.1941851852,386326.6914814815
Helmond,Berkendonk,177833.15989285722,388084.88260714285
Helmond,Binderen,174193.84815566122,389139.1657885545
Helmond,Bloemvelden,174941.50942113693,389192.67215987213
Helmond,Brand,171008.75352665252,385467.20404477586
Helmond,Brouwhorst,177055.81740517227,386922.95498706884
Helmond,Brouwhuis-Dorp,176831.20987535425,385656.3460743623
Helmond,Brouwhuis-Oost,177212.01805958548,386408.24934110563
Helmond,Brouwhuis-West,176711.42575957914,386567.6139562129
Helmond,Centrum,173746.8358604374,387953.161034864
Helmond,De Veste,170493.82017687082,385657.21001209365
Helmond,De marke,170192.64353846153,386174.7304615384
Helmond,Eeuwsels,174384.10709361965,389927.12031484814
Helmond,Gansenwinkel,172747.03936205406,386357.6156387966
Helmond,Geeneind,170596.15149019836,388359.1219126446
Helmond,Groot Goor,174167.20012,385982.5194
Helmond,Heipoort,174196.00136398466,388286.2394718109
Helmond,Hoogeind,175394.03987446523,386513.3682298034
Helmond,Houtsdonk,173200.78419638824,386777.3391941307
Helmond,Kern Dierdonk,176276.26505833882,389346.5269007599
Helmond,Kloostereind,177391.71888679234,385388.6463207549
Helmond,Kroon,172036.57893450183,386857.8069059039
Helmond,Leonardus,174520.24489583363,388586.52793749986
Helmond,Oranjebuurt,172503.23629601236,387838.72095552145
Helmond,Overbrug,172816.18184126986,389547.05938095244
Helmond,Rijpelberg-Oost,177357.51860948373,387380.2633382144
Helmond,Rijpelberg-West,176701.47217514415,387628.21482053725
Helmond,Scheepstal,175935.63825000002,390263.01335
Helmond,Schooten,171734.39226400017,387603.9906279999
Helmond,Schutsboom,171309.9910999153,385856.3341464861
Helmond,Stationsgebied,173897.75989350656,387527.5197012984
Helmond,Steenweg en omgeving,173188.84763035027,387919.42591569363
Helmond,Stepekolk,170354.00936963983,385111.173202402
Helmond,Stiphout-Dorp,171023.69254887878,388625.93867399136
Helmond,Straakven,175457.56598263368,388186.51267583214
Helmond,Vossenberg,174405.08371927543,387893.94735543284
Helmond,West,172880.2981337447,387327.0789485595
Helmond,Zwanenbeemd,173070.7611491366,388888.08808163274
Hendrik-Ido-Ambacht,Ambachtszone,102359.65646031745,427307.5272380953
Hendrik-Ido-Ambacht,Antoniapolder,104391.0236831683,429284.2177260724
Hendrik-Ido-Ambacht,De Sandeling,102366.16261535442,428256.07705267175
Hendrik-Ido-Ambacht,Dorp,102809.6861739726,428943.72434474854
Hendrik-Ido-Ambacht,Krommeweg-Noord,103248.96855241264,428108.13313893497
Hendrik-Ido-Ambacht,Krommeweg-Zuid,102973.95852253429,427756.2568902677
Hendrik-Ido-Ambacht,Kruiswiel,103998.04211399621,428667.31885117176
Hendrik-Ido-Ambacht,Noordoevers,104914.7720483871,427710.5697741935
Hendrik-Ido-Ambacht,Oostendam,103741.41064552485,429198.4087693696
Hendrik-Ido-Ambacht,Sandelingen-Ambacht,102038.4174818182,428945.81040909095
Hendrik-Ido-Ambacht,Volgerlanden-Oost,104407.0748511111,427538.7823681483
Hendrik-Ido-Ambacht,Volgerlanden-West,103729.049540411,427294.456244521
Hengelo,'t Rot,252665.4468607594,477415.877658228
Hengelo,'t Wilbert,250595.5266567885,477179.0824438321
Hengelo,Anninks-/Nijhofshoek,252152.22938850752,475611.5044142369
Hengelo,Bartelinkshoek,253481.83433156012,477941.636076241
Hengelo,Beckum kern,247626.5474380531,470146.856783186
Hengelo,Bedrijvenpark Westermaat-Zuidoost,249923.2526772152,478364.6450253164
Hengelo,Bedrijventerrein Timmersveld,251891.06465060238,477861.4743614459
Hengelo,Bedrijventerrein Twentekanaal-Noord I,249962.8655957447,474549.0325851062
Hengelo,Bedrijventerrein Twentekanaal-Noord II,251540.77452672026,474379.1477378174
Hengelo,Bedrijventerrein Twentekanaal-Zuid I,249747.48751070345,473551.6104006111
Hengelo,Bedrijventerrein Twentekanaal-Zuid II,250982.70830232554,473775.8858837207
Hengelo,Bedrijventerrein Westermaat-Noordoost,250043.72624324332,479065.6354324324
Hengelo,Bedrijventerrein Westermaat-Noordwest,248921.34083333332,478644.8552222223
Hengelo,Bedrijventerrein Westermaat-Zuidwest,249756.7255748501,477490.26851197623
Hengelo,Bedrijventerrein Zeggershoek,248910.22902777776,473729.43305555556
Hengelo,Berflo Es Noord,251253.9241274935,475266.7673263142
Hengelo,Berflo Es Zuid,251235.95988510075,474711.0920467177
Hengelo,Binnenstad-Centrum,251028.79309781676,476092.84922969446
Hengelo,Binnenstad-Oost,251397.62816795072,476211.6357781203
Hengelo,Binnenstad-West,250577.58277699136,476070.7476725664
Hengelo,Boeldershoek,251449.12122222222,473376.26900000003
Hengelo,Bovenhoek,254106.91699785177,478806.7863941988
Hengelo,Bruninkshoek,253921.9240618101,478069.2540838853
Hengelo,Dalmeden,252322.324062069,480362.32459999993
Hengelo,De Noork,252330.0541788349,476640.58079901506
Hengelo,Elsbeek,251762.02101612868,476366.861195565
Hengelo,Groot Driene-Noord,253146.83134432882,476146.21074247744
Hengelo,Groot Driene-Zuid,252940.60719695652,475508.5895684866
Hengelo,Hengelose Es-Noord,250988.08718364092,477664.97020474996
Hengelo,Het Broek,252464.621960375,479570.80467361887
Hengelo,Klein Driene,252779.502877352,476991.2156243582
Hengelo,Kristenbos,250834.3,479897.0714285715
Hengelo,Middelhoek,253225.04009448798,478973.08076850383
Hengelo,Molendijkhoek,253643.33350578032,478763.1305765904
Hengelo,Nijverheid,249384.37971502345,475416.4727890665
Hengelo,Noord,252103.62847072253,477199.2565695336
Hengelo,Oosterveld,254486.78668627457,478226.07316666667
Hengelo,Roershoek,252353.72334274548,478735.03773320303
Hengelo,Schothorsthoek,252786.55647887327,478120.1156056339
Hengelo,Sogtoenhoek,253445.7707938543,478399.3147311142
Hengelo,Stadspark Weusthag-Noord,251410.9631428572,478816.8614285714
Hengelo,Stadspark Weusthag-Zuid,250966.9743333334,478204.028754386
Hengelo,Tichelwerk,251149.51014627033,476794.4221882007
Hengelo,Tijertshoek,252948.748,478466.17781999934
Hengelo,Tuindorp 't Lansink,250317.5699727444,475359.42915601586
Hengelo,Tuindorp-Zuid,250235.81636677095,474887.5985730404
Hengelo,Veldwijk-Noord,251694.98178424634,475002.6745941783
Hengelo,Veldwijk-Zuid,252045.927165692,474461.07156725076
Hengelo,Verspreide huizen Beckum,247577.87296634598,470265.3751105769
Hengelo,Verspreide huizen Driene,253307.0091730768,475201.93346153846
Hengelo,Verspreide huizen Oele,248012.2312692309,472875.1496634616
Hengelo,Verspreide huizen Slangenbeek,251914.8255789474,480752.2258947368
Hengelo,Verspreide huizen Twekkelo,252237.1552457627,473700.88840677956
Hengelo,Verspreide huizen Woolde,248640.35992307693,476718.9073846153
Hengelo,Vikkerhoek,249023.39498559074,474981.74328242074
Hengelo,Vossenbelt-Noord,251494.95996885825,479691.9527889271
Hengelo,Vossenbelt-Zuid,251509.65041561163,479347.612702531
Hengelo,Weidedorp,250406.46678240204,476539.99495541083
Hengelo,Weijinkshoek,254202.84321242475,478355.4913266532
Hengelo,Woolde,249776.0851852258,475986.75176295557
Hengelo,Woolder Es,249524.16630875965,476591.8396374677
Hengelo,Zwavertshoek,253363.52315992085,476621.2390019313
Het Hogeland,'t Lage van de Weg,239285.20085454543,603435.7228454547
Het Hogeland,Adorp,231606.4168605578,588225.9426055776
Het Hogeland,Baflo,230124.51533265074,597812.1244186284
Het Hogeland,Bedum,235961.4456685894,591107.2360293679
Het Hogeland,De Brake,230917.23853658536,594998.4417857141
Het Hogeland,Den Andel,229838.50686138615,601127.9758069307
Het Hogeland,Doodstil,240576.607483871,601407.0760322581
Het Hogeland,Eemshavengebied,250804.05010752685,607429.5846236559
Het Hogeland,Eenrum,226437.6151920904,597893.981128531
Het Hogeland,Eppenhuizen,242128.32906096723,600190.6087046542
Het Hogeland,Haven Lauwersoog,209058.39059183677,602755.0862448979
Het Hogeland,Hefswal,244828.43012068968,604979.097913793
Het Hogeland,Hooilandseweg,247421.0562765957,604355.3763829789
Het Hogeland,Hornhuizen,219846.15860869567,600633.9692753623
Het Hogeland,Houwerzijl,218545.27502970299,594835.5688811882
Het Hogeland,Kaakhorn,227518.36686666665,602578.0309333333
Het Hogeland,Kantens,237941.36761672478,598336.6522682928
Het Hogeland,Kleine Huisjes,222889.54054054053,601400.4324324324
Het Hogeland,Kloosterburen,221820.60319944602,600517.5699529086
Het Hogeland,Kruisweg,220614.19948837213,600623.1793255814
Het Hogeland,Landelijk gebied Lauwersmeer,209985.58845848378,600769.6581263536
Het Hogeland,Lauwersoog,210251.01948484845,602328.6421919191
Het Hogeland,Leens,221073.11251013505,597443.7864650899
Het Hogeland,Mensingeweer,226828.67153333337,596621.7482
Het Hogeland,Molenrij,222717.0172413793,600541.5172413794
Het Hogeland,Niekerk,217771.62068965516,595491.8965517242
Het Hogeland,Noordwolde,235183.36951562497,587943.624515625
Het Hogeland,Obergum,230139.48220015963,594892.8582496212
Het Hogeland,Oldenzijl,243313.67188235294,601563.6005882353
Het Hogeland,Onderdendam,235017.16920155028,594901.4619496124
Het Hogeland,Oosteinde,248583.409880597,604129.1219402986
Het Hogeland,Oosternieland,245885.284075,602613.8686249999
Het Hogeland,Oudeschip,250617.82671428574,605791.5042063493
Het Hogeland,Overige verspreide huizen,237773.8530909091,602603.5284848484
Het Hogeland,Pieterburen,225879.42316022105,602108.2976049723
Het Hogeland,Potmaar,231223.40024594593,594102.1538054053
Het Hogeland,Rasquert,230125.88596470587,598551.2362117646
Het Hogeland,Ripperda,230831.7319491094,594069.2494402035
Het Hogeland,Roodeschool,246664.08618554217,604664.7876457829
Het Hogeland,Rottum,237059.7564090909,600262.3146363635
Het Hogeland,Saaxumhuizen,227977.6923076923,599958.0
Het Hogeland,Sauwerd,231551.29958174095,590281.1336900212
Het Hogeland,Schouwerzijl,225749.40886956584,594403.3675676107
Het Hogeland,Stitswerd,235710.3110625,597855.204
Het Hogeland,Tinallinge,231403.1923076923,597298.4615384615
Het Hogeland,Uithuizen,240542.03934482345,603073.7863760872
Het Hogeland,Uithuizermeeden,244029.7057282282,603976.3244136637
Het Hogeland,Ulrum,218071.79600427966,597372.3457831667
Het Hogeland,Usquert,236506.1850707396,602517.8212411575
Het Hogeland,Verspreide huizen Adorp,231372.48120143887,589817.5478705035
Het Hogeland,Verspreide huizen Baflo,230128.16496794872,599446.5611217949
Het Hogeland,Verspreide huizen Bedum,236078.32927593368,591306.0370435682
Het Hogeland,Verspreide huizen Kantens,239233.83729457363,599850.341023256
Het Hogeland,Verspreide huizen Kloosterburen,220766.635906542,600674.2964392522
Het Hogeland,Verspreide huizen Leens,222819.9207272728,596089.5314491978
Het Hogeland,Verspreide huizen Noordwolde,234872.6403061224,588707.6925510204
Het Hogeland,Verspreide huizen Onderdendam,234443.6030681818,594563.8723863637
Het Hogeland,Verspreide huizen Oude Land,226142.67301694915,598604.1732542374
Het Hogeland,Verspreide huizen Uithuizermeeden,245750.26927952754,604642.5602716533
Het Hogeland,Verspreide huizen Ulrum,217351.24253571426,596982.4332767858
Het Hogeland,Verspreide huizen Warffum,232615.69321818178,600895.0603454546
Het Hogeland,Verspreide huizen Winsum,230320.75247573663,594364.700161447
Het Hogeland,Verspreide huizen Zuidwolde,235449.0920925926,586922.1702777777
Het Hogeland,Verspreide huizen in de nieuwe polders,239868.08160000003,605750.021144
Het Hogeland,Verspreide huizen in het Noorden,225253.10617857147,602022.5158214286
Het Hogeland,Vierhuizen,215268.6081081081,597452.2702702703
Het Hogeland,Warffum,232890.6975562791,601318.4804809297
Het Hogeland,Warfhuizen,224095.46738260868,595450.5099652173
Het Hogeland,Wehe-Den Hoorn-Oost,224320.0658137255,597258.1235098039
Het Hogeland,Wehe-Den Hoorn-West,223548.91379584774,597527.6307508651
Het Hogeland,Westernieland,227786.2013960396,602155.6553168315
Het Hogeland,Wetsinge,231255.53104761904,591222.0987619048
Het Hogeland,Winsum,230304.38170048886,594113.5404804401
Het Hogeland,Zandeweer,241094.3576124402,600855.276258373
Het Hogeland,Zoutkamp,216076.23930173484,595063.0413813303
Het Hogeland,Zuidwolde,235450.35004933632,586808.5646324038
Het Hogeland,Zuurdijk,221126.71224999998,594947.1908833333
Heumen,Broekkant en Droge,186029.76252272728,422899.43781818176
Heumen,Heumen,186522.1716628439,419747.0076513762
Heumen,Kluis,186945.42614705887,423725.755014706
Heumen,Malden-Oost,187514.88131420137,421639.2361449663
Heumen,Malden-West,186890.72854440627,421567.65256013296
Heumen,Molenhoek,187919.72979831917,419978.9872436972
Heumen,Nederasselt,179808.5203299999,420437.54487333325
Heumen,Overasselt,182563.17562412206,419142.3680702571
Heumen,Verspreide huizen Heumen,186254.2328634362,420224.24377092527
Heumen,Verspreide huizen Malden,187226.19305530292,421022.9856641145
Heumen,Verspreide huizen Nederasseltse Broek,180507.58566666665,420881.34766666667
Heumen,Verspreide huizen Nederasseltse Uiterwaarden,180610.40476666667,420278.4434333333
Heumen,Verspreide huizen Overasseltse Broek,182809.84577033378,420342.78568597056
Heumen,Verspreide huizen Overasseltse Uiterwaarden,182182.61096875003,419223.96535
Heumen,Verspreide huizen Valenberg en Heide,183706.44252944321,421262.9101602331
Heumen,Verspreide huizen Worsum,184014.7352533334,419713.81646666693
Heumen,Verspreide huizen bosgebied ten oosten kanaal,187984.58063636362,423640.21818181814
Heumen,Verspreide huizen bosgebied ten westen kanaal,184965.09964800027,420515.9402959997
Heumen,Verspreide huizen in de polder Balgoij en Einde,179011.22804761905,420842.7985714286
Heusden,Braken-Oost,137963.95132608688,411323.6752259721
Heusden,Braken-West,136963.92483424282,411300.7774433828
Heusden,Centrum Drunen,137328.0758237706,410841.9558114757
Heusden,Doeveren,134552.59208823528,414846.0882352942
Heusden,Elshout,137881.84650345618,412399.1605610602
Heusden,Haarsteeg,141860.07947451164,413504.90880908974
Heusden,Hedikhuizen,141172.68830833325,415991.0920416667
Heusden,Heesbeen,136700.00970203563,415977.7494706465
Heusden,Herpt,139083.72460443032,415660.6629367086
Heusden,Heusden,137846.0800465911,416173.8234081728
Heusden,Nieuwkuijk,140701.94090476175,411511.0805391154
Heusden,Oudheusden,137757.4989751863,414984.13007526874
Heusden,Venne-Oost,137816.5962158553,410291.7573215437
Heusden,Venne-West,136755.64032445816,410466.7043518453
Heusden,Vijfhoeven,142953.82661596287,412377.0660794558
Heusden,Vliedberg,142125.262207321,411322.5296613098
Heusden,Vlijmen-Dorp,143341.95547940416,411833.73117798567
Hillegom,Brouwerlaankwartier,100014.82579948589,478097.160841902
Hillegom,Buitengebied,99574.31979293848,479716.71329671965
Hillegom,Centrum,99910.5681455261,478536.4500088496
Hillegom,De Arnoud,99401.09163636365,476565.61748484854
Hillegom,Hemen,100205.54137724549,477237.7911362276
Hillegom,Hillegommerbeek,100307.74599999998,478336.6016382979
Hillegom,Horst ten Daal,100423.11092857143,479628.5417809521
Hillegom,Kastelenbuurt,100678.81206794057,479207.9647728238
Hillegom,Leidsestraat,99602.47202242151,477903.74338116596
Hillegom,Olympiakwartier,99966.10586135696,477800.36733923305
Hillegom,Om de Zanderij,99093.88950873118,479230.9492828872
Hillegom,Oranjebuurt,100313.92127961581,478634.4661003203
Hillegom,Patrimonium,100493.87095035463,480042.52614893613
Hillegom,Ringoevers,100658.74035628756,478084.47930239514
Hillegom,Schilderskwartier,99801.22251333333,477501.7695566666
Hillegom,Staatsliedenbuurt,100820.43196329886,478546.40070112376
Hillegom,Treslong,100232.39012676055,479299.55859624397
Hillegom,Vosselaankwartier,100311.83378949278,478968.5681006715
Hillegom,Vossepolder,100974.93824576269,478983.3620169491
Hillegom,Weerestein,99994.87472993831,479484.1622006174
Hillegom,Wendes,100406.00948142413,477654.99904953555
Hilvarenbeek,Baarschot,141025.0530618557,385422.3306597938
Hilvarenbeek,Biest-Houtakker,139063.4115233919,391013.29005263164
Hilvarenbeek,Diessen,140223.7019339571,387391.7624207775
Hilvarenbeek,Esbeek,137639.13404895112,386015.0770303029
Hilvarenbeek,Haghorst,142445.10918145164,389654.15389919333
Hilvarenbeek,Hilvarenbeek,137591.1207929177,388717.2703125435
Hilvarenbeek,Verspreide huizen Baarschot,141345.75464,385549.8629741176
Hilvarenbeek,Verspreide huizen Biest-Houtakker,138655.56377215192,391263.8584556962
Hilvarenbeek,Verspreide huizen Esbeek,137681.39163953488,384800.59131976735
Hilvarenbeek,Verspreide huizen Haghorst,142675.15527659573,389993.43543262413
Hilvarenbeek,Verspreide huizen Hilvarenbeek,136600.07920952377,391164.8563301585
Hilversum,'t Hoogt van 't Kruis,140469.72617181763,468914.9371954014
Hilversum,AZC Crailo,142099.24163636364,475363.3970909091
Hilversum,Anna's Hoeve,142543.82333720944,470606.64554360503
Hilversum,Arenaparkkwartier,141632.62829914517,469682.75624786323
Hilversum,Astronomische Buurt,141974.2397458042,471562.43649600213
Hilversum,Bloemenkwartier Noord,140211.30673843977,469982.19824361545
Hilversum,Bloemenkwartier Zuid,140032.96490793786,469355.566452945
Hilversum,Boomberg,139559.51490643213,470819.30893143313
Hilversum,Centrum,140550.29611333585,470627.4286414787
Hilversum,Egelshoek,138980.78910421385,466436.9066235941
Hilversum,Electrobuurt,141429.77210655072,471253.12348855566
Hilversum,Erfgooiersbuurt,141611.31840621115,472065.37487329205
Hilversum,Geuzenbuurt,141098.81520631377,471424.04014170397
Hilversum,Havenkwartier,138419.4677957814,470532.01366706693
Hilversum,Havenstraatbuurt,140134.6292495603,470391.1408933794
Hilversum,Het Rode Dorp,139052.1150353127,470417.7446324235
Hilversum,Hilversumse Meent,137935.47665724932,475859.16881289874
Hilversum,Johannes Geradtswegbuurt,141032.1107507988,471738.6792790207
Hilversum,Kerkelanden,137933.28626076266,469907.1446451394
Hilversum,Kleine Driftbuurt,141450.1235606055,470759.83326783765
Hilversum,Landelijk Gebied 91,139813.63630555558,473637.52783333324
Hilversum,Landelijk Gebied 92,142831.778,470469.78825
Hilversum,Landelijk Gebied 93,142456.05839306378,469567.03976878664
Hilversum,Landelijk Gebied 94,140722.7398723404,466748.62359574455
Hilversum,Landelijk Gebied 95,138881.15974999988,467710.77793644066
Hilversum,Landelijk Gebied 96,138653.4085,471117.5999
Hilversum,Landelijk Gebied 97,137565.6798888889,476420.82672222226
Hilversum,Langgewenstbuurt,140572.56666692425,471057.8615023188
Hilversum,Liebergen,142039.95810666724,470702.0849905413
Hilversum,Media Park,140181.67561111104,472282.36672222224
Hilversum,Noord,140868.49336350316,472483.99380584725
Hilversum,Raadhuiskwartier,140354.33637756502,471400.45966073836
Hilversum,Schilderskwartier,140835.0768841727,469776.42745057674
Hilversum,Schrijverskwartier,139534.7754192398,470043.2927648459
Hilversum,Sint Vitusbuurt,140984.5845995644,470456.67432753026
Hilversum,Staatsliedenkwartier,139376.81799167107,469639.97315050365
Hilversum,Trompenberg-Noord,139746.09257377055,472275.6272491803
Hilversum,Trompenberg-Zuid,139795.10176173275,471510.1164819499
Hilversum,Van Riebeeckkwartier,141907.93324027245,469914.5089328794
Hilversum,Villaparken,139095.77082439032,472097.7776373973
Hilversum,West-Indiëkwartier,142063.44021,469176.61765999964
Hilversum,Zeeheldenkwartier,139127.6372750585,469219.78313424345
Hilversum,Zeverijn,138765.63807511315,469984.37565022765
Hoeksche Waard,'s-Gravendeel Bedrijventerrein Mijlpolder,101858.66581920911,422268.7738531072
Hoeksche Waard,'s-Gravendeel Buitengebied,101060.89652242154,418714.8198004484
Hoeksche Waard,'s-Gravendeel Woonkern,101655.00800834608,421459.1180875066
Hoeksche Waard,Goudswaard Buitengebied,79592.88110043669,421028.16752838425
Hoeksche Waard,Goudswaard Woonkern,78484.95278120617,423385.9809116411
Hoeksche Waard,Heinenoord Bedrijvenpark Hoeksche Waard,95473.67665277778,425504.8604236112
Hoeksche Waard,Heinenoord Buitengebied,93725.52537213743,425869.80978625955
Hoeksche Waard,Heinenoord Woonkern,92451.23274634145,426863.5842878048
Hoeksche Waard,Klaaswaal Buitengebied,90140.56038383275,420046.61506314983
Hoeksche Waard,Klaaswaal Woonkern,90066.87883036774,420743.53108481615
Hoeksche Waard,Maasdam Buitengebied,96279.33973103447,422242.4382206897
Hoeksche Waard,Maasdam Woonkern,97630.13525252785,422398.94479406794
Hoeksche Waard,Mijnsheerenland Buitengebied,92618.06427941173,424445.44328235294
Hoeksche Waard,Mijnsheerenland Woonkern,92858.80260702343,423535.5122798215
Hoeksche Waard,Nieuw-Beijerland Buitengebied,84906.11077439025,422976.0824817074
Hoeksche Waard,Nieuw-Beijerland Woonkern,82941.93563686806,425261.0136794081
Hoeksche Waard,Numansdorp Bedrijventerrein Middelsluis,90149.24569298238,418021.07336842106
Hoeksche Waard,Numansdorp Buitengebied,90212.68489176063,416067.7557769298
Hoeksche Waard,Numansdorp Woonkern,89449.66692043647,416487.9703377554
Hoeksche Waard,Oud-Beijerland Bedrijventerrein De Bosschen,89346.96997712417,426758.8420196077
Hoeksche Waard,Oud-Beijerland Bedrijventerrein De Hoogerwerf,88198.1178913043,425502.0753913043
Hoeksche Waard,Oud-Beijerland Buitengebied,86529.59511111112,424324.4950185184
Hoeksche Waard,Oud-Beijerland Centrum,87833.25790184054,426778.3500674847
Hoeksche Waard,Oud-Beijerland Croonenburghwijk,88433.35979169175,426212.0887513552
Hoeksche Waard,Oud-Beijerland Oosterse Gorzenwijk,88370.78833013205,426911.48385234096
Hoeksche Waard,Oud-Beijerland Poortwijk,89238.08161848332,425798.83795843465
Hoeksche Waard,Oud-Beijerland Spuioeverwijk,87161.39287358489,427138.3866396226
Hoeksche Waard,Oud-Beijerland Zeeheldenwijk,87440.05183828129,426567.27918281255
Hoeksche Waard,Oud-Beijerland Zoomwijck,86692.74080744438,426580.9823947639
Hoeksche Waard,Oud-Beijerland Zuidwijk,87249.28647104464,425902.26982507354
Hoeksche Waard,Piershil Buitengebied,82158.93978823528,423233.42527058825
Hoeksche Waard,Piershil Woonkern,81047.277347651,423378.87002416106
Hoeksche Waard,Puttershoek Buitengebied,98906.20366666668,423828.0358
Hoeksche Waard,Puttershoek Woonkern,98290.55319117852,424217.4009392155
Hoeksche Waard,Strijen Bedrijventerrein Bonaventura,97667.81615463921,418494.9675721651
Hoeksche Waard,Strijen Buitengebied,98324.38580553126,417237.27145886334
Hoeksche Waard,Strijen Woonkern,97328.9899016597,417487.9750783243
Hoeksche Waard,Westmaas Buitengebied,91077.14823008853,422620.6528407079
Hoeksche Waard,Westmaas Woonkern,92000.92836997888,422398.86038583517
Hoeksche Waard,Zuid-Beijerland Buitengebied,83192.15436021505,419413.132077957
Hoeksche Waard,Zuid-Beijerland Woonkern,84578.96440578776,418579.1906077168
Hof van Twente,'t Kip,245053.97593483716,475828.0177293232
Hof van Twente,Bentelo kern,243551.65584972667,471471.3335628414
Hof van Twente,Bungalow-wijk,235894.97198142405,472628.569
Hof van Twente,Centrum-Goor,236837.59410110125,472420.60045576503
Hof van Twente,De Meene,235994.54282781467,472393.79182781436
Hof van Twente,De Whee I,236293.98915746744,472862.4035097404
Hof van Twente,De Whee II-Noord,235996.20064692973,473293.49260964926
Hof van Twente,De Whee II-Zuid,235595.66674563606,473081.8401982542
Hof van Twente,Delden-Centrum,245384.7021105654,475866.18802457
Hof van Twente,Diepenheim-Noord,234936.83690225557,468784.7213834584
Hof van Twente,Diepenheim-Zuid,234803.3362777778,468436.81569259247
Hof van Twente,Dr. Schaepmanbuurt,237516.00674380152,472340.9358402203
Hof van Twente,Gijmink,237877.04034873337,472358.4398211621
Hof van Twente,Greekerinckskamp,246228.0829876543,475680.756234568
Hof van Twente,Heeckeren,237327.67684787474,472883.67740268464
Hof van Twente,Hengevelde,240335.10777285323,468624.8052202216
Hof van Twente,Hooijerinkses,245635.923659919,475348.02204453445
Hof van Twente,Industriegebied Kevelhammerhoek,237559.0848,471682.84739999997
Hof van Twente,Industriegebied Spechthorst I,237002.97049295777,473467.4626056338
Hof van Twente,Industriegebied Spechthorst II,236326.58581967204,473530.2834590165
Hof van Twente,Industrieterrein-Delden,244478.70543636364,474898.124581818
Hof van Twente,Kerspel,237700.8935083686,473578.4796436285
Hof van Twente,Markelo,230877.6013901515,472586.8942862554
Hof van Twente,Oud Zuiderhagen,245513.83694444445,475598.3841805555
Hof van Twente,Rupertserf,244583.9017785978,475295.26349077484
Hof van Twente,Schoppenstee,245096.4156965317,475567.6646907514
Hof van Twente,Sint Annabrink,245097.29018867924,475260.9079784367
Hof van Twente,Verspreide huizen Azelo,245071.2846666667,479586.8545053763
Hof van Twente,Verspreide huizen Bentelo,244148.72675603203,471676.9293699729
Hof van Twente,Verspreide huizen Deldenerbroek,241853.9490101523,477418.11227411154
Hof van Twente,Verspreide huizen Deldeneresch,245012.5113566434,476239.4173286714
Hof van Twente,Verspreide huizen Elsen,233362.72944382022,475825.40667977533
Hof van Twente,Verspreide huizen Elsenerbroek,236634.79898484846,475252.5000757576
Hof van Twente,Verspreide huizen Elzenerveen en Borkeld,231233.43425000002,475440.495625
Hof van Twente,Verspreide huizen Hengevelde,240621.11339754082,469047.0732459018
Hof van Twente,Verspreide huizen Herike,234087.6725892858,473088.7829107144
Hof van Twente,Verspreide huizen Kerspel en Goor,238021.6732783505,470748.80235051556
Hof van Twente,Verspreide huizen Kerspel en Schipbeek,234927.96080065361,468272.20075816975
Hof van Twente,Verspreide huizen Markelerbroek,227158.76353614742,472031.172901463
Hof van Twente,Verspreide huizen Markelo,231137.1354332793,473372.3122273992
Hof van Twente,Verspreide huizen Markvelde,238402.21272297305,467101.83004054055
Hof van Twente,Verspreide huizen Stokkum,231652.74195219646,469348.7639341066
Hof van Twente,Verspreide huizen Wiene,241843.18479702956,472778.99279702996
Hof van Twente,Verspreide huizen Zeldam,239683.51366483513,474653.9908296705
Hof van Twente,Vogelweiden,246270.9380775863,475287.7706336205
Hof van Twente,Vossenbrink en De Braak,245626.08152428066,474897.51372841717
Hof van Twente,Waterhoek,236690.19283076923,471779.9123384615
Hollands Kroon,'t Veld en De Kampen,119959.91054838717,528639.0502119818
Hollands Kroon,'t Veld en De Weel (gedeeltelijk),119009.20832548462,528045.3709529086
Hollands Kroon,Barsingerhorn,119247.72090555557,533220.0465027778
Hollands Kroon,Breezand,116275.27574757855,544879.1678595641
Hollands Kroon,Buitengebied Wieringerwaard,119516.92490124209,537214.6765600309
Hollands Kroon,De Haukes,124501.37874468745,544704.8218681256
Hollands Kroon,De Weere (gedeeltelijk),120938.63439999998,532424.5728
Hollands Kroon,Den Oever,130866.11147762899,549673.0546300593
Hollands Kroon,Gelderse Buurt en omgeving,114762.56744023321,542854.1322040813
Hollands Kroon,Haringhuizen,117215.87063291138,531846.3953164559
Hollands Kroon,Hippolytushoef,126469.34511933383,546892.1039511812
Hollands Kroon,Kleine Sluis inclusief Spoorbuurt,116944.64457961083,541756.9911866937
Hollands Kroon,Kolhorn,121450.38053097342,534144.6752411501
Hollands Kroon,Kreileroord,134473.23604167538,539431.9602216869
Hollands Kroon,Langereis (gedeeltelijk),123147.52804081634,526791.429132653
Hollands Kroon,Lutjewinkel,121042.66901075112,531355.4995400631
Hollands Kroon,Middenmeer,128823.98094818075,535825.9433445428
Hollands Kroon,Moerbeek,119378.84334210528,530926.4601052632
Hollands Kroon,Nieuwe-Niedorp,121897.77846671373,528312.9863791169
Hollands Kroon,Nieuwesluis,121527.72866666669,538910.398047619
Hollands Kroon,Oosterklief en Westerklief,125919.26455357144,545553.3131964286
Hollands Kroon,Oosterland,129878.32335928142,549102.8513233534
Hollands Kroon,Oostpolder,119569.26968055552,541259.7457986113
Hollands Kroon,Oude-Niedorp,120311.12663405748,525876.8054803645
Hollands Kroon,"Schepenwijk, Waddenwijk en Oosterterp",131361.11166950947,540728.3946417909
Hollands Kroon,Slootdorp,126982.29838293653,539640.8548972271
Hollands Kroon,Stroe,127566.22997849465,548933.3260107524
Hollands Kroon,Terdiek,121805.10832857141,526774.0107571427
Hollands Kroon,Van Ewijcksluis,120516.80894389703,544135.6108725099
Hollands Kroon,Verspreide huizen Hippolytushoeverpolder,127508.85233333334,546795.8672820511
Hollands Kroon,Verspreide huizen Kreileroord,133579.11913697308,540543.461016329
Hollands Kroon,Verspreide huizen Middenmeer,129051.12238278941,533095.9468249264
Hollands Kroon,Verspreide huizen Oeverpolder,131846.62743319437,549528.797732625
Hollands Kroon,Verspreide huizen Slootdorp,125751.47351754672,540829.4535756283
Hollands Kroon,Verspreide huizen Waard-Nieuwlandpolder,130125.3273888889,547676.3180555557
Hollands Kroon,Verspreide huizen Westermoerbeek (gedeeltelijk),118269.53152380955,531157.4507142857
Hollands Kroon,Verspreide huizen Westfriese Zeedijk,119185.9894754098,534989.7150000001
Hollands Kroon,Verspreide huizen Wieringerwerf,130164.97943589748,541183.980955128
Hollands Kroon,Verspreide huizen in De Kampen,118461.47740625002,528943.2174375
Hollands Kroon,Verspreide huizen in de Groetpolder,122555.87741322705,533042.4169236453
Hollands Kroon,Wateringskant,119839.94164516129,529977.5080645162
Hollands Kroon,Westerland,124076.47594321573,545200.3550718686
Hollands Kroon,Westermoerbeek (gedeeltelijk),117899.40788888888,530376.1144444444
Hollands Kroon,Wieringerwaard,119726.3541217292,539092.9859306025
Hollands Kroon,Wieringerwerf,130743.36847517351,540383.9746139884
Hollands Kroon,Winkel,122279.21557191777,529691.6338487439
Hollands Kroon,Zijdewind,117927.36295686896,528507.6440093121
Hoogeveen,Bentinckspark,229725.07510861015,526948.3476684926
Hoogeveen,Centrum,228718.5443267686,526835.8048570392
Hoogeveen,Elim Kern,235637.0016618099,522214.8161249623
Hoogeveen,Erflanden,226541.58821662466,525271.9205600333
Hoogeveen,Fluitenberg kern,227044.3928121212,528159.3776909093
Hoogeveen,Grittenhof,227224.8246555555,527027.7202666668
Hoogeveen,Hollandscheveld kern,232773.51158751932,524848.3087837558
Hoogeveen,Industriegebied Buitenvaart,230847.72531981967,525284.2787792797
Hoogeveen,Industriegebied Noord A,229541.1680445545,527980.3312004949
Hoogeveen,Industriegebied Noord B,231674.7991312961,527791.3913124041
Hoogeveen,Industriegebied Toldijk,228293.09433333334,528391.1217083334
Hoogeveen,Kattouw,226450.95166106356,525777.5446267127
Hoogeveen,Kinholt,226186.93144416244,526699.9366497463
Hoogeveen,Krakeel,230963.0089907302,526906.5437827358
Hoogeveen,Nieuweroord kern,234587.43251207724,527436.2301690821
Hoogeveen,Nieuwlande kern,237828.53814742452,523587.5420746002
Hoogeveen,Noord,228603.6466943321,527631.8529696357
Hoogeveen,Noordscheschut kern,232583.95664692062,526903.1046544695
Hoogeveen,Oost,229148.59760644683,526941.817605776
Hoogeveen,Pesse kern,226954.01415866197,532163.8070667892
Hoogeveen,Schoonvelde-Oost,227519.78181843195,526702.4175323233
Hoogeveen,Schoonvelde-West,227215.23740169732,526575.376261669
Hoogeveen,Schutlanden-Oost,227308.49264654185,525882.3328092524
Hoogeveen,Schutlanden-West,226933.44073288812,525796.2159616024
Hoogeveen,Steenbergerweiden,226755.83314947807,526475.762883781
Hoogeveen,Stuifzand kern,230102.26448529414,529539.0520661764
Hoogeveen,Tiendeveen kern,233078.59262130177,529460.9384970414
Hoogeveen,Trasselt,226118.3319016355,526230.9006635387
Hoogeveen,Venesluis,228291.6742118434,526094.7791567976
Hoogeveen,Verspreide huizen Alteveer,228390.27171014494,524448.6477246376
Hoogeveen,Verspreide huizen Elim-Noord,235804.27172727275,523106.9078636364
Hoogeveen,Verspreide huizen Elim-Zuid,235158.82837890624,521693.5671484374
Hoogeveen,Verspreide huizen Fluitenberg,225604.8374545455,528038.481
Hoogeveen,Verspreide huizen Hollandscheveld-Oost,234660.0940333334,524973.0580060607
Hoogeveen,Verspreide huizen Hollandscheveld-West,231699.39135964907,522709.1725350877
Hoogeveen,Verspreide huizen Nieuweroord,234721.52438372097,526954.286633721
Hoogeveen,Verspreide huizen Nieuwlande,238325.01684848484,523983.54699999996
Hoogeveen,Verspreide huizen Nijstad,224653.0418780488,525180.3632195122
Hoogeveen,Verspreide huizen Noordscheschut,232392.3602344498,527193.5285023922
Hoogeveen,Verspreide huizen Pesse-Oost,228214.87916269843,533571.5132698413
Hoogeveen,Verspreide huizen Pesse-West,225018.31709638552,530874.1168313256
Hoogeveen,Verspreide huizen Pesse-Zuid,228041.1123867925,529586.6026603774
Hoogeveen,Verspreide huizen Stuifzand,230361.37042758623,530149.9397034483
Hoogeveen,Verspreide huizen Tiendeveen,233177.86747183104,530498.7026267605
Hoogeveen,West,228304.15455808974,526944.7343670704
Hoogeveen,Wolfsbos,230273.38741125658,526121.9726382198
Hoogeveen,Zuid,229192.25137276092,525941.9957942226
Hoogeveen,Zuideropgaande Nieuw Moscou,232768.98336480692,522319.62743776815
Hoorn,Bangert en Oosterpolder - Buurt 35 01,134495.53201424054,520794.169068038
Hoorn,Bangert en Oosterpolder - Buurt 35 02,134884.28635852085,521020.0814260449
Hoorn,Bangert en Oosterpolder - Buurt 35 03,134661.27649206363,520284.8724634918
Hoorn,Bangert en Oosterpolder - Buurt 35 04,135145.53378207743,520511.6709103866
Hoorn,Bangert en Oosterpolder - Buurt 35 05,134994.7932857143,519904.84107142856
Hoorn,Bangert en Oosterpolder - Buurt 35 06,135470.23195238094,519948.072904762
Hoorn,Binnenstad - Buurt 10 00,133296.5668944445,517063.90866666613
Hoorn,Binnenstad - Buurt 10 01,132932.58504947083,516828.2668102046
Hoorn,Binnenstad - Buurt 10 02,132678.42605519245,517076.6807022514
Hoorn,Binnenstad - Buurt 10 03,132583.30433198926,517362.67997043
Hoorn,Blokker - Buurt 31 00,134312.69102272723,518991.1351363637
Hoorn,Blokker - Buurt 31 01,134720.66569999995,519135.48748888896
Hoorn,Blokker - Buurt 31 02,135215.40331756748,519357.84528378386
Hoorn,Blokker - Buurt 31 03,134075.0714808511,519410.7352489361
Hoorn,Blokker - Buurt 31 04,134711.9502807734,519500.1397110888
Hoorn,Grote Waal - Buurt 13 00,131635.21777892575,517078.31555991713
Hoorn,Grote Waal - Buurt 13 01,131578.14073044388,517306.36489323515
Hoorn,Grote Waal - Buurt 13 02,131102.15575,517486.43025
Hoorn,Grote Waal - Buurt 13 03,131159.99002949847,517092.3849852507
Hoorn,Grote Waal - Buurt 13 04,131289.8124224422,516787.4561650165
Hoorn,Grote Waal - Buurt 13 05,130817.03200973231,516976.34489537694
Hoorn,Grote Waal - Buurt 13 06,130933.83280000006,516708.61026086943
Hoorn,Grote Waal - Buurt 13 07,130436.35681808929,516742.8551758131
Hoorn,Grote Waal - Buurt 13 08,130130.26955555555,516338.0895925927
Hoorn,Hoorn 80 - Buurt 34 00,134676.26300139312,517184.0423670115
Hoorn,Hoorn 80 - Buurt 34 01,135394.5252795031,517297.50929192535
Hoorn,Hoorn 80 - Buurt 34 02,135459.29187500002,516913.1341875002
Hoorn,Hoorn Noord - Buurt 12 00,133434.85288875285,518209.43595354486
Hoorn,Hoorn Noord - Buurt 12 01,132998.81695426448,518104.8984239806
Hoorn,Hoorn Noord - Buurt 12 02,133066.3152369338,517765.04311265843
Hoorn,Hoorn Noord - Buurt 12 03,132338.074044156,517829.04984155856
Hoorn,Hoorn Noord - Buurt 12 04,131715.31707692306,517660.1342692307
Hoorn,Kersenboogerd-Noord - Buurt 32 00,134008.19539047615,518332.6920190478
Hoorn,Kersenboogerd-Noord - Buurt 32 01,134297.87134300798,518624.179972295
Hoorn,Kersenboogerd-Noord - Buurt 32 02,134504.3310342105,518553.7342736843
Hoorn,Kersenboogerd-Noord - Buurt 32 03,134793.5467328245,518869.3666106868
Hoorn,Kersenboogerd-Zuid - Buurt 33 00,134493.62936645295,518060.01336431643
Hoorn,Kersenboogerd-Zuid - Buurt 33 01,134622.24509571795,518376.00951007503
Hoorn,Kersenboogerd-Zuid - Buurt 33 02,135040.62549848953,518761.8165981876
Hoorn,Kersenboogerd-Zuid - Buurt 33 03,135108.7338062016,518383.8238527138
Hoorn,Kersenboogerd-Zuid - Buurt 33 04,135018.04550157223,517889.3469999998
Hoorn,Kersenboogerd-Zuid - Buurt 33 05,135562.4070934257,518049.7543725484
Hoorn,Kersenboogerd-Zuid - Buurt 33 06,136158.3527629136,518337.0593894047
Hoorn,Kersenboogerd-Zuid - Buurt 33 07,135745.18096870754,518799.5036816322
Hoorn,Kersenboogerd-Zuid - Buurt 33 08,135426.88711666668,519022.03132708307
Hoorn,Kersenboogerd-Zuid - Buurt 33 09,135946.4263444444,519384.02176666656
Hoorn,Nieuwe Steen - Buurt 22 00,133488.0924807338,518941.96724587097
Hoorn,Nieuwe Steen - Buurt 22 01,133152.430408377,518671.98825130897
Hoorn,Risdam-Noord - Buurt 21 00,132559.56090471862,519959.5040617061
Hoorn,Risdam-Noord - Buurt 21 01,131921.0726187989,519442.06212532596
Hoorn,Risdam-Noord - Buurt 21 02,131501.94169905872,519121.2836807728
Hoorn,Risdam-Noord - Buurt 21 03,132120.1745134501,519919.69026666606
Hoorn,Risdam-Noord - Buurt 21 04,131716.16485438967,519884.6932955038
Hoorn,Risdam-Noord - Buurt 21 05,131452.58960616443,519790.3406198632
Hoorn,Risdam-Zuid - Buurt 20 00,132898.68130919218,518523.50762116973
Hoorn,Risdam-Zuid - Buurt 20 01,132184.75873809526,518119.74881746
Hoorn,Risdam-Zuid - Buurt 20 02,131711.82047846878,518053.6278325362
Hoorn,Risdam-Zuid - Buurt 20 03,132721.28726296304,518718.70780000015
Hoorn,Risdam-Zuid - Buurt 20 04,132055.42293794762,518418.5672422429
Hoorn,Risdam-Zuid - Buurt 20 05,131687.37075103735,518683.3160373442
Hoorn,Risdam-Zuid - Buurt 20 06,132813.80463574664,519222.18364592805
Hoorn,Risdam-Zuid - Buurt 20 07,132300.74644111976,518975.7511747106
Hoorn,Risdam-Zuid - Buurt 20 08,132041.22069499982,519124.7794125
Hoorn,Venelaankwartier - Buurt 11 00,134159.28763636362,517567.1147272727
Hoorn,Venelaankwartier - Buurt 11 01,133744.1913150685,517723.17043835606
Hoorn,Venelaankwartier - Buurt 11 02,133704.18215151507,517359.8164595958
Hoorn,Venelaankwartier - Buurt 11 03,133077.86093922652,517490.66672375693
Hoorn,Zevenhuis - Buurt 36 00,134575.00420270272,521756.9770675673
Hoorn,Zwaag - Buurt 30 00,133081.70634693874,519447.2481428571
Hoorn,Zwaag - Buurt 30 01,133770.5572784531,519816.7610453037
Hoorn,Zwaag - Buurt 30 02,134244.40795359632,520083.9356914156
Hoorn,Zwaag - Buurt 30 04,133041.45175409844,520237.6785639343
Hoorn,Zwaag - Buurt 30 05,133564.6839510087,520358.6457435162
Hoorn,Zwaag - Buurt 30 06,134006.71196250003,520489.53271249996
Horst aan de Maas,'t Reuvelt,207676.40813715715,381205.3908852868
Horst aan de Maas,America,196181.96061481483,383404.02790740744
Horst aan de Maas,Berkelsbroek,202007.5169028777,384713.4591007194
Horst aan de Maas,Broekhuizen,208867.40113745705,388806.6862199313
Horst aan de Maas,Broekhuizenvorst,208565.66401278772,389805.55685166235
Horst aan de Maas,De Afhang,200529.4713172932,384994.50237594004
Horst aan de Maas,De Comert,207803.98571980678,381949.52438647347
Horst aan de Maas,De Riet,200977.79221532846,385343.73843795614
Horst aan de Maas,De Risselt,201605.50748199338,385583.58231963374
Horst aan de Maas,Everstoord,194761.28492857143,379469.3547142857
Horst aan de Maas,Griendtsveen,189499.40362200953,383940.70139712916
Horst aan de Maas,Grubbenvorst-Centrum,207759.6177055016,381560.6294789642
Horst aan de Maas,Hegelsom,200381.56054780883,383445.3072569722
Horst aan de Maas,Hoogveld,201490.59400763368,384002.7006870229
Horst aan de Maas,Horst-Centrum,201347.28829313105,384977.809476038
Horst aan de Maas,Kapellerhof,201625.5655228758,384442.31064052286
Horst aan de Maas,Kronenberg,197579.7428294314,380847.45975585293
Horst aan de Maas,Loohorst,194919.6288007888,384361.0370867845
Horst aan de Maas,Lottum,208671.6147730498,386059.93729432626
Horst aan de Maas,Meerdal,194453.51482343496,385341.56151845906
Horst aan de Maas,Meerlo,203414.81472194006,391717.54041022854
Horst aan de Maas,Melderslo,203512.75088015708,385975.7247799607
Horst aan de Maas,Meterik,199204.46278688527,385315.9829114755
Horst aan de Maas,Middelreuvelt,207385.3257888446,381029.715687251
Horst aan de Maas,Molenveld,200907.7915092251,385896.7067608857
Horst aan de Maas,Nieuwstraat,201102.04139999996,384563.8277949999
Horst aan de Maas,Sevenum,200264.12413726505,380392.90142477804
Horst aan de Maas,Stuksbeemden,201806.6258293652,385097.234464286
Horst aan de Maas,Swolgen,205755.98276515148,389453.3080681819
Horst aan de Maas,Tienray,204137.5603146998,389760.4843581782
Horst aan de Maas,Tuinhaversveld,207284.53625112097,381507.449118834
Horst aan de Maas,Verspreide huizen America,195262.66956871047,383645.7220909092
Horst aan de Maas,Verspreide huizen Broekhuizen,208146.65169791665,388166.5805312499
Horst aan de Maas,Verspreide huizen Broekhuizenvorst,207995.07617582413,390475.9300439561
Horst aan de Maas,Verspreide huizen Eversoord,194110.44759770113,379322.8477471264
Horst aan de Maas,Verspreide huizen Griendtsveen,190073.6605151515,383865.69136363635
Horst aan de Maas,Verspreide huizen Grubbenvorst,206013.24116164647,382033.27806335484
Horst aan de Maas,Verspreide huizen Hegelsom,200261.82803529414,383114.15204705886
Horst aan de Maas,Verspreide huizen Horst,201403.35606271776,385848.5639773519
Horst aan de Maas,Verspreide huizen Kronenberg,197375.44520895518,381025.0637064677
Horst aan de Maas,Verspreide huizen Lottum,207724.149712,385474.8612320001
Horst aan de Maas,Verspreide huizen Meerlo,203862.04587769788,391569.81029496406
Horst aan de Maas,Verspreide huizen Melderslo,203648.8245269608,386055.79934068624
Horst aan de Maas,Verspreide huizen Meterik,199101.73679249996,385001.8215099999
Horst aan de Maas,Verspreide huizen Sevenum,199024.47071352493,379422.1210457933
Horst aan de Maas,Verspreide huizen Swolgen,205983.39183870968,389907.04381182796
Horst aan de Maas,Verspreide huizen Tienray,203945.25996202533,389666.59943037975
Horst aan de Maas,Weisterbeek,200914.27903896102,385025.3158753247
Houten,'t Goysedorp,142939.5882857143,446073.32766071416
Houten,'t Waal,137566.40630672275,445871.69565126067
Houten,Akkers,140886.95273333328,449613.4712119045
Houten,Bermen,140847.38650209218,449887.1593389123
Houten,Bogen,140870.315,449047.26806896547
Houten,Borchen,138807.16813520406,449708.1253622448
Houten,Boten,138609.71478732076,448275.1513444868
Houten,Bouwen,140432.12546406567,448011.0453983572
Houten,Bruggen,139223.4541498893,448297.99787268793
Houten,Buitengebied 't Goy,143171.27640350876,446200.2858508773
Houten,Buitengebied Houten Oost,141507.70903448272,448928.1807931034
Houten,Buitengebied Houten West,137919.43995333338,450593.2318933335
Houten,Buitengebied Schalkwijk Oost,143264.62321875,443490.8926562501
Houten,Buitengebied Schalkwijk West,140229.71915789478,444469.25877631584
Houten,Buitengebied Tull en 't Waal,138706.89036908816,444901.6478116213
Houten,Campen,138566.47439685243,449489.4434770634
Houten,Castellum Oost,140851.4641337869,447684.36410204077
Houten,Castellum West,140625.542914847,447627.470676856
Houten,Centrum Oost,140090.78859516612,449673.76702114806
Houten,Centrum West,139833.38704868907,449531.5910112363
Houten,De Poel,141063.4937894737,446618.98905263166
Houten,De Staart,137608.33299999998,448749.56875000003
Houten,Dorp 't Goy,143796.20713934422,445938.9424262296
Houten,Dorp Schalkwijk Oost,142765.9843705357,444247.1406026788
Houten,Dorp Schalkwijk West,141130.56229897836,445262.71518222266
Houten,Erven,140085.1800099603,448636.79974900454
Houten,Gaarden,139185.40376223763,449779.10100524453
Houten,Gilden,140516.6636552567,449449.17729339836
Houten,Grassen,141168.51648742743,447362.5012630558
Houten,Hagen,139943.40648418493,450064.796141119
Houten,Hoeven,139606.83917965362,449822.145416667
Houten,Hof van Wulven,138029.22291666665,449623.4885833334
Houten,Honen,138416.34600000002,447919.11225
Houten,Houten,140083.55889160832,447853.35838461545
Houten,Hoven,139747.29018610413,449274.12207196
Houten,Kaden,138428.96482258063,450196.4091774193
Houten,Landen,140901.1133377777,448433.9470711109
Houten,Meren,141724.81354033292,448212.2434046094
Houten,Molens,140386.93361942266,449037.74490288703
Houten,Mossen,141590.7420780379,447428.4887982167
Houten,Oorden,139383.2261129411,449236.5399152939
Houten,Oude Dorp,139672.55828392715,448846.8409412901
Houten,Polders,139677.23415617712,447266.46568764595
Houten,Poorten,139086.03749087892,448840.96960033174
Houten,Schaften,140209.26799052127,448239.44662085315
Houten,Schepen,139223.53663541665,447870.84438541665
Houten,Slagen,138745.1733824885,449061.2643702001
Houten,Sloten,140826.02416304345,450289.062232609
Houten,Sporen,140716.85474470732,448213.0353798257
Houten,Stenen,140686.38126126124,447111.22979459446
Houten,Tuinen,141158.0365503598,448121.1501762588
Houten,Tull,139582.96404347825,444507.147347826
Houten,Waters,139748.11651890498,447547.5707027376
Houten,muren,140232.4315648756,447142.88757667074
Houten,velden,140570.31483666052,450444.96282577125
Houten,vesten,138173.78321999998,448852.2242099999
Houten,weiden,140271.42498209717,450145.2600089513
Huizen,Bijvanck Noord,146561.3179065301,478190.56010627386
Huizen,Bijvanck West,146533.63708583688,477911.0867210298
Huizen,Bikbergen,142130.65670689652,477668.29534482764
Huizen,Bovenmaat Noord,147041.54779458395,479296.8181003962
Huizen,Bovenmaat West,146834.9297377421,478739.9465895095
Huizen,Bovenmaat-Oost,147057.13962405527,478653.7929306696
Huizen,Bovenweg,145457.62374739756,478717.8864136016
Huizen,Crailo,142046.7792499999,476280.0636860466
Huizen,De Noord,144480.8482291877,479151.0533184558
Huizen,De Tuit,147590.05148507463,479210.492761194
Huizen,De Zuid,144985.7226956523,478433.2534679444
Huizen,Filosofenbuurt,147678.45947750856,478796.85885813093
Huizen,Flevo,142023.15537623767,478339.4893762376
Huizen,Gooierhoofd,145611.3653802059,480114.244201594
Huizen,Huizerhoogt,144917.38268181818,477136.9457727271
Huizen,Huizermaat Noord,146429.8077760107,479452.07630947616
Huizen,Huizermaat West,145714.59200185517,479336.3208967224
Huizen,Huizermaat Zuid,146404.39596542195,478796.7301673584
Huizen,IJzeren veld,143021.49237681154,478023.33255072474
Huizen,Industriewijk 't Plaveen,145019.83755254236,479615.7244305085
Huizen,Parrewijn,144377.9749,477570.95369999995
Huizen,Rijsbergen,145095.008875,477358.054625
Huizen,Sijsjesberg,143680.09639430893,478322.49045121943
Huizen,Stad en Lande,145894.8453632505,478175.8777971321
Huizen,Tafelberger Heide,143352.3075,477107.3655
Huizen,Thames,142727.43605882357,478583.8885882352
Huizen,Westereng,143795.45554823318,478847.9250553962
Huizen,Wolfskamer,144975.75407246375,479997.52442028985
Huizen,Zenderwijk,145397.4387788462,478031.991032051
Huizen,Zuidereng,144433.41180480458,478207.5514604608
Hulst,Absdaalseweg,61538.521906474816,366007.5239784171
Hulst,Binnenstad,61945.75854709255,366577.11430057336
Hulst,Boschkapelle,56373.75102974828,371696.220450801
Hulst,Buitengebied Clinge,65357.005838709665,366677.6196774193
Hulst,Buitengebied Graauw,65106.17103571429,370726.0714857143
Hulst,Buitengebied Heikant,59171.445629629634,363529.6842222222
Hulst,Buitengebied Hengstdijk,58092.16002072539,373135.1038134715
Hulst,Buitengebied Hulst,60439.28260693568,367193.74156150135
Hulst,Buitengebied Kapellebrug,62741.0468,364146.8906
Hulst,Buitengebied Kloosterzande,62386.62690951593,375338.226519416
Hulst,Buitengebied Kuitaart,61243.65562857142,372242.0262571429
Hulst,Buitengebied Lamswaarde,62514.41576,373350.86673999997
Hulst,Buitengebied Nieuw Namen,69584.54014150944,370660.2023113207
Hulst,Buitengebied Ossenisse,56664.020427350435,378592.90705128224
Hulst,Buitengebied Sint Jansteen,61187.22808333334,363780.6054166667
Hulst,Buitengebied Terhole,61663.47729166667,370221.7794444444
Hulst,Buitengebied Vogelwaarde,56698.18579310346,371461.1629396551
Hulst,Buitengebied Walsoorden,58969.5741368421,378675.0326105263
Hulst,Carmel,62502.187270710034,367096.83867159765
Hulst,Dullaert,62071.41778206896,367875.456684138
Hulst,Durpe,64434.846134920626,364604.8966375662
Hulst,Gedelfte,61475.6891062271,364124.6156117216
Hulst,Goukensberg,64355.8964674711,365472.98848843295
Hulst,Groenendijk,59156.88676116069,376818.57645089284
Hulst,Groote Kreek,63016.57312638943,365960.7816897705
Hulst,Hoek en Bosch,59878.513551724136,375688.0666896552
Hulst,Hogeweg,60757.53857923496,365451.10676502733
Hulst,Kern Graauw,65478.72017941177,371833.8486852941
Hulst,Kern Heikant,59834.91004372623,363144.4664429658
Hulst,Kern Hengstdijk,58048.91033152174,373621.18942934787
Hulst,Kern Kapellebrug,62603.6883,363552.86061000003
Hulst,Kern Kuitaart,60704.876606557365,373290.98454098357
Hulst,Kern Lamswaarde,62185.21399568965,373427.490474138
Hulst,Kern Nieuw Namen,69532.36844009216,367869.1707096773
Hulst,Kern Ossenisse,57050.99968181818,378634.3144431818
Hulst,Kern Terhole,60928.43062893081,370548.6539622642
Hulst,Kern Walsoorden,60460.97340441904,377913.50086126995
Hulst,Linie,62922.60221004291,367566.96261149127
Hulst,Molenstraat,59727.273959016406,376561.5177602459
Hulst,Nassau,61660.47691919189,367210.9377297978
Hulst,Paal,65901.54415789475,374514.99086842104
Hulst,Perkpolder,59169.166666666664,379935.1683333333
Hulst,Polderken,61516.034195035325,364725.28975258186
Hulst,Puienput,61616.436897579144,367790.5834506518
Hulst,Stoppeldijk,57154.501455927035,371393.73537082074
Hulst,Walhoek,62013.22219516404,364511.7192746114
Hulst,Zandewijk,59203.62863947795,376381.2314632952
Hulst,Zoetevaart,61874.42853204173,365802.22815499257
IJsselstein,Achterveld-Noord,130736.29603558053,448897.82191292144
IJsselstein,Achterveld-Oost,130949.77583815032,448474.8540953758
IJsselstein,Achterveld-West,130222.42329374996,448445.4084946429
IJsselstein,Achterveld-Zuid,130553.59534080718,448183.7341569507
IJsselstein,Bedrijventerrein De Corridor,131423.7953366337,446555.8345742573
IJsselstein,Benschopperpoort en Het Podium,131110.23442290747,447592.5488546255
IJsselstein,De Hoven en De Boomgaard,131426.93947030295,446791.26561090985
IJsselstein,De Rivieren,130793.73033243243,447144.94743243273
IJsselstein,De Tuinen,131597.91262189054,447182.7787661691
IJsselstein,De Wereldsteden,130786.07677755506,446812.1519138281
IJsselstein,Eiterse Waard,131390.15539999996,448410.49546206894
IJsselstein,Europakwartier,132176.61315096953,448278.192065097
IJsselstein,Groenvliet,130834.87286800002,447814.47288599977
IJsselstein,Hazenveld en Overwaard,132069.9605252044,448025.54068675125
IJsselstein,Het Hart,131206.8874947368,447131.64922105323
IJsselstein,Het Staatse,130694.66293889719,447350.3699597617
IJsselstein,IJsseloevers,131500.307185654,448471.1448016878
IJsselstein,IJsselstein-Binnenstad,131444.11199538116,447950.72016859154
IJsselstein,IJsselveld-Oost,132123.81254340566,448746.26774457423
IJsselstein,IJsselveld-West,131574.52323939608,449068.06712077674
IJsselstein,Industrieterrein Lage Dijk,132229.59466666667,447242.621525
IJsselstein,Kasteelkwartier,131144.1883535032,448222.7271035032
IJsselstein,Landelijk gebied Noord,129526.15666359442,450487.2985622119
IJsselstein,Landelijk gebied Zuid,132545.76093023256,446154.31169767445
IJsselstein,Nieuwpoort,131657.45690135393,447817.4150212769
IJsselstein,Oranjekwartier,131787.55417079208,448488.556361386
IJsselstein,Over Oudland,132642.53192391305,447233.19416304346
IJsselstein,Paardenveld,131826.37625721787,447611.689937008
IJsselstein,Panoven,132350.12261861868,447781.3071231233
IJsselstein,Rijpickerwaard,132988.41527272726,447495.7104545455
Kaag en Braassem,Bilderdam,109583.46790740741,469593.0093240741
Kaag en Braassem,Burgemeesterswijk,104114.21066058397,469147.46559854015
Kaag en Braassem,Hoogmade,99804.41495803314,464913.0533279863
Kaag en Braassem,Kaag,98403.76949105848,469767.429430339
Kaag en Braassem,Leimuiden,106274.93591952644,470786.62470895867
Kaag en Braassem,Nieuwe Wetering,102416.85862822502,469204.1112672364
Kaag en Braassem,Ofwegen,101491.16832258065,464246.59564516123
Kaag en Braassem,Oud Ade en Zevenhuizen,98499.29657582841,467342.85123771033
Kaag en Braassem,Oude Wetering,104157.72263553245,469752.6173188802
Kaag en Braassem,Overige verspreide huizen,99173.46563157969,465847.5141347011
Kaag en Braassem,Rijnsaterwoude,105989.95883295494,467709.23382555426
Kaag en Braassem,Rijpwetering,100031.04406677847,467492.4218942524
Kaag en Braassem,Roelofarendsveen,103209.52416501455,468038.8368937893
Kaag en Braassem,Roelofarendsveen-Noord,103466.77642472168,468926.73150146473
Kaag en Braassem,Tuinbouwgebied,103097.19352321746,468093.0106957632
Kaag en Braassem,Uitbreiding West,105832.0566156202,470719.9396202143
Kaag en Braassem,Verspreide huizen Oost,107086.37361538463,469376.763
Kaag en Braassem,Verspreide huizen Oudendijkse polder,103117.09229371934,465107.8547286297
Kaag en Braassem,Verspreide huizen Rijnsaterwoude,106988.17779999999,467650.11539999995
Kaag en Braassem,Verspreide huizen Veenderpolder,101991.89650636939,467974.28976114653
Kaag en Braassem,Verspreide huizen Vierambachtspolder,105887.77908163265,466379.2092142858
Kaag en Braassem,Verspreide huizen Vriezekoopse polder,108779.77372493538,471656.4168832063
Kaag en Braassem,Verspreide huizen West,105580.7045918835,470913.1815041053
Kaag en Braassem,Vriezekoop,108092.3169436889,470242.01695914817
Kaag en Braassem,Woubrugge,103727.79513305673,464740.6598988807
Kaag en Braassem,Woubrugge-West,103450.91308068183,464947.2303318185
Kampen,'s-Heerenbroek,197447.80848583006,505576.91417813796
Kampen,Binnenstad Kampen,190898.32853188115,507863.9636607748
Kampen,Bovenbroek,191173.4927405966,506652.3886173802
Kampen,Brunnepe,190148.87506687565,508492.7224906264
Kampen,Cellesbroek,189687.33624210264,507179.56383536925
Kampen,De Koekoek,193478.94134959363,510152.3452439026
Kampen,De Maten,190317.22494691386,506031.55323852826
Kampen,De Melm,186784.8525324676,508083.01202597393
Kampen,De Venen,190955.85153846157,506065.48746153846
Kampen,De Waard,191313.7966235391,510330.12793023564
Kampen,Flevowijk,190555.22210116024,506750.22047378134
Kampen,Grafhorst,192127.1556850829,510802.4715828727
Kampen,Groene Hart,190505.03192857144,507656.79907142866
Kampen,Hagenbroek,189319.94525591,507940.34999223176
Kampen,Hanzewijk en Greente,189793.49074494772,508259.58560696844
Kampen,Het Onderdijks,191812.2010983021,505383.0016925825
Kampen,IJsselmuiden-Centrum,191806.70756334325,508963.39643752686
Kampen,Industrieterrein IJsselmuiden,192173.13239570058,507402.47992139217
Kampen,Industrieterrein Kampen,188778.10338900704,508640.8453872355
Kampen,Kampen-Zuid,191227.42124257394,506982.1763138626
Kampen,Kampereiland,189327.79510329379,511638.9009735312
Kampen,Kamperveen,192185.23846025934,501584.4629019699
Kampen,Losselanden,192731.11471065553,508888.0946332349
Kampen,Mandjeswaard,194438.22191176467,513471.85673529404
Kampen,Oosterholt,193385.3292987423,508502.37166037696
Kampen,Polder Dronthen,188687.6483823529,505834.9097745098
Kampen,Sonnenberg,194041.2397735849,507024.4695660376
Kampen,Stationskwartier,190879.19468398273,505435.23730303044
Kampen,Stationsplein,191157.21773437504,508310.84385937505
Kampen,Trekvaart,192069.06678257926,508279.9833651438
Kampen,Verspreide huizen Wilsum,193910.24745454546,505517.5172727272
Kampen,Verspreide huizen Zalk,196196.69756468857,502931.7381218333
Kampen,Verspreide huizen polder Mastenbroek,196929.28507407408,509034.7221296297
Kampen,Wilsum,194341.85847813412,504725.7290816335
Kampen,Zalk,197161.14039613536,503873.38356038666
Kapelle,Kapelle,55942.06324000971,389189.3859894073
Kapelle,Schore,58524.317495192314,386808.25441346155
Kapelle,Verspreide huizen Kapelle,55508.505352678585,388807.90771874983
Kapelle,Verspreide huizen Schore,58032.33284615385,387030.97099999996
Kapelle,Verspreide huizen Wemeldinge,58080.97203973508,393157.1177880796
Kapelle,Wemeldinge,58476.30366605051,392921.0975779421
Katwijk,'t Duyfrak,90539.23377392867,465558.6277652341
Katwijk,'t Heen-Noord,89882.98301262625,468693.6046464647
Katwijk,'t Heen-Zuid,89554.40277446805,468430.27562978736
Katwijk,'t Joght,89449.96088248125,466411.04524405865
Katwijk,'t Sandt,89344.11042461808,467469.9027352504
Katwijk,Centrum,89080.70284081511,468014.0820747868
Katwijk,Centrum-Noord,90381.010247678,467747.8307616097
Katwijk,Cleijn Duin,88815.93092482517,468558.01579720294
Katwijk,De Hoek,89916.39561681327,467814.9540117303
Katwijk,De Horn,90815.21323204228,467647.64829917735
Katwijk,De Mient en Kooltuin,88241.90455263156,466091.4544605263
Katwijk,De Noord,87533.4239925272,469188.81818138575
Katwijk,Dorp,89428.25174796248,467131.81696423667
Katwijk,Frederiksoord-Noord,90405.16073042765,466911.962636804
Katwijk,Frederiksoord-Zuid,90386.73513239871,466569.5903442368
Katwijk,Hoornes-Oost,89105.19684964682,468995.1624803232
Katwijk,Hoornes-West,88562.33922934785,469240.55773586937
Katwijk,Kamphuizerpolder,90910.74778740156,467089.4339763779
Katwijk,Kleipetten,89776.9913498864,467031.543352581
Katwijk,Koestal,88501.4311692308,468102.6573569236
Katwijk,Midden,87455.95335257296,468676.8868824755
Katwijk,Molenwijk,89041.61601154164,467009.8158854082
Katwijk,Noord-Oost,87783.04234766118,468906.6914981041
Katwijk,Noordduinen,87992.07194142109,469635.5053437135
Katwijk,Overduin,88117.53246666667,468212.5081111109
Katwijk,Overige verspreide huizen Valkenburg,90048.17100921526,465009.89400627365
Katwijk,Rijnsburg-Noord,90985.21855655298,468593.56107899465
Katwijk,Rijnsoever-Midden,88946.62059419013,469702.7989797533
Katwijk,Rijnsoever-Noord,89319.62343010741,469891.6951763445
Katwijk,Rijnsoever-Oost,89461.58095905017,469362.3233675932
Katwijk,Rijnsoever-West,88571.85279560155,469721.8727309186
Katwijk,Strand,86976.0471924973,468932.1657900241
Katwijk,Valkenburgse Meer,90584.13249037649,464293.35397291364
Katwijk,Westerhaghe,89845.72357331362,467412.89752639405
Katwijk,Witte Hek,88371.58146737973,468800.1175989306
Katwijk,Zanderij,88479.44752112735,467585.378747501
Katwijk,Zuid,87401.07246369297,468437.08408298774
Katwijk,Zuid-Oost,87480.4097191781,468187.8602328765
Katwijk,Zuid-West,86831.17341805219,468226.42203800473
Katwijk,Zuidduinen,87815.99116525162,466728.4814353289
Kerkrade,Bleijerheide,203027.1711210571,318282.4372031302
Kerkrade,Chevremont,202866.48294288685,320916.1924422307
Kerkrade,Erenstein,202644.30995162742,320523.8674744186
Kerkrade,Eygelshoven-Kom,202515.31475829775,322826.8048979339
Kerkrade,Gracht,199844.26378014171,318019.60498758906
Kerkrade,Haanrade,203380.4155965341,321430.81771758373
Kerkrade,Heilust,200237.3446293107,319184.1892340856
Kerkrade,Holz,203365.76170527618,319458.59895753
Kerkrade,Hopel,201666.65357581232,322706.1123925996
Kerkrade,Kaalheide,200794.7338412455,319598.9921585254
Kerkrade,Kerkrade-Centrum,202650.90222697202,319590.8517752024
Kerkrade,Nulland,202982.78932222753,318868.3438246868
Kerkrade,Rolduckerveld,203168.18552890368,320230.82487699745
Kerkrade,Spekholzerheide,199663.25503248957,318787.5243830724
Kerkrade,Terwinselen,199744.11522767378,319806.56916696014
Kerkrade,Verspreide huizen Dentgenbach,200926.84388001854,320619.25468154676
Kerkrade,Vink,202461.0412600478,321979.9433183855
Kerkrade,Waubacherveld,201958.9037747141,323329.7347366949
Koggenland,Alver en omgeving,125343.9489901768,515091.5501100195
Koggenland,Avenhorn Buitenroede en omgeving,125879.0044,515005.4484
Koggenland,Avenhorn Verspreide huizen West,124591.6411836735,514501.73546938755
Koggenland,Baarsdorpermeer,128009.46079591835,520020.56799999997
Koggenland,Bedrijventerrein Braken,121553.28744407883,520321.1970394738
Koggenland,Bedrijventerrein Vredemaker,126226.39965405404,515398.7028378378
Koggenland,Berkhout Verspreide huizen Zuid,128765.72921997738,516402.49491626257
Koggenland,Berkmeerdijk,121924.08305128202,522583.4524102564
Koggenland,Bobeldijk en omgeving,128730.45772058818,518557.09518627456
Koggenland,Bruggevaart en omgeving,129199.31392156861,517330.4534052289
Koggenland,De Goorn Verspreide huizen,125142.8109016394,516055.45291803277
Koggenland,De Goorn en omgeving,125102.29753278685,515743.618229508
Koggenland,Dokter Lohmanstraat en omgeving,122239.58622468347,520987.4027373418
Koggenland,Dorpsstraat en omgeving,122716.52391964287,521089.8276035714
Koggenland,Dorpsweg en omgeving,120925.37859718972,519098.11109367677
Koggenland,Drechterlandsedijk en omgeving,121420.97579569893,515627.6059498205
Koggenland,Duinweid en omgeving,123163.50839999998,520708.8212
Koggenland,Geesterland en omgeving,121833.61089795917,515450.24527891155
Koggenland,Grosthuizen,127302.10499999991,514554.64969565225
Koggenland,Handelskade en omgeving,122403.13669543143,521174.8834416242
Koggenland,Hensbroek Verspreide huizen,120252.22536446,519035.0367849896
Koggenland,Het Veer en omgeving,125704.3319083333,514652.7536722223
Koggenland,Jaagweg en omgeving,125745.63672826086,514402.7245869566
Koggenland,Kantbeugel en omgeving,125480.14252212388,515473.5682522122
Koggenland,Kanteel en omgeving,125258.91013357388,515517.98999999993
Koggenland,Kerkebuurt,128380.27436538458,516998.6310961538
Koggenland,Klipper en omgeving,121671.13031677024,521204.0687763978
Koggenland,Laan van Meerweijde en omgeving,122500.83080386728,520570.6161988952
Koggenland,Lange weide en omgeving,126622.2507326732,512766.89918811916
Koggenland,Mijzerdijk,122633.4376296296,514861.14711111115
Koggenland,Nijenburglaan en omgeving,122863.79086896541,520831.29152758553
Koggenland,Obdam Verspreide huizen Oost,122955.81899999994,520582.79669642856
Koggenland,Obdam Verspreide huizen West,121774.66131944442,521318.0035694444
Koggenland,Oosteinde,129773.18826865671,517215.4241641791
Koggenland,Oudendijk Verspreide huizen,127077.49364016105,512877.0464021422
Koggenland,Pastoor Lemeerstraat en omgeving,124962.49490996776,515897.94326688116
Koggenland,Reigerlaan Obdam en omgeving,121847.04349999977,520891.7612074075
Koggenland,Reigerlaan Ursem en omgeving,121264.51667953651,515873.6582355213
Koggenland,Rietgras en omgeving,125537.96720520231,515868.17174566444
Koggenland,Ruijterstraat en omgeving,121663.05549999996,515802.1891679102
Koggenland,Rustenburg,120514.6867538462,516519.94636923086
Koggenland,Scharwoude Verspreide huizen,129540.19790000003,515285.078575
Koggenland,Scharwoude en omgeving,129678.77574242413,514930.7699343438
Koggenland,Singel en omgeving,125149.76561463422,516286.95157073165
Koggenland,Slagterslaan en omgeving,128884.20886086958,517278.1483275364
Koggenland,Spierdijk Verspreide huizen,124926.26381720432,517970.66912365594
Koggenland,Spierdijkerweg en omgeving,124794.19212098753,518145.25908395037
Koggenland,Tuinderij en omgeving,122172.43793333335,515740.1191555554
Koggenland,Ursem Verspreide huizen Noord,122023.57804191606,516602.9750778442
Koggenland,Ursem Verspreide huizen Oost,123295.19153087721,515504.4262674986
Koggenland,Weerestraat en omgeving,121980.94073397425,521197.9884006408
Koggenland,West en omgeving,125146.08824999999,514890.8019999999
Koggenland,Westeinde,126963.64666666671,516799.3254130436
Koggenland,Wieken en omgeving,125597.47796907205,514861.9030824744
Koggenland,Wogmeer Oost,124481.69421505374,518908.98688172054
Koggenland,Wogmeer West,122659.83073387097,518225.6082338712
Koggenland,Zuidermeer Verspreide huizen West,126807.91319672129,519616.50152459013
Koggenland,Zuidermeerweg en omgeving,127124.19331192659,519698.67774311913
Koggenland,Zuidgouw en omgeving,121777.74543356642,515567.9111958041
Krimpen aan den IJssel,Boveneind,101753.83016555947,437504.41020388366
Krimpen aan den IJssel,Kortland-Noord,100348.75994865279,436878.74914260005
Krimpen aan den IJssel,Kortland-Zuid,101101.48644161758,436392.6875208721
Krimpen aan den IJssel,Langeland,102209.40639293607,437022.5746581528
Krimpen aan den IJssel,Lansingh-Zuid,101361.88945742561,436028.02193168324
Krimpen aan den IJssel,Oud Krimpen,99703.87086157475,436122.3560092852
Krimpenerwaard,Achterbroek,107744.8484095238,442406.557647619
Krimpenerwaard,Agterpoort,112975.97300724631,445763.27555072465
Krimpenerwaard,Ammerstol,115212.70473086121,437865.51069976063
Krimpenerwaard,Beneden-Haastrecht,111145.6009787234,446210.16293617024
Krimpenerwaard,Benedenberg en Zuidbroek,111225.58536708861,438837.8224113923
Krimpenerwaard,Benedenheul,109983.1299506173,441209.6001234567
Krimpenerwaard,Benedenkerk,111862.48495900692,442489.53844873613
Krimpenerwaard,Bergambacht-Dorp,113404.2561826348,438618.41257485095
Krimpenerwaard,Bergstoep,113560.257345119,437843.27360620745
Krimpenerwaard,Bergvliet,113122.35666566266,445457.31868072296
Krimpenerwaard,Berkenwoude,108264.71597142862,439909.0348714285
Krimpenerwaard,Beroepenbuurt,102521.4515555556,434111.06137283944
Krimpenerwaard,Bilwijk,112275.82678260868,444055.219652174
Krimpenerwaard,Binnen Krimpen,102557.50342681051,434479.57730662567
Krimpenerwaard,Bonrepas,117045.08231372549,442299.65072549024
Krimpenerwaard,Boven-Haastrecht,114823.26360907978,447058.77710132016
Krimpenerwaard,Bovenberg westelijk van de Fransekade,116003.86795652176,440548.7081449276
Krimpenerwaard,Bovenkerk,113578.00315730336,442895.55214606726
Krimpenerwaard,Bovenstad,115716.97508333337,438427.0849583334
Krimpenerwaard,Gouderak,106315.58515871712,444330.2651282893
Krimpenerwaard,Goudseweg,111814.09335294119,443935.81241176475
Krimpenerwaard,Haastrecht-Dorpskern,113033.08922876924,446058.71437766816
Krimpenerwaard,Het Beijersche,110043.14989181927,444171.76976463484
Krimpenerwaard,Hofkamp,113276.33039094656,445722.51054732525
Krimpenerwaard,Hoofdstraat,103047.98806907894,434415.54380811413
Krimpenerwaard,Industrieterrein,107102.5573656716,434835.4470522388
Krimpenerwaard,Industrieterrein Krimpen,102221.16092727272,434079.37927272724
Krimpenerwaard,Kadijk en Kadijkselaan,113371.49953846153,439510.08533333335
Krimpenerwaard,Koninginnenbuurt,106759.57199503323,434676.9411440398
Krimpenerwaard,Koolwijk,112305.55696969698,441230.46787878784
Krimpenerwaard,Krimpen Centrum,102828.96466894193,434081.281750853
Krimpenerwaard,Krimpen-Oost,103575.55511536305,434459.29707001493
Krimpenerwaard,Lekdijk,101174.54642313288,434713.4158959908
Krimpenerwaard,Lekdijk-Oost en Provinciale weg (ged.),114175.92374766355,438048.37304672896
Krimpenerwaard,Lekdijk-West en Provinciale weg (ged.),111858.1264057971,436621.64439130435
Krimpenerwaard,Lekkerkerk-Oost,106228.57877720207,434769.54448013817
Krimpenerwaard,Molenwerf en omstreken,106212.48206111112,434446.2687444444
Krimpenerwaard,Opperduit,108740.37304379557,434869.94659489056
Krimpenerwaard,Ouderkerk aan den IJssel,103401.8897749866,438532.269946553
Krimpenerwaard,Prinsessenbuurt,106775.38242181817,435018.3803418186
Krimpenerwaard,Provinciale weg (ged.) De Hem en Hogedijk (ged.),116508.3835,439478.89056666667
Krimpenerwaard,Rozendaal,117273.97607894737,447611.7661315789
Krimpenerwaard,Schoonhoven-Noord,117833.6117994792,440563.301960937
Krimpenerwaard,Schoonhoven-Oude Stad,118169.29427031867,439858.82430579164
Krimpenerwaard,Schoonhoven-West,117377.80967355367,440448.9318022433
Krimpenerwaard,Schoonouwen,113954.23470967742,441800.7507580646
Krimpenerwaard,Schuwacht,105069.13559863945,434009.47902721097
Krimpenerwaard,Stein,112808.69372884613,446217.65836730757
Krimpenerwaard,Stolwijk,112753.99356398992,442894.29959410464
Krimpenerwaard,Stolwijkersluis (ged.),109643.68705555558,446286.33113888884
Krimpenerwaard,Tiendhoek,106865.41990737552,435396.8532315606
Krimpenerwaard,Tiendweg Noord,102917.1088314176,434869.7694521073
Krimpenerwaard,Tiendweg-West,105870.09093518519,435147.2989722222
Krimpenerwaard,Tussenlanen,114557.4175471698,439341.3030000001
Krimpenerwaard,Uitbreiding Dorp,113848.16672727294,438710.14573342435
Krimpenerwaard,Verspr. huizen Haastrecht Noord,113494.46943859648,446675.4288421054
Krimpenerwaard,Verspr. huizen Haastrecht Zuid,115483.66994871794,445693.2065641026
Krimpenerwaard,Verspr. huizen Krimpen aan de Lek,101595.92881818184,435585.2093636364
Krimpenerwaard,Verspr. huizen Lekkerkerk,107364.00139534885,436664.7804651163
Krimpenerwaard,Verspr. huizen Ouderkerk Noord,103753.98412227802,441842.85908040206
Krimpenerwaard,Verspr. huizen Ouderkerk Oost,105265.44776712329,438059.37052054796
Krimpenerwaard,Vlist,115891.00095852539,443486.99901382485
Krimpenerwaard,"Vlist, Bovenberg en Lekdijk",117363.54612621358,439871.9847475728
Krimpenerwaard,Voorstraat en Centrum,106486.12146813722,434298.4499632355
Krimpenerwaard,Wibautsraat en Lorentzweg,106477.11369496022,434655.08174801053
Krimpenerwaard,Willige-Langerak,119281.72069966167,439883.6290245353
Krimpenerwaard,Zaag,100225.90300390428,435284.0474536972
Krimpenerwaard,Zevender,118958.23086065576,440401.20953278674
Laarbeek,Aarle-Rixtel,172471.9782245989,391196.6742591525
Laarbeek,Bedrijventerrein Beekerheide,172724.05401898734,392863.0111202532
Laarbeek,Bedrijventerrein Bemmer,172099.96939224147,395197.1369741381
Laarbeek,Bedrijventerrein Duivenakker,173061.3630769231,390885.92353846156
Laarbeek,Bedrijventerrein Torenakker,171872.41351111114,391322.7830222222
Laarbeek,Beek,171818.36532809574,393389.32446726563
Laarbeek,Donk,171546.60200211973,394564.35903391644
Laarbeek,Industrieterrein Bavaria,170137.68800000005,392068.5866063831
Laarbeek,Lieshout,169318.23901946464,392245.83737347927
Laarbeek,Mariahout,167717.65555394188,394644.6512842323
Laarbeek,Verspreide huizen Beek en Donk,172050.75491573024,393969.0760116916
Laarbeek,Verspreide huizen Heikant,174233.68331426667,392007.76453182136
Laarbeek,Verspreide huizen Laar en Strijp,171373.5495846154,391046.4633692307
Laarbeek,Verspreide huizen Lieshout,168628.50137742655,391607.6899617559
Laarbeek,Verspreide huizen Mariahout,167878.6564548105,394770.28086880455
Landerd,Nabbegat-Voederheil,174676.8055973154,413323.52879194636
Landerd,Oventje,174964.6892947368,409834.0858315791
Landerd,Overige verspreide huizen,173052.30846036386,418353.57936108677
Landerd,Reek,175356.65114373068,417422.8833425079
Landerd,Schaijk,171991.59493859948,417415.0401379777
Landerd,Verspreide huizen Duifhuis-Kreitsberg,175902.2814711539,413462.93665384606
Landerd,Verspreide huizen Mun,169920.52839411772,416951.527970588
Landerd,Verspreide huizen Peel,177991.03991228066,410593.55407017557
Landerd,Verspreide huizen Reekse Heide en Bovenland,175608.16345833335,416651.79721875006
Landerd,Verspreide huizen Schaijkse Heide,172630.47993150682,415808.8363630134
Landerd,Verspreide huizen Trent-Graspeel,176472.03429999997,410792.3726866666
Landerd,Verspreide huizen Zevenhuis,173674.0206896552,412182.86388505745
Landerd,Zeeland,174919.2333941701,412077.6511762332
Landgraaf,Abdissenbosch,200544.65537062686,326002.2879834713
Landgraaf,Achter de Haesen,199440.58335570482,322902.81050671136
Landgraaf,Achter den Winkel,198916.52851950037,322253.65345703374
Landgraaf,Brunssumerheide (1),199432.6996,327256.789
Landgraaf,Buitengebied Brunssumerheide (2),198719.69717754237,324636.5592036912
Landgraaf,De Dormig,199687.80755082762,323434.4049456267
Landgraaf,De Streep,199132.04019009596,323287.1785495209
Landgraaf,Eiske,199078.04248845385,321491.2441830499
Landgraaf,Exdel,199287.84819123504,324465.0472788846
Landgraaf,Gravenrode,200373.9038541604,321906.5196709299
Landgraaf,Groenstraat,201982.60771134018,324662.1677752579
Landgraaf,Heistraat,199308.6251521739,320644.97163478273
Landgraaf,Hoefveld,200820.21376212838,323846.56675586867
Landgraaf,Kakert,198612.73113075068,323967.06460290554
Landgraaf,Klinkerkwartier,199779.86918313263,322987.87541927746
Landgraaf,Lauradorp,201265.17992071595,324989.6769852939
Landgraaf,Leenhof,198674.45943287667,322872.94456986315
Landgraaf,Lichtenberg,199507.2838199565,323782.6486963122
Landgraaf,Mijnbuurt,199328.76930128963,321521.8435064477
Landgraaf,Namiddagsche Driessen,201271.06946881287,325673.91504828964
Landgraaf,Nieuwenhagerheide,199905.99267850374,324738.65483195934
Landgraaf,Op de Kamp,199858.9828348966,324047.0297560974
Landgraaf,Oud Nieuwenhagen,200458.6914094392,324282.6576135092
Landgraaf,Parkheide,200739.33734706565,325453.19663190295
Landgraaf,Rimburg,203990.61962569825,325168.6159972068
Landgraaf,Schaesberg Centrum,199211.27115751914,322556.28917982674
Landgraaf,Waubach,201835.74019939077,325305.4775182927
Landsmeer,Den Ilp,122722.13197997583,496654.5749976997
Landsmeer,Landsmeer,122949.33603187236,493872.2681842638
Landsmeer,Plan Centrum-Noord,123220.30074822839,493997.3010733957
Landsmeer,Plan Centrum-West,122273.90542399562,493509.08614680526
Landsmeer,Plan Centrum-Zuid,123000.80621428559,493360.2474198251
Landsmeer,Purmerland,123771.35135329339,499345.6002215566
Landsmeer,Verspreide huizen ten oosten van Landsmeer,124951.43986263736,493775.578131868
Langedijk,Broek op Langedijk,115509.94144305061,521470.20505627204
Langedijk,Koedijk,111355.90613761467,522227.0460091743
Langedijk,Laanweg en Waarddijk,117229.36725160753,525389.9112495346
Langedijk,Noord-Scharwoude,115905.41710834476,524025.92437599145
Langedijk,Oudkarspel,115313.29093199795,525097.9429233806
Langedijk,Sint Pancras,114323.83503853215,519341.06449908274
Langedijk,Zuid-Scharwoude,115856.55613401387,522829.7988771814
Lansingerland,Ackerse Zoom,93740.4951023621,445804.24777296575
Lansingerland,Annie M.G. Schmidtpark Midden,92860.03783333335,445201.89516666665
Lansingerland,Bedrijventerrein Rodenrijs,91040.9020614035,444029.1679824563
Lansingerland,Beemdenbuurt,93598.78971258276,445024.8541139072
Lansingerland,Bergboezem,89526.73105263157,444200.26447368425
Lansingerland,Bergsche Ackers,93988.39781965317,445308.77222658956
Lansingerland,Bergse Nos,96129.3764,442681.35945000005
Lansingerland,Berkel Dorp,92457.05190189523,445323.6438963208
Lansingerland,Berkelse Poort,92417.59631884059,444889.2703188404
Lansingerland,Bloemenbuurt,91426.51931516586,444212.3009952606
Lansingerland,Bolwerk,91291.33627707008,444477.6413503185
Lansingerland,Bomen- en Struikenbuurt,93087.8160189036,446189.8900415879
Lansingerland,Bomenbuurt,97049.53691015171,446747.13577246224
Lansingerland,Bonfut,91609.9048625,443829.724125
Lansingerland,Boterdorpse Zoom,93190.55617959188,445106.9643306123
Lansingerland,Buurt 2741,91005.19373474186,445289.3855727699
Lansingerland,Buurt 2851,90860.26635987256,444428.3414108284
Lansingerland,Componistenbuurt,93489.28338076922,446152.69365384616
Lansingerland,De Driehoek,94711.21068571432,445028.4553714286
Lansingerland,De Hoefslag,96706.770205314,447764.2743864729
Lansingerland,De Tuinen,96799.1217235772,447263.906693767
Lansingerland,Dorp Bergschenhoek,94242.52016499115,444599.5998894147
Lansingerland,Edelsteenbuurt,93743.1331790235,446611.142108499
Lansingerland,Eilandenbuurt,93480.28153442031,444557.05448913045
Lansingerland,Gouden Griffelbuurt,91317.46819186049,444879.6015988371
Lansingerland,Gouden Uilbuurt,91408.78361861315,445186.82876277354
Lansingerland,Havenbuurt,91464.75745742359,445724.27723689977
Lansingerland,Hoeksekade,94881.93174545452,444371.82075757586
Lansingerland,Klappolder,97131.53571093752,449051.7071562501
Lansingerland,Kruisweg,97324.88906382979,450971.6364680852
Lansingerland,Merenbuurt,92624.41959449547,446471.09198165115
Lansingerland,Merenveld,96731.92150083963,446280.9513172404
Lansingerland,Molenbuurt,97331.44642857143,447675.08035714284
Lansingerland,Noordeinde,92830.39106933774,448106.6375668455
Lansingerland,Oosteindsche Ackers,94433.90970177836,445580.95212927496
Lansingerland,Oranjebuurt,94663.91116772305,446463.89701560256
Lansingerland,Oudeland,90466.30683805673,443791.63647773245
Lansingerland,Overbuurtse Polder,95651.22264208247,447620.97423427325
Lansingerland,Parc Rodenrijs,91735.94130873783,444233.2927747573
Lansingerland,Parkbuurt,92143.27275041866,445575.37025460607
Lansingerland,Prisma,96686.09262158474,451003.1815000001
Lansingerland,Rivierenbuurt,91844.42916650712,446035.376384689
Lansingerland,Rodenrijse Zoom,92206.13169221107,444560.9819020104
Lansingerland,Rotte Zoom,97402.63675149289,446577.7432277764
Lansingerland,Schildersbuurt,95938.75181746033,447066.5968386244
Lansingerland,Schreyracker,95641.32280137567,444674.57651072927
Lansingerland,Spoorhaven,91320.9253108108,443344.1637162162
Lansingerland,Sterrenbuurt,94856.06407106963,446897.24422900204
Lansingerland,Vlinderstrik,90629.24597505199,443237.33070894
Lansingerland,Vogelbuurt,94139.96751666671,445717.24187941174
Lansingerland,Warmoeziersweg,95115.01723728814,445637.0728135593
Lansingerland,Weg en Land,94356.20490746744,443951.6079204548
Lansingerland,Weidebloembuurt,91903.42283643893,445034.3171469981
Lansingerland,Wilderszijde,92753.3071886792,443837.2600754717
Lansingerland,Zeeheldenbuurt,96152.31976851853,447671.2669481479
Lansingerland,Zeldenrust,96048.59905263157,446639.7236842105
Laren,Laren-Centrum,143967.27037482342,474293.3752482326
Laren,Laren-Natuurgebied,142753.28358333334,473048.65549999994
Laren,Omloop,144461.67531847136,474566.06236464897
Laren,Oostereng,143785.0969910394,473654.64888888877
Laren,Postiljon,144623.1470059171,473092.16675147926
Laren,Rijksweg-Noord,142765.99373750002,473717.89316874987
Laren,Rijksweg-Zuid,143140.04095762715,473031.0625508474
Laren,Steenbergen,143184.07469408744,474612.6851773787
Laren,Zevenend,144617.18614057917,473651.47058917215
Laren,Zwarte Berg,143921.47840184043,475141.02414723963
Leeuwarden,Achter de Hoven,183438.04145984238,579026.2201554965
Leeuwarden,Alde Leie,177751.69647286827,589138.8985891475
Leeuwarden,Aldlân-Oost,184434.93253654309,578135.7415626453
Leeuwarden,Aldlân-West,183412.3583108811,577835.3787314335
Leeuwarden,Baard,173870.3283478261,572877.524271739
Leeuwarden,Bears,178472.47400000002,574591.4071206895
Leeuwarden,Bilgaard,182148.8770677462,581069.409081691
Leeuwarden,Blitsaerd,184624.33928348916,581532.3731214955
Leeuwarden,Bloemenbuurt,183059.9198181816,580590.0238205127
Leeuwarden,Blokhuisplein,182662.4843478261,579425.8087463765
Leeuwarden,Bonifatius,181712.74230236208,580403.4291826774
Leeuwarden,Britsum,181541.92944801983,585178.5076089111
Leeuwarden,Buitengebied Britsum,181819.84688,585064.57448
Leeuwarden,Buitengebied De Zwette,180910.27335714287,576430.104642857
Leeuwarden,Buitengebied Easterlittens,173104.31075,571279.4028124999
Leeuwarden,Buitengebied Feinsum,179691.89921052632,588456.7923157895
Leeuwarden,Buitengebied Grou,185952.5617382646,568130.586079436
Leeuwarden,Buitengebied Hempens,185284.12916666668,576771.9697037035
Leeuwarden,Buitengebied Hijum,181228.52758333334,588669.5101666667
Leeuwarden,Buitengebied Hilaard,175638.31892307696,575777.7434615386
Leeuwarden,Buitengebied Jelsum,181800.7872241379,583257.8786551724
Leeuwarden,Buitengebied Jirnsum,181810.2570244702,564636.0360143703
Leeuwarden,Buitengebied Jorwert,176632.12997058828,573212.5549117647
Leeuwarden,Buitengebied Koarnjum,180896.97331818184,584093.5354090909
Leeuwarden,Buitengebied Lekkum en Miedum,184596.13700000002,582852.8208800001
Leeuwarden,Buitengebied Mantgum,177286.78960714283,571285.3065357144
Leeuwarden,Buitengebied Noordwest,180073.45212765966,581698.4712127657
Leeuwarden,Buitengebied Reduzum,181578.1586190477,569722.5963095239
Leeuwarden,Buitengebied Stiens,180282.51259009002,586676.9155990989
Leeuwarden,Buitengebied Warten,189939.51567967772,572132.9703143997
Leeuwarden,Buitengebied Weidum,179122.30075862072,573748.8026896552
Leeuwarden,Buitengebied Wergea,185568.51972727283,573251.1197454545
Leeuwarden,Buitengebied West,179306.61875,579948.4965
Leeuwarden,Buitengebied Wirdum,182473.18704444446,573703.3657777777
Leeuwarden,Buitengebied Wytgaard,181380.41900000002,572127.592936508
Leeuwarden,Cambuur,183616.99560244696,580112.0035797694
Leeuwarden,Cambuursterpad,183064.34813084116,580063.5745981311
Leeuwarden,Camminghaburen-Midden,185446.47577691133,580446.2878465937
Leeuwarden,Camminghaburen-Noord,185269.13995527753,580939.3338159128
Leeuwarden,Camminghaburen-Zuid,185473.78530635367,580070.8401871186
Leeuwarden,De Centrale,183977.43046666664,579553.4795333333
Leeuwarden,De Groene Ster,187421.95884615387,580825.9074615384
Leeuwarden,De Klamp,182943.1125,575784.2527125004
Leeuwarden,De Waag,182445.3135051487,579499.765864285
Leeuwarden,De Werp,182417.16499999998,575142.683
Leeuwarden,De Zuidlanden,183432.6966,575546.614
Leeuwarden,De Zwette I Harlingervaart,180839.88634276696,578920.6435983935
Leeuwarden,De Zwette II Zwettehaven,180528.0130291971,578251.9310510949
Leeuwarden,De Zwette III Schenkenschans,180113.77846825388,578784.0108253966
Leeuwarden,De Zwette IV Businesspark,180156.6711889763,579645.2117007873
Leeuwarden,De Zwette V Newton,179712.6278787878,577809.0006666665
Leeuwarden,De Zwette VI Deinumerpolder,179380.18349999998,578739.3
Leeuwarden,Eagum,184455.91108333334,571587.9658333333
Leeuwarden,Easterlittens,172569.21630000006,572143.9630349999
Leeuwarden,EnergieCampus Sylsterrak,179752.8825,579443.06
Leeuwarden,Feinsum,179596.22898039207,588059.1501764708
Leeuwarden,Friens,182527.04910256408,567915.9124358975
Leeuwarden,Gerard Dou,182172.8189818435,578428.8684706707
Leeuwarden,Goutum,182890.53884683366,576950.4710279823
Leeuwarden,Grote Kerkbuurt,182467.0216290298,579807.0222441436
Leeuwarden,Grote Wielen,186816.23783333332,581503.1133333334
Leeuwarden,Grou,185085.28235027078,567414.0957658153
Leeuwarden,Harlingervaart Noord,181371.47899285913,579164.4934990247
Leeuwarden,Havankpark,182979.29928104574,581513.1179215686
Leeuwarden,Heechterp,183832.01756802129,580604.3579730558
Leeuwarden,Helicon,180866.51543636355,579740.4881963639
Leeuwarden,Hempens/Teerns,185112.4183878263,576982.7787727962
Leeuwarden,Hemrik,185820.15091132707,579200.3573091959
Leeuwarden,Hijum,180208.3158917527,589460.6312783504
Leeuwarden,Hilaard,176605.47853153147,575462.5786126127
Leeuwarden,Hoek,182755.204540476,579786.923741219
Leeuwarden,Hollanderwijk,182156.0440318416,578716.2901101544
Leeuwarden,Huizum-Badweg,182501.0266121496,578134.0621074766
Leeuwarden,Huizum-Bornia,182820.1013009575,578448.6286183313
Leeuwarden,Huizum-Dorp,183354.33409375476,578466.5742313482
Leeuwarden,Huizum-Sixma,182566.04294618868,578788.1241748886
Leeuwarden,Húns,173702.4254259259,574924.922
Leeuwarden,Idaerd,183446.17342857146,570411.2710952378
Leeuwarden,Indische buurt,183544.83541147743,579761.4562637364
Leeuwarden,Jan van Scorelbuurt,181625.43528630683,578450.2023618261
Leeuwarden,Jellum,178676.77084931495,575468.1512054793
Leeuwarden,Jelsum,181407.5086915888,582911.5484766355
Leeuwarden,Jirnsum,182189.7225127955,565841.8984455542
Leeuwarden,Jorwert,176762.91429268298,573204.0420650407
Leeuwarden,Julianapark,182181.75434777062,578135.217964331
Leeuwarden,Koarnjum,181186.64462285707,584217.6624742857
Leeuwarden,Lekkum,183880.82118719222,582152.9793349755
Leeuwarden,Leons,174537.99836363638,573926.666090909
Leeuwarden,Magere Weide,181246.76376744182,580791.3853953489
Leeuwarden,Mantgum,177192.93515481177,571529.8525543938
Leeuwarden,Middelsee,181746.20982352944,576475.5029999999
Leeuwarden,Molenpad,183008.99294933505,579478.8240900164
Leeuwarden,Nieuwestad,182075.35683624443,579458.1375895196
Leeuwarden,Nijlân,181663.26492398686,577850.5172133369
Leeuwarden,Oldegalieën,182692.13905679222,580349.4971366102
Leeuwarden,Oldehove,182111.57135908137,579644.2573987473
Leeuwarden,Oranjewijk,183049.17964586447,579198.247338084
Leeuwarden,Rapenburg,182712.9207433809,577686.177988799
Leeuwarden,Reduzum,181648.28145341607,570176.0480082815
Leeuwarden,Rengerspark,182332.99251490517,580384.9394905143
Leeuwarden,Schepenbuurt,183908.99405382754,578933.7599760755
Leeuwarden,Schieringen,184081.88844671787,579952.8901253201
Leeuwarden,Snakkerburen,183210.96497135362,581590.6121610396
Leeuwarden,Sonnenborgh,181286.42268261267,580264.3368583255
Leeuwarden,Stationskwartier,182038.22825649302,579041.4036764224
Leeuwarden,Stiens,180207.43210235407,586096.5116142025
Leeuwarden,Swichum,184030.04215789473,574132.2226315789
Leeuwarden,Techum,182415.84750677968,575681.4091542375
Leeuwarden,Transvaalwijk,181987.52879534147,580037.6665607339
Leeuwarden,Tulpenburg,182592.357301556,579139.442147859
Leeuwarden,Valeriuskwartier,181034.95788378923,580294.4033789064
Leeuwarden,Vierhuisterweg e.o.,181531.81607202828,581540.970203288
Leeuwarden,Vogelwijk,181456.51004152256,580007.3808408305
Leeuwarden,Vossepark,181330.5434967122,579557.7563332277
Leeuwarden,Vrijheidswijk-Oost,183785.30896389813,581097.3970974737
Leeuwarden,Vrijheidswijk-West,183185.99884790852,581017.9934885928
Leeuwarden,Warstiens,186947.06581250002,575156.8856875
Leeuwarden,Warten,189133.8798634381,573862.3011182153
Leeuwarden,Weidum,178798.4007859923,573339.9054747082
Leeuwarden,Welgelegen,183489.02715794716,579546.7121512763
Leeuwarden,Wergea,185629.367832112,573836.6679386485
Leeuwarden,Westeinde,180337.49961673762,580416.8248997875
Leeuwarden,Wiarda,183951.37112681175,576494.2695217388
Leeuwarden,Wielenpôlle,184000.2238343103,578553.7821310015
Leeuwarden,Wirdum,182878.20904848483,573720.6163797975
Leeuwarden,Wytgaard,181469.7733287037,572789.2182638886
Leeuwarden,Zaailand,182062.4305943852,579259.8730050856
Leeuwarden,Zamenhofpark,183357.412120773,580361.0891207727
Leeuwarden,Zeeheldenbuurt,183001.53091583247,579788.1466178454
Leeuwarden,Zuiderburen,185114.54394985276,577329.2761509346
Leiden,Academiewijk,93225.44094464708,463726.2795621695
Leiden,Boshuizen,92266.523514774,462856.77949550527
Leiden,Burgemeesterswijk,94357.85388059699,462924.3371318408
Leiden,Cronestein,93681.77800965928,462220.531941185
Leiden,De Camp,93480.21605415251,464073.0916500627
Leiden,De Kooi,95007.82263815598,464458.9836265077
Leiden,De Waard,94810.49953740672,463728.57421783364
Leiden,Dobbewijk-Noord,91113.76176528113,462769.38756845996
Leiden,Dobbewijk-Zuid,90762.40000882203,462669.74475817377
Leiden,Fortuinwijk-Noord,92330.66889150308,462175.62499215704
Leiden,Fortuinwijk-Zuid,92380.74538628402,461646.48963750835
Leiden,Gasthuiswijk,92900.17509867279,462229.93848066963
Leiden,Groenoord,93795.00043535775,464832.35141070414
Leiden,Haagweg-Noord,92650.35349642909,463593.4508344109
Leiden,Haagweg-Zuid,92807.64396693793,462941.89633621526
Leiden,Havenwijk-Noord,94430.7542292264,464135.72227220616
Leiden,Havenwijk-Zuid,94405.70144068376,463763.56455752277
Leiden,Hoge Mors,91639.09063995106,463590.96474542015
Leiden,Houtkwartier,93254.42438201931,465233.9916785909
Leiden,Klein Cronestein,93897.99733333332,461471.185
Leiden,Kloosterhof,91146.70496019011,463280.8561169667
Leiden,Lage Mors,92006.29989287166,464133.9407209026
Leiden,Leedewijk-Noord,94468.66096724127,466251.27669482736
Leiden,Leedewijk-Zuid,94446.32106179776,465852.8546769665
Leiden,Leeuwenhoek,91773.57785384612,464786.22074615373
Leiden,Levendaal-Oost,94135.02564840563,463365.9793535658
Leiden,Levendaal-West,93663.97311528155,463308.2185978542
Leiden,Marewijk,93930.59904066726,464029.7885609503
Leiden,Meerburg,95432.18965617234,463079.24084335327
Leiden,Merenwijk-Centrum,94764.80832739419,465734.0182193762
Leiden,Molenbuurt,93489.12165299688,464311.0295552049
Leiden,Noorderkwartier,94350.90306862633,464596.468869667
Leiden,Noordvest,93987.73744923377,464230.82165229844
Leiden,Oostvliet,93173.80236593825,461120.45655148453
Leiden,Pancras-Oost,94130.14449536953,463705.10223115206
Leiden,Pancras-West,93883.96796659243,463736.5519175937
Leiden,Pesthuiswijk,92532.19705211102,464884.3774861485
Leiden,Pieterswijk,93525.90918102009,463709.1651250689
Leiden,Professorenwijk-Oost,94715.25272715738,462812.31459137023
Leiden,Professorenwijk-West,94085.35177464793,462542.24064577505
Leiden,Raadsherenbuurt,92658.93230482448,465474.9556600877
Leiden,Rijndijkbuurt,94890.7021705628,463292.78470138216
Leiden,Roomburg,95227.98540999134,462560.3757090443
Leiden,Schenkwijk,90656.63927658321,463303.17018524057
Leiden,Slaaghwijk,94683.33443541887,465442.2839298684
Leiden,Stationskwartier,93362.17015226987,464625.04236788343
Leiden,Transvaalbuurt,92699.83585664614,464008.6742136553
Leiden,Tuinstadwijk,93559.23860753629,462886.2554555296
Leiden,Vogelwijk,92471.96505731228,465267.4190988141
Leiden,Vreewijk,93080.18971907152,463376.43329389533
Leiden,Waardeiland,95508.33657905995,463538.1368653849
Leiden,Zijlwijk-Noord,95115.4861748136,466220.9595153278
Leiden,Zijlwijk-Zuid,95254.22463922758,465601.19964126
Leiden,d'Oude Morsch,93204.5271207616,464201.340630301
Leiderdorp,Binnenhof,96812.65252617799,464381.28979057574
Leiderdorp,Buitenhof-Midden-West,96194.2747335264,464892.36884793575
Leiderdorp,Buitenhof-Oost-Zuid,96425.48808625576,464516.3550473934
Leiderdorp,De Baanderij,95683.37710452417,464524.12069734785
Leiderdorp,De Schansen,95958.29791507429,464527.2843811044
Leiderdorp,De Vogelwijk,96160.22643651385,464001.8999511651
Leiderdorp,Doeskwartier,96435.03448837204,462101.8030232561
Leiderdorp,Elizabethhof,97160.2726531531,463547.9620945949
Leiderdorp,Kerkwijk,96133.05702078511,462931.7147251735
Leiderdorp,Leyhof,96746.07079880488,465219.5069880479
Leiderdorp,Oranjewijk,96279.47265558511,462379.72479122353
Leiderdorp,Ouderzorg inclusief De Houtkamp,96011.5316758519,463535.3959463936
Leiderdorp,Verspreide huizen,96635.25022675551,463144.7114725195
Leiderdorp,Voorhof,97000.08576539811,463924.7723833912
Leiderdorp,Winkelhof,96547.935926893,464173.99825326377
Leiderdorp,Zijlkwartier,95521.09748592883,464009.9533020644
Leidschendam-Voorburg,'t Lien noord,87816.38943790854,456672.35381045716
Leidschendam-Voorburg,'t Lien zuid,87354.68963254783,456289.4154970547
Leidschendam-Voorburg,Amstelwijk,86786.02103039509,456751.5937294835
Leidschendam-Voorburg,Bovenveen midden,84066.9503617022,455103.7422525609
Leidschendam-Voorburg,Bovenveen noord,84606.1907397158,455343.57023335807
Leidschendam-Voorburg,Bovenveen zuid,83928.45099014771,454794.42228243034
Leidschendam-Voorburg,Damcentrum,87117.13140655731,455301.6405923498
Leidschendam-Voorburg,Damsigt,86343.53398614321,455330.8993787528
Leidschendam-Voorburg,De Heuvel noord,86685.0277153285,456508.2664075427
Leidschendam-Voorburg,De Heuvel zuid,86460.0617281106,456292.2343571433
Leidschendam-Voorburg,De Rietvink / Veursestraatweg,87513.95897273021,455856.5188729135
Leidschendam-Voorburg,De Zijde,86504.10100906345,456951.1559274923
Leidschendam-Voorburg,Duivenvoorde,87098.8201329329,457351.6591260721
Leidschendam-Voorburg,Essesteijn / Dreven,85115.01747377438,455815.9005941959
Leidschendam-Voorburg,Essesteijn / Gaarden,85447.19594759647,456108.37367514486
Leidschendam-Voorburg,Essesteijn / Tuinen,85423.42725120777,455414.63616586203
Leidschendam-Voorburg,Essesteijn / Weiden,85551.10995759741,455722.0219487632
Leidschendam-Voorburg,Kern Stompwijk,92032.76557411162,456738.40350551857
Leidschendam-Voorburg,Klein Plaspoelpolder,86786.44823032076,455095.88983964996
Leidschendam-Voorburg,Kleurenbuurt,86000.91702666668,455010.421488
Leidschendam-Voorburg,Landelijk gebied Stompwijk,90265.07998274187,456354.4949932007
Leidschendam-Voorburg,Leidschendam - Zuid De Oude Bleijck,87185.16577756281,454840.6043984527
Leidschendam-Voorburg,Leidschendam - Zuid De Tol / 't Hert,87468.30189584056,455138.39399740065
Leidschendam-Voorburg,Leidsenhage,86218.35645771143,456125.7768308456
Leidschendam-Voorburg,Nieuw Essesteijn / Zijdezigt,85759.20626256985,456025.99314525165
Leidschendam-Voorburg,Park Leeuwenbergh,84335.66951445087,452763.7040982661
Leidschendam-Voorburg,Park Veursehout,85962.11149033137,456337.4851174025
Leidschendam-Voorburg,Prinsenhof hoog,87282.08418483977,456950.2966400476
Leidschendam-Voorburg,Prinsenhof laag,87709.83685322579,457248.74954032246
Leidschendam-Voorburg,Raadhuiskwartier,86945.83009421485,456008.01797768596
Leidschendam-Voorburg,Schakenbosch en het Buitengebied,88228.0319072165,457451.5576082473
Leidschendam-Voorburg,Sijtwende,86224.50596314498,455241.36764619156
Leidschendam-Voorburg,Verzetsheldenwijk,86624.3113489795,455580.0074428574
Leidschendam-Voorburg,Voorburg Midden midden,84513.02619740267,454635.07385402586
Leidschendam-Voorburg,Voorburg Midden noord,85046.89599675748,455032.6414053169
Leidschendam-Voorburg,Voorburg Midden zuid,84379.53250149694,454324.7022634726
Leidschendam-Voorburg,Voorburg Noord noord,83553.3146869318,454746.20473068167
Leidschendam-Voorburg,Voorburg Noord zuid,83763.71687712091,454338.031484833
Leidschendam-Voorburg,Voorburg Oud noord,85532.50865399042,454538.3918162821
Leidschendam-Voorburg,Voorburg Oud zuid,84807.19713539202,453889.8156935865
Leidschendam-Voorburg,Voorburg West noord,83771.02821845163,453279.46357051923
Leidschendam-Voorburg,Voorburg West zuid,84101.66615822286,453186.702456742
Leidschendam-Voorburg,Zeeheldenwijk,86526.27003679659,454586.3983225109
Lelystad,Airport Lelystad,164070.51851401865,496185.8145981308
Lelystad,"Archipel, Beukenhof, Rozengaard",162353.87613160178,502417.2631125548
Lelystad,Atol,162095.68508641014,502993.7694807548
Lelystad,Bastion,161298.39285762724,503563.05012203363
Lelystad,Bedrijvenpark Larserpoort,162762.20422222224,498570.9341333334
Lelystad,Bedrijventerrein Gildenhof,162360.8444035088,503991.25340350874
Lelystad,Bedrijventerrein Jol,159058.73088000005,502200.91400000005
Lelystad,Bedrijventerrein Kempenaar,159904.41364583335,503393.5819583332
Lelystad,Bedrijventerrein Ketelmeerstraat,162052.70456862747,500177.92860784323
Lelystad,Bedrijventerrein Middendreef,160909.9802,500933.4148
Lelystad,Bedrijventerrein Tjalk,160721.2770888889,501392.48817777773
Lelystad,"Beginweg, Bronsweg, Jupiterweg",162882.9187391305,506056.464978261
Lelystad,Biomassa,160840.65775,500500.78975
Lelystad,Boeier,159166.85385858585,503800.41606565623
Lelystad,"Bongerd, Buitenplaats",162759.1287546668,503140.7938613331
Lelystad,Botter Oost,160383.7354378028,501943.14939903124
Lelystad,Botter West,159793.42093965504,501904.1782909484
Lelystad,Buitenhof,164525.9511848739,503106.66555462166
Lelystad,"Damrif, Kustrif, Gors, Zandbank",161417.33364266314,503034.97238858667
Lelystad,"De Doelen, De Marken",161242.133,501390.32999999996
Lelystad,De Meent,161100.98932142853,503138.63138095237
Lelystad,"De Meierij, Kerspel",161061.0393448276,500904.01627586206
Lelystad,De Schans,160947.1254899597,502898.07383132615
Lelystad,De Veste,160980.81018952612,503428.92121695715
Lelystad,"Edelhert-, Runder-, Wisent-, Elandweg",167132.4813703703,504944.8742592592
Lelystad,"Fauna, Bosvalkweg, Zuiderpoort",161496.94469565217,500400.47134782607
Lelystad,Flevopoort I,161812.69653846155,498604.6282307692
Lelystad,Flevopoort II,161792.24707042257,499447.38971830945
Lelystad,Flora Midden,159379.8069690265,500185.1878893807
Lelystad,Flora Oost PIL,160632.542,500510.414
Lelystad,Flora West,158973.55640384622,500267.6287153846
Lelystad,Galjoen,158577.56404849887,502540.74064434145
Lelystad,Galjoen Zuid,158308.8527308868,502254.1872201834
Lelystad,Gelderse Hout,163914.97284444448,502443.4783555555
Lelystad,"Getijdenbuurt, Sportpark Doggersbank",162339.4496861112,500978.40694166656
Lelystad,"Golfpark, Lommerrijk",159348.4371406251,504476.1480781249
Lelystad,Golfresort,159813.9856760564,505990.58192957676
Lelystad,Gondel,159647.662385224,502575.6486952505
Lelystad,Griend,161836.66737357058,501313.2498487926
Lelystad,Grietenij,160965.69627096766,501382.5765161294
Lelystad,Groene Velden,162600.2561007194,504957.130208633
Lelystad,Hanzepark,160578.46442925083,502544.73616646836
Lelystad,"Het Ravelijn, Ziekenhuisweg",161006.10549999986,501667.2411703705
Lelystad,"Hofstede, Plantage, Wijngaard",163065.29366129034,502858.9175026879
Lelystad,Hollandse Hout,157613.154,499324.924
Lelystad,Hollandse Hout (Villapark),157663.45740070925,500402.0321099288
Lelystad,Horst,162369.1849133537,501692.06427421095
Lelystad,Houtribhoogte Noord,158768.0903156796,504988.27072448586
Lelystad,Houtribhoogte Zuid,158502.39126063816,503958.734430851
Lelystad,IJssellaan,161691.0208378996,504242.09302511363
Lelystad,Industrieterrein Noordersluis Oost,159018.16778372088,501430.45317441836
Lelystad,Industrieterrein Noordersluis West,158273.49931208362,501531.89691383747
Lelystad,Industrieterrein Oostervaart Midden,164260.30812499998,505820.6062374998
Lelystad,Industrieterrein Oostervaart Oost,164609.2399,505428.0287
Lelystad,Industrieterrein Oostervaart West,163879.69274621224,505470.24700378795
Lelystad,Jagersveld,161966.85131818178,504906.48946969694
Lelystad,Jol,159037.11948585365,502518.49958243954
Lelystad,Kamp,161575.87451029735,501696.18254919886
Lelystad,"Karperweg, IJsselmeerdijk",164288.45974999998,508741.45412499993
Lelystad,Karveel Oost,160376.3882992423,503918.54357007536
Lelystad,Karveel West,159747.1898841978,503890.21709770727
Lelystad,Kempenaar Oost,160535.33732916656,503294.64555000083
Lelystad,Kempenaar West,160183.68713381304,503275.00468345307
Lelystad,Knarbos,163162.284,491669.494
Lelystad,Kofschip Noord,160997.80927272726,504341.34490909096
Lelystad,"Kofschip, SGL",160908.81829999998,504032.13269999996
Lelystad,Kogge,159631.1205336788,503265.4142098445
Lelystad,Landerijen Noord/Oost,163742.96439237663,500915.4476905831
Lelystad,Landerijen Noord/West,162940.61604751844,501032.8950052803
Lelystad,Landerijen Zuid/Oost,163286.7406666666,500294.4592844447
Lelystad,Landerijen Zuid/West,162862.6588899678,500463.38397734606
Lelystad,Landstrekenwijk Midden,159937.0602786378,500850.08610835875
Lelystad,Landstrekenwijk Oost,160486.76907993708,500968.24022257054
Lelystad,Landstrekenwijk West,159347.46994158073,500782.28434879653
Lelystad,Langezand,162393.71052173915,504286.06368322956
Lelystad,"Larserbos, Rietweg",167274.95271999997,495539.51461000025
Lelystad,Larserplein,162983.54425,499444.436
Lelystad,Larservaartbos,163372.384,498248.304
Lelystad,"Lelycentre, Maerlant",161552.578145194,503525.5137770962
Lelystad,Lelystad-Haven Oost,157346.8008797816,501159.0534688537
Lelystad,Lelystad-Haven Werkeiland,157000.55876383142,501647.94496907317
Lelystad,Lelystad-Haven West,156775.2467250001,501093.3671000002
Lelystad,Lindenlaan,161312.389,502308.56049999996
Lelystad,"Lisdodde-, Dronter-, Zeeasterweg, -pad",167381.0092121212,500420.84406060603
Lelystad,"Markermeer, Markerwaarddijk, IJsselmeer",153524.949,510678.75125
Lelystad,"Meerkoetenweg, Eendenweg, Larserpad",161954.15008108105,495699.3333783783
Lelystad,Merenbuurt,161998.03949187923,500512.39064965205
Lelystad,Natuurpark Lelystad,164913.37039999999,499837.14139999996
Lelystad,Neringpassage,161007.8830477066,502332.76744403667
Lelystad,Oostrandpark,163571.24606106864,503087.4330916031
Lelystad,"Oostvaardersdijk, Meerdijkhaven",157845.14360131498,502416.9360782915
Lelystad,Oostvaardersplassen,157503.583875,494551.854375
Lelystad,"Overijsselse Hout, Hoefslag, Hondsdraf",164448.05391428573,503935.91485714295
Lelystad,"Overijsselse Hout, Jagersbos",163401.649,505846.635
Lelystad,Park Schoener,159584.20251282048,501200.16143589735
Lelystad,"Park, Jol, Galjoen",158959.92533333335,502909.7206666667
Lelystad,"Pijlstaartweg, Vleetweg, Larserweg",162327.18153333332,492176.0042666668
Lelystad,Punter,159094.22047019855,503233.3533631349
Lelystad,Rivierenbuurt,162360.4041924687,500327.5883458857
Lelystad,"Saerdam, Vliegent Hert, Fortuijn",158525.26168373757,503186.52571614855
Lelystad,Schoener,159817.78014613534,501473.48309420224
Lelystad,Schouw,160254.85587227845,502480.96961103077
Lelystad,Sportpark Langezand,162912.87125,504130.88375
Lelystad,Sportpark Schouw,159876.14678181816,502504.8105454547
Lelystad,"Sportveld Beginweg, Overijsselse Hout",161652.00900000002,504618.4625
Lelystad,Stadhuisstraat,161072.92279920483,502104.96482902585
Lelystad,"Stadspark, Badweg, Langevelderslag",162363.92612080538,503479.7815906038
Lelystad,Stationsplein,160831.5286111111,502253.4695555556
Lelystad,"Stilte bos, Camping de Houtrib",162612.5338,503677.42980000004
Lelystad,"Strand Houtribhoek, Houtribbos",160363.46558333334,506991.52229166677
Lelystad,Tjalk,160444.3351847134,501549.63361146505
Lelystad,Uilenweg,157217.0132857143,499753.27814285713
Lelystad,"Visvijver-, Bijl-, Klokbeker-, Plavuizenweg",166791.53410810814,508948.817
Lelystad,Vlotgrasweg,165911.72372727274,497131.06363636354
Lelystad,"Vogelweg, Meeuwenweg, Pijlstaartweg",165616.83790624997,492608.06496875
Lelystad,Volkstuinen Bosweg,160136.15160000004,504405.6624
Lelystad,Waagpassage,161037.28917204303,502546.13839784946
Lelystad,Warande Oost,161398.454,499989.854
Lelystad,Warande West,158517.3475,500230.34033333324
Lelystad,Wijkcentrum,161921.03400729934,501561.462489051
Lelystad,"Wijkcentrum, Voorstraat",162121.9683943662,500709.5043380279
Lelystad,Wold,161882.24987830681,501937.46948809567
Lelystad,"Woldpark, Houttuinen, Gelderse Hout",162146.09540000002,501993.8528
Lelystad,Woonhavenpad,158636.9993547463,500928.96159846906
Lelystad,Zeeenbuurt,162013.00576736112,500936.8791336803
Lelystad,Zeestromen en Slotenbuurt,161656.9937248321,500869.58502460865
Lelystad,Zoom,163094.49343975907,501522.7945843372
Lelystad,"Zuiderzeelaan, Waddenlaan",161659.72214590167,503917.88079918147
Lelystad,Zuigerplaspark,161099.199,506047.5784
Leudal,Kern Baexem,189552.61332207083,359736.60174037336
Leudal,Kern Buggenum,196244.16802676392,360597.0212798056
Leudal,Kern Ell,183481.58626954732,359130.3401275717
Leudal,Kern Grathem,187915.3131187683,356165.79672727274
Leudal,Kern Haelen,194641.73063255945,360776.96641155676
Leudal,Kern Haler,182453.41797435904,355415.94690598286
Leudal,Kern Heibloem,190577.29262641518,368069.9802000003
Leudal,Kern Heythuysen,190476.25101246097,362419.0353986423
Leudal,Kern Horn,193863.71843447458,358101.8305360102
Leudal,Kern Hunsel,184616.6971898017,355740.92402266304
Leudal,Kern Ittervoort,185263.8138625002,353666.3309847223
Leudal,Kern Kelpen-Oler,185500.46717049181,359081.3060032791
Leudal,Kern Neer,197134.41446276585,363751.29221960506
Leudal,Kern Neeritter,184102.5146211073,352946.61608131474
Leudal,Kern Nunhem,195116.40079272745,361919.27770909085
Leudal,Kern Roggel,192569.43760947214,363932.1997547824
Leudal,Verspreide huizen Baexem,189154.5951541137,360336.7567090763
Leudal,Verspreide huizen Buggenum,196106.834875,360791.9420312501
Leudal,Verspreide huizen Ell,183444.3219299363,358355.9444904458
Leudal,Verspreide huizen Grathem,187812.5286043956,357062.3015714284
Leudal,Verspreide huizen Haelen,194592.36145967737,359888.34219354833
Leudal,Verspreide huizen Haler,182525.6265855855,355799.64595495496
Leudal,Verspreide huizen Heibloem,190623.30725311377,367258.99853551085
Leudal,Verspreide huizen Heythuysen,189333.3588454918,363588.6649920678
Leudal,Verspreide huizen Horn,192768.19986486496,358781.0687027026
Leudal,Verspreide huizen Hunsel,184702.58715503867,355649.52518604655
Leudal,Verspreide huizen Ittervoort,185976.46580794695,354122.10419867525
Leudal,Verspreide huizen Kelpen-Oler,185823.80954870142,359317.7714935061
Leudal,Verspreide huizen Neer,196176.64569002693,364401.26321832894
Leudal,Verspreide huizen Neeritter,183087.30838181826,352880.0320000002
Leudal,Verspreide huizen Nunhem,195267.06835000005,361745.1225999998
Leudal,Verspreide huizen Roggel,192701.51996062993,365091.68905380525
Leusden,'t Ruige Veld,158099.42947716906,461379.14191210043
Leusden,'t Vliet,157825.70944473348,461815.2966072821
Leusden,Akkerhoeve,158086.63693645495,460301.23282943113
Leusden,Alandsbeek-Oost,158857.3289918865,460683.7484097369
Leusden,Alandsbeek-West,158573.28841530049,460656.30512568273
Leusden,Bosveld,158837.4208672199,459830.9452780082
Leusden,Buitengebied Achterveld,161530.70550597613,461143.1187250997
Leusden,Buitengebied Leusden-Centrum Oost,159134.57873684206,460369.32952631585
Leusden,Buitengebied Leusden-Centrum West,157236.97620179373,460559.75497982086
Leusden,Buitengebied Leusden-Zuid,155383.31437800682,459126.527862543
Leusden,Claverenblad,157161.02358398453,459830.2041367188
Leusden,De Wetering,158777.9249468751,461141.63966875
Leusden,Groenhouten,157427.149533454,460192.5432468354
Leusden,Hamershof,157758.98023671485,460094.56275362294
Leusden,Hamersveld-Nieuw,158224.56062389372,461062.02825663716
Leusden,Hamersveld-Oud,157668.73417398377,460990.00944715476
Leusden,Kern Achterveld,162507.5011917098,460914.0046538859
Leusden,Kern Leusden-Zuid,156261.646782767,458905.29783252446
Leusden,Langenbeek,158829.9487975609,460257.55309999955
Leusden,Munnikhove,158446.6194732395,459902.8182788732
Leusden,Noorwijck,158433.4980807292,460266.6198046874
Leusden,Rossenberg,157431.51285478543,460575.791356436
Leusden,Rozenboom,157907.6565514706,460788.3543627449
Leusden,Rozendaal,158259.97169502068,460718.0855663898
Leusden,Stoutenburg,158325.42290780134,462756.2897375887
Leusden,Tabaksteeg,156689.67127600842,458834.283949045
Leusden,Wildenburg,157181.04411538455,459585.8775230772
Leusden,Zwanenburg,158042.3340516796,459984.7332196383
Lingewaard,Angeren,194156.80110562674,436439.4863326751
Lingewaard,Bemmel,190241.50820470985,433927.0419126803
Lingewaard,Buurt Gendt,195224.90672549023,432745.1272009804
Lingewaard,Doornenburg,197107.8640694004,433667.0586572034
Lingewaard,Flieren,194537.09573750003,433666.33615
Lingewaard,Gendt,195047.39490235597,432318.1344435399
Lingewaard,Haalderen,192346.58670075747,433341.85460606054
Lingewaard,Het Zand,192536.0265029868,437779.89546355983
Lingewaard,Hulhuizen,196499.4833220339,432550.6410847458
Lingewaard,Kommerdijk,194225.45001315797,431452.08776315785
Lingewaard,Ooijrijkse Polder,191795.29044444446,432360.46555555554
Lingewaard,Oude Stad Huissen,193156.93985873013,438919.9633460317
Lingewaard,Uitbreiding Stad Huissen,192703.87070131607,438692.132932501
Lingewaard,Verspreide huizen Ambtswaard,189788.62966666665,431444.2856666667
Lingewaard,Verspreide huizen Angeren,193212.20669871784,436034.723676282
Lingewaard,Verspreide huizen Bemmel,190793.14993048788,436342.73224020173
Lingewaard,Verspreide huizen Bemmel-Lent,189150.63206493508,432384.16493506485
Lingewaard,Verspreide huizen Doornenburg,197017.84841843977,434302.1897304966
Lingewaard,Verspreide huizen Flieren,193751.582268116,432515.9562318843
Lingewaard,Verspreide huizen Gendtsche Waarden,195772.87550907538,430869.8801087701
Lingewaard,Verspreide huizen Haalderen,191922.4695681818,433567.46711363626
Lingewaard,Verspreide huizen Het Zand,192196.88475228168,437212.82136375457
Lingewaard,Verspreide huizen Hoeve en Loostraat,191595.17594449123,439220.1310033639
Lingewaard,Verspreide huizen Ressen,188168.00403773578,433655.0424150943
Lingewaard,Verspreide huizen Uiterwaard,194009.30301410423,438720.4299714607
Lingewaard,Zilverkamp,192138.78796274593,439768.01513280463
Lisse,3e Poellaan,96658.66777049181,471949.7117131147
Lisse,Berkhout,97940.72199167659,475037.0698715814
Lisse,Bloemenbuurt,98770.26777261612,474451.78765647934
Lisse,Blokhuis,98409.84243454934,475083.5588530042
Lisse,Buitengebied,97210.15093769472,473605.07060124626
Lisse,Componistenbuurt,98749.0162198697,473797.77592019545
Lisse,De Blinkerd,98251.84344163151,475679.3194458509
Lisse,De Engel,96975.70708100557,473127.41218715074
Lisse,Dever,97803.94723456797,473988.1977283953
Lisse,Geestwater,98007.15464,473319.36928000004
Lisse,Halfweg,96823.61755435845,476791.9235287911
Lisse,Het Vierkant,98324.01908801698,474843.56455885473
Lisse,Lisse Rond,98610.34393170806,472963.8204254521
Lisse,Meer en Duin,98906.24714436615,475932.6452042255
Lisse,Meerenburgh,98821.57361984733,475603.0116412211
Lisse,Oranjebuurt,98589.11599367758,475366.67675553216
Lisse,Schildersbuurt,98510.38221376808,473318.10953260865
Lisse,Ter Beek,96790.30103703703,472197.665345679
Lisse,Van Rijckevorsel,98088.31597894736,474432.17765263154
Lisse,Vogelbuurt,98296.6237201946,473823.69633576623
Lisse,Vrouwenpolder,98218.41116098485,473098.36592045455
Lisse,Zeeheldenbuurt,99008.49194405596,474912.9679006992
Lochem,Almen,217534.11420895503,463906.72769900504
Lochem,Barchem,227283.9869781658,460100.1570021838
Lochem,Eefde,212452.86372446167,464694.0821973791
Lochem,Epse,210730.45802763157,471121.7333289477
Lochem,Exel,225191.96709090908,466790.09733333346
Lochem,Exel Tol,223686.54587499995,465564.3587083334
Lochem,Gorssel,210772.76660880976,468520.5241866805
Lochem,Harfsen,217207.15845526324,469136.38736842095
Lochem,Laren,221774.9323193094,467745.1172384036
Lochem,Lochem-Noord,224901.9642849083,464520.48876868805
Lochem,Lochem-Oost,225756.05752586832,463743.64727285644
Lochem,Lochem-West,224144.71344867363,463446.26255824714
Lochem,Lochem-Zuid,225079.7010814196,463323.84237995814
Lochem,Molengronden,224215.95928695644,464191.7116104345
Lochem,Verspreide huizen Almen ten noorden van Twentekanaal,217002.90015533974,465199.6723689321
Lochem,Verspreide huizen Almen ten zuiden van Twentekanaal,217521.47351798546,463914.0917410071
Lochem,Verspreide huizen Ampsen,226954.3314117647,466098.108
Lochem,Verspreide huizen Boschheurne en Zwiepsche Broek,228837.10822602734,459973.42475342465
Lochem,Verspreide huizen Eefde,212435.2648795179,465061.4218393579
Lochem,Verspreide huizen Epse,211757.6076046511,470822.729797342
Lochem,Verspreide huizen Exel,224977.80696153847,466843.4150384615
Lochem,Verspreide huizen Gorssel,210846.68689583338,467396.15242916683
Lochem,Verspreide huizen Groot Dochteren,221453.7173064516,465519.1798118278
Lochem,Verspreide huizen Harfsen,216629.87209278648,467875.4462181927
Lochem,Verspreide huizen Het Veen en Grote Veld,223117.3650824893,461933.94079739513
Lochem,Verspreide huizen Joppe,213121.50517872354,468982.2836297868
Lochem,Verspreide huizen Klein Dochteren,221784.24812142857,463343.28562857135
Lochem,Verspreide huizen Kring van Dorth,218072.5521318681,471281.22606043966
Lochem,Verspreide huizen Lochemseweg,226703.9069903845,461241.0160961536
Lochem,"Verspreide huizen Nettelhorst, Langen en Zwiep",227843.1036209677,464228.69061693555
Lochem,Verspreide huizen Oolde,220904.3243293051,468220.3744894259
Lochem,Verspreide huizen Verwolde,223763.20809364316,470004.5354778186
Lochem,Verspreide huizen Zwarte Veen en Barchemse Enk,225768.43589265534,459249.3433502826
Lochem,Vesting,225348.88555835528,464207.87715251994
Lochem,Zuiderenk,224782.73666786848,463853.7962729147
Lochem,Zwiep,227603.1606410257,462721.2715897436
Loon op Zand,Bergeind,131352.77869295413,404958.1091838366
Loon op Zand,Bloemenbuurt,129612.31441919196,407781.6386414137
Loon op Zand,Centrum,130498.70973734178,408065.3151487334
Loon op Zand,De Baan,128921.50366279077,407207.4795813957
Loon op Zand,De Hoogt (Industrieterrein),132711.18996666663,404321.7752666667
Loon op Zand,De Kets (industrieterrein),130314.41640944882,408451.10106692865
Loon op Zand,De Klinkenpolder,131109.46446052636,406318.2078782898
Loon op Zand,De Moer,128994.57277238811,404126.61547388026
Loon op Zand,De Oude Omdraaier,131608.57641747576,407674.7405000001
Loon op Zand,De Plakken,132115.675,403233.10833333334
Loon op Zand,De Zandschel,128756.185054823,408912.1496153267
Loon op Zand,Draaiboom,129612.2170214918,407041.1765018972
Loon op Zand,Els (oost),130958.33192307698,407510.3006923072
Loon op Zand,Els (west),130653.98944252875,407757.7081091952
Loon op Zand,Heikant,130617.22535000002,407330.28031964216
Loon op Zand,Het Hoekske,132953.70044758052,408116.1921693548
Loon op Zand,Hil (noord),130304.13102800005,407321.1705279996
Loon op Zand,Hil (zuid),130099.20777162636,407143.622802768
Loon op Zand,Loonse Vaart,131294.6971575681,408081.7825260542
Loon op Zand,Molenwijk (noord),133825.32739057753,404184.58744756755
Loon op Zand,Molenwijk (zuid),133858.89928084347,403823.170904219
Loon op Zand,Mussenhoek,133676.3180935672,404533.4880701756
Loon op Zand,Oost-Loon,134247.32997972975,403571.398547297
Loon op Zand,Oud-Loon,133040.3082237132,404448.79367412435
Loon op Zand,Pannenhoef (oost),130003.16787888203,407467.6530993786
Loon op Zand,Pannenhoef (west),129620.5553730468,407496.55421289
Loon op Zand,Prinsessenbuurt,131507.24636303645,407398.96495379525
Loon op Zand,Rooi Dorp,131108.6977252527,407795.0731252525
Loon op Zand,Schrijversbuurt,130369.13080427054,407711.68085053324
Loon op Zand,Staatsliedenbuurt,130036.20141155244,407756.3179458481
Loon op Zand,Vossenberg (oost),130057.58177016134,408094.0949879032
Loon op Zand,Vossenberg (west),129675.2871538462,408178.550653846
Lopik,Benschop Boveneind-Benedeneind,126303.92265660378,446578.43946603814
Lopik,Benschop-Dorp,127138.24703192496,446594.2793577468
Lopik,Cabauw,121450.77098776744,441929.0441681955
Lopik,Graaf,126887.04170818502,443579.3744839856
Lopik,Jaarsveld,126743.38032231404,442425.01090082666
Lopik,Langs de Lekdijk Lopikerwaard,128610.54285377357,444213.5854693398
Lopik,Lekdijk tussen Jaarsveld en Schoonhoven,122513.0572151899,440433.53754430386
Lopik,Lopik-Dorp,124702.52858535595,442855.59512093774
Lopik,Lopikerkapel,131312.68872427984,444731.5916090531
Lopik,Polsbroek-Dorp,118168.62833211676,443396.5186824817
Lopik,Polsbroek-Noordzijdseweg-Zuidzijdseweg,120173.87314552229,444457.0902574628
Lopik,Uitweg,129333.19882773107,443961.4803487395
Lopik,Wielsekade,122929.83182481748,442909.0692627738
Lopik,Zevender,120129.30435937496,441407.1138906249
Loppersum,'t Zandt,247374.50168224302,598787.6695015574
Loppersum,Eenum,247847.4935652174,595666.7580217391
Loppersum,Garrelsweer,246871.15769058303,592452.5183811659
Loppersum,Garsthuizen (gedeeltelijk),243321.51498969068,598867.4734536082
Loppersum,Huizinge,240712.96778947374,596232.4285438595
Loppersum,Leermens,248962.05927368422,596308.9973894736
Loppersum,Loppersum,245574.2978125492,594746.6792705881
Loppersum,Middelstum,238644.75232974908,596268.2194749105
Loppersum,Oosterwijtwerd,249989.948925,595538.8735625
Loppersum,Stedum,242152.75069491524,593696.8090096851
Loppersum,Toornwerd,238251.56925806456,597101.4338387097
Loppersum,Verspreide huizen 't Zandt,247668.86541874995,597927.9205125
Loppersum,Verspreide huizen Eemskanaal en Damsterdiep,248579.1333653846,591871.1209807693
Loppersum,Verspreide huizen Middelstum,238367.1185986843,595599.2129802632
Loppersum,Verspreide huizen Stedum inclusief Startenhuizen,242571.31296039606,595272.3090495049
Loppersum,Verspreide huizen ten noorden van het Damsterdiep,246171.45908791208,594264.3162417582
Loppersum,Westeremden,243158.19749999998,596136.3658139535
Loppersum,Westerwijtwerd,238762.97164102568,594837.9801794871
Loppersum,Winneweer (gedeeltelijk),245390.52399999998,592529.8570000001
Loppersum,Wirdum,248092.06205369122,593681.2591409397
Loppersum,Wirdumerdraai,248298.42853225803,592845.6400806452
Loppersum,Zeerijp,246501.06377202075,596612.2236891192
Loppersum,Zijldijk,246106.8555392157,601691.0719019608
Losser,Bedrijfsterrein Losser,265790.49997285067,474712.2166425336
Losser,Beuningen kern,264749.7729067796,486825.4469491524
Losser,De Lutte kern,264543.17413316795,481778.05185773346
Losser,Glane kern,265487.76638144336,472754.39547422656
Losser,Glane-beekhoek,263665.7572,471947.4946000001
Losser,Losser-Oost,265766.49809157086,476218.73532567127
Losser,Losser-West,265174.8430466295,476106.55970210966
Losser,Overdinkel kern,267646.0520222091,473353.61290756345
Losser,Verspreide huizen Beuningen,265188.7360871081,486330.3058292679
Losser,Verspreide huizen De Lutte,264323.1287255818,481837.7379953488
Losser,Verspreide huizen Glane,264292.09140860225,472657.943860215
Losser,Verspreide huizen Losser,264152.29052662733,476697.6075532543
Losser,Verspreide huizen Overdinkel,267435.4017499999,473545.5380677967
Maasdriel,Alem,151980.85872532192,422012.82863519323
Maasdriel,Ammerzoden,143440.35627548007,417790.7707274743
Maasdriel,Hedel,146230.22119078273,417687.74969623407
Maasdriel,Heerewaarden,155334.86177953592,425389.2542510546
Maasdriel,Hoenzadriel,151028.1601081081,418402.1322837838
Maasdriel,"Huizendijk, Voorne, De Kop en Veluwe",155991.5251521739,426371.7347934782
Maasdriel,Hurwenen,150096.25199629628,424657.00155925937
Maasdriel,Kerkdriel,151367.8941813698,420256.7045757993
Maasdriel,Overige verspreide huizen,147702.541875,422467.46721875
Maasdriel,Rossum,151255.91887142858,423633.7002459187
Maasdriel,Velddriel,149442.95416893734,420122.5896975476
Maasdriel,Verspreide huizen Alem,152490.52790453358,421955.1823318672
Maasdriel,Verspreide huizen Heerewaarden,155214.98266501125,425027.0382357007
Maasdriel,Verspreide huizen Het Heust,142185.52115789472,417795.5616736841
Maasdriel,Verspreide huizen Hurwenen en Rossum,150274.51329305168,423613.6427132503
Maasdriel,"Verspreide huizen Kerkdriel, Berm en Hoorzik",150469.4036767375,420885.39535465365
Maasdriel,Verspreide huizen Maasdijk en Uiterwaarden,151301.89808314588,419118.3017852762
Maasdriel,Verspreide huizen Noord Beemden,149572.6731125,421382.525
Maasdriel,Verspreide huizen Uilecoten,143494.83770644089,418417.23356277583
Maasdriel,"Verspreide huizen Velddriel, Vlierd en Beemden",148745.71305533597,419658.2798102767
Maasdriel,Verspreide huizen in de polder Hedel,146293.843198718,418669.568051282
Maasdriel,Verspreide huizen in het bouwgebied,145641.0178833031,417697.88710168103
Maasdriel,Well,142286.25933632287,417450.41907174885
Maasdriel,Wellseind-Slijkwell,140959.54895762712,419059.3967288137
Maasgouw,Beegden,192064.40396886476,355770.7524588552
Maasgouw,Brachterbeek,191449.51293406571,351012.79345238116
Maasgouw,Eiland-Brandt,187869.20906464313,349460.7100477416
Maasgouw,Heel,190619.9794835961,354695.8098246455
Maasgouw,Laak,185472.32470192306,347804.271798077
Maasgouw,Linne,193572.14881551045,351871.3203049039
Maasgouw,Maasbracht,190015.92153476982,350464.7502963847
Maasgouw,Ohé,186245.40115984067,346945.69966070994
Maasgouw,Panheel,188856.5308273382,354165.9200071944
Maasgouw,Stevensweert waaronder Bilt,187162.72130568352,348961.9232780334
Maasgouw,Thorn,186739.97314611883,352805.8454223745
Maasgouw,Verspreide huizen Heel,189417.18872556387,355644.178798872
Maasgouw,Verspreide huizen Het Vonderen,191969.16333552136,350571.54259182257
Maasgouw,Verspreide huizen Linnerveld en Weerd,192472.95836363637,352534.94572727283
Maasgouw,Verspreide huizen Thorn,187128.57595714135,353102.7066124266
Maasgouw,Wessem,189473.0072302078,352610.3095544784
Maassluis,Binnenstad,77247.05608551718,437518.39204275806
Maassluis,Bloemenbuurt,76998.15197373777,438139.46547070495
Maassluis,Bomendal,76874.57302165266,438495.90530807263
Maassluis,Burgemeesterswijk,75356.12225425159,439159.1503344166
Maassluis,Componistenbuurt,76396.94990243907,438213.6275459677
Maassluis,De Dijk,77496.5102368421,436583.4304210526
Maassluis,Het Balkon,75954.44296856313,437681.1934790399
Maassluis,Kapelpolder,76558.76570465486,437713.38500837033
Maassluis,Koningshoek,76249.22737799445,438356.64723690966
Maassluis,Nieuwe waterweg,76427.93183760684,437297.9411709399
Maassluis,Sluispolder Oost,77737.87684321807,437271.9620587931
Maassluis,Sluispolder West,77623.60050950265,437687.4832669267
Maassluis,Steendijkpolder Noord,75353.58078967204,439744.8287520849
Maassluis,Steendijkpolder Zuid,74891.19803244123,439354.478506894
Maassluis,Taanschuurpolder,76944.34935758072,437257.63037730794
Maassluis,Vertobuurt,77152.26787773836,437894.230189269
Maassluis,Vogelbuurt,75677.33591155501,438686.51350166294
Maassluis,Wilgenrijk,76174.63434400002,439117.33023600007
Maassluis,Zuidbuurt,78646.4425522388,437405.36034328357
Maastricht,Amby,179338.6838280482,319283.6297770867
Maastricht,Beatrixhaven,177871.02528671335,320854.1178251747
Maastricht,Belfort,174214.66446553209,317351.3517331061
Maastricht,Belvédère,175446.08062962967,319874.70174074074
Maastricht,Biesland,175226.6434813561,316841.92920629436
Maastricht,Binnenstad,176399.24346216753,317761.4061300591
Maastricht,Borgharen,176193.38832584245,320981.98646629194
Maastricht,Boschpoort,176276.33114341518,319431.2530543383
Maastricht,Boschstraatkwartier,176455.32039765356,318270.84835738287
Maastricht,Bosscherveld,175688.72869148932,319043.6155319148
Maastricht,Brusselsepoort,174922.98367234948,317997.2100374999
Maastricht,Caberg,174982.37651030254,318914.0481256551
Maastricht,Campagne,174481.00659948948,316495.24430867285
Maastricht,Daalhof,173592.2293886801,316799.09908976627
Maastricht,De Heeg,178721.71435459107,315183.43468120793
Maastricht,Dousberg-Hazendans,173267.6830968585,317573.4047959261
Maastricht,Frontenkwartier,175621.66288500003,318099.75971
Maastricht,Heer,178972.55868266302,316566.9829298836
Maastricht,Heugem,177547.7847188713,315300.0058970043
Maastricht,Heugemerveld,177590.452901672,317113.84309297637
Maastricht,Itteren,177286.3952511312,323034.0914343889
Maastricht,Jekerdal,175871.4092616983,316534.42808318866
Maastricht,Jekerkwartier,176380.09601579074,317350.14403244946
Maastricht,Kommelkwartier,175792.06032209998,317598.9464530136
Maastricht,Lanakerveld,174959.09278787882,320370.7089090909
Maastricht,Limmel,177517.0913788209,319634.0548329692
Maastricht,Malberg,173804.88314917168,319272.09021062154
Maastricht,Malpertuis,174350.14172552284,318718.65308200737
Maastricht,Mariaberg,175216.7014105768,317384.11877487996
Maastricht,Meerssenhoven,178770.68913043477,321646.64552173915
Maastricht,Nazareth,178029.54722886885,319301.3124994507
Maastricht,Oud-Caberg,174499.695477673,319493.89836221625
Maastricht,Pottenberg,173964.73696229223,318036.92484012124
Maastricht,Randwyck,177681.9387324791,316118.4457866673
Maastricht,Scharn,178813.07327371417,317521.09468314366
Maastricht,Sint Maartenspoort,177091.2019148718,318233.62907692284
Maastricht,Sint Pieter,175560.26519096788,315365.8212634977
Maastricht,Statenkwartier,176014.92227478264,318099.1051481754
Maastricht,Villapark,176497.69600822454,316558.3889026867
Maastricht,Vroendaal,179117.92359410116,315943.56313331134
Maastricht,Wittevrouwenveld,178161.40743906438,318148.59305264906
Maastricht,Wolder,173854.7012446351,315976.18597710994
Maastricht,Wyck,177145.68724829968,317557.59088166896
Maastricht,Wyckerpoort,177697.1730099915,317841.27438634663
Medemblik,Abbekerk Buitengebied,130294.17092307693,527176.0869743589
Medemblik,Abbekerk Centrum,130006.04849233918,527102.0534228806
Medemblik,Andijk Bangert,141126.51682992122,527982.9990110238
Medemblik,Andijk Bedrijventerrein,144322.1433022384,528173.3172231748
Medemblik,Andijk Buitengebied,143727.3333625711,526767.7386772926
Medemblik,Andijk Centrum,143488.6180746888,528879.8169958505
Medemblik,Andijk Grootslag en IJsselhof,142168.03535810809,529472.1170090089
Medemblik,Andijk Midden,142974.19858674912,529030.9602887618
Medemblik,Andijk Oost,145209.25206299213,528522.0312125984
Medemblik,Andijk Vooroever,141154.8203076923,528555.5590769231
Medemblik,Andijk Waterzuivering,145591.0,528746.0
Medemblik,Andijk Zuid,143704.91356940885,528408.579767352
Medemblik,Benningbroek Buitengebied,131340.52257182804,524025.826678648
Medemblik,Benningbroek Centrum,129636.98125352112,523983.8638239436
Medemblik,Hauwert,135555.9279115646,524458.5459489794
Medemblik,Lambertschaag,130062.00070652174,529001.0676086956
Medemblik,Medemblik Bedrijventerrein,135267.90119999993,530870.1604528304
Medemblik,Medemblik Buitengebied,135462.8270088052,529440.8312492837
Medemblik,Medemblik Koggenwijk,136189.28382619735,530947.5746384544
Medemblik,Medemblik Oude Stad,136065.0760238131,531652.5701011738
Medemblik,Medemblik Parkwijk,136501.55161077844,531217.8437964071
Medemblik,Medemblik Plan West,135564.44547429812,531354.236407464
Medemblik,Medemblik Randwijk en Gildenwijk,135939.03962895926,530691.9673438913
Medemblik,Medemblik Schepenwijk,135611.4767697517,530372.168320542
Medemblik,Medemblik Vooroever,136773.20784615385,531324.8671538462
Medemblik,Medemblik Zuiderzee,136664.4067289719,530602.5583364483
Medemblik,Midwoud Buitengebied,132891.21872033898,524777.2589406779
Medemblik,Midwoud Centrum,133926.64238511628,525650.0842065121
Medemblik,Nibbixwoud Bedrijventerrein,131215.02256250006,522543.274359375
Medemblik,Nibbixwoud Buitengebied,132545.82966312952,523029.3251531786
Medemblik,Nibbixwoud Centrum,132733.29726718404,522823.49527051003
Medemblik,Oostwoud Buitengebied,135172.9671923077,526699.1750528845
Medemblik,Oostwoud Centrum,134896.5932351097,526420.1726050157
Medemblik,Opperdoes Buitengebied,133875.47386363638,529678.2024659091
Medemblik,Opperdoes Centrum,134045.460931701,530251.4358286078
Medemblik,Sijbekarspel Buitengebied,128201.29288530049,524707.3088948021
Medemblik,Sijbekarspel Centrum,129401.6455653152,524081.9490500379
Medemblik,Twisk Buitengebied,131739.27389552238,527393.9348507463
Medemblik,Twisk Centrum,132685.08302748416,528394.7600486258
Medemblik,Wervershoof Buitengebied,139310.85514823673,525850.8279432558
Medemblik,Wervershoof Centrum,139122.96374578643,527121.6097247185
Medemblik,Wervershoof Onderdijk,137915.24646498315,528577.8765526221
Medemblik,Wervershoof Onderdijk Aan de Vliet,136556.83481403522,529366.2712736839
Medemblik,Wervershoof Onderdijk Buitengebied,136980.36585377148,527921.4662044962
Medemblik,Wervershoof Oost,139713.52153361437,527274.3347199097
Medemblik,Wervershoof Vooroever,138278.12733333334,528551.5759999999
Medemblik,Wervershoof West,138662.0254832347,527173.0181794872
Medemblik,Wognum Bedrijventerrein,130934.86253658535,522360.8153658537
Medemblik,Wognum Bloesemgaerde,129795.0468772727,522161.93053636415
Medemblik,Wognum Buitengebied,129476.86010550462,521717.12625229364
Medemblik,Wognum Centrum,130504.04625345049,521961.45565871976
Medemblik,Wognum Kreeklanden,130230.95261122247,521223.92659919866
Medemblik,Wognum Leekerweide,130303.90800000001,522353.69
Medemblik,Wognum Oosteinde,131751.66428164963,522027.2445535556
Medemblik,Wognum Wadway,127902.5265909091,522686.7436818182
Medemblik,Wognum Westergouw,130121.83463488797,521733.42897285434
Medemblik,Zwaagdijk-Oost Bedrijventerrein,138863.75941343245,524038.9803472584
Medemblik,Zwaagdijk-Oost Buitengebied,137010.01918040877,523713.3047209458
Medemblik,Zwaagdijk-Oost Centrum,137787.8591875,524064.3539720391
Medemblik,Zwaagdijk-West Buitengebied,133476.6156119403,521457.4052686568
Medemblik,Zwaagdijk-West Centrum,132698.58775141244,520876.16124293796
Meerssen,Brommelen-Westbroek,179610.87698181815,325106.0220242425
Meerssen,Bunde,179281.28307890327,322988.5804345878
Meerssen,Geulle,179559.36326694433,326422.09504378383
Meerssen,Hulsen-Oostbroek,180433.70159829056,325825.2999700854
Meerssen,Hussenberg met Snijdersberg,181106.91051224957,326317.8075189315
Meerssen,Kasen,180207.35495384617,323768.0376923076
Meerssen,Meerssen,180662.40791953087,321949.9997776123
Meerssen,Moorveld,181330.40267924537,325543.2234386792
Meerssen,Raar,182425.64923214287,321935.16212500015
Meerssen,Rothem,179802.58727064796,320903.0556111814
Meerssen,Ulestraten,182672.21735732234,324058.46859163203
Meerssen,Verspreide huizen,181751.18984137935,322715.55262758606
Meerssen,Weert,179403.32164835167,321905.9113186814
Meierijstad,'t Ven Oost,167043.6037742784,404963.14123753307
Meierijstad,'t Ven West,166415.82829999994,404678.4301303375
Meierijstad,Amert en Binnenveld,164327.41866192163,403451.9434875444
Meierijstad,Armenhoef,160066.12481521742,397854.6830362317
Meierijstad,Bloemenwijk,165117.35626284865,402586.32080469903
Meierijstad,Boerdonk,171502.35937280706,396727.00644736836
Meierijstad,Bolst,170114.3320835509,401733.4878146214
Meierijstad,Boschweg Noordoost,157473.16270543294,404520.59381833614
Meierijstad,Boschweg Zuidwest,157194.77591902835,404062.07039811055
Meierijstad,Boskant,157230.03220092383,395703.48977136257
Meierijstad,Buitengebeid Elderbroek,156725.65926666665,402339.6608848485
Meierijstad,Buitengebied Boerdonk,171320.27231034482,397516.97497701156
Meierijstad,Buitengebied Boskant,158065.4650372881,395888.6098779663
Meierijstad,Buitengebied Broekkant,160761.46426993867,403309.97034355835
Meierijstad,Buitengebied Driehuizen en Hazelberg,167065.8147204301,405939.0214946236
Meierijstad,Buitengebied Eerde,162832.94388888893,401272.513436508
Meierijstad,Buitengebied Erp,169717.9761010101,402284.3125757575
Meierijstad,Buitengebied Geregt,167739.2047272727,398833.7039848484
Meierijstad,Buitengebied Heuvel en Havelt,167646.44801818184,402214.99034545454
Meierijstad,Buitengebied Hurkske en Hoek,171765.96747191015,399895.11699999997
Meierijstad,Buitengebied Jekschot,166531.56531666665,398075.3113833333
Meierijstad,Buitengebied Jekschotse Heide en Everse,163317.14468644065,397897.5580593221
Meierijstad,Buitengebied Keldonk,169939.06742990654,399306.89576635516
Meierijstad,Buitengebied Kraanmeer en Veluwe,171211.40969600002,402393.43161599996
Meierijstad,Buitengebied Mariaheide,168580.77591836738,404618.28532653063
Meierijstad,Buitengebied Molendijk,157168.3084766667,405688.98210166674
Meierijstad,Buitengebied Nijnsel,160664.91213970585,395507.1298308824
Meierijstad,Buitengebied Oetelaar,155905.7126111111,404221.81314285717
Meierijstad,Buitengebied Olland,156861.2210601093,399025.72014207655
Meierijstad,Buitengebied Rijsingen en Schijndelse Heide,158924.98990270268,398806.18863783777
Meierijstad,Buitengebied Rooiseheide,157960.97758288772,401864.3723262032
Meierijstad,Buitengebied Sportpark en Dorshout,165152.8898559322,404211.12890677963
Meierijstad,Buitengebied Steeg,158764.20114285714,405230.8781020408
Meierijstad,Buitengebied Veerse Heide en Koevering,161252.15351824815,399456.42286131385
Meierijstad,Buitengebied Vlagheide,160445.077,401630.9491346153
Meierijstad,Buitengebied Vressel en Zwijnsbergen,163086.7163279742,394924.15622186504
Meierijstad,Buitengebied Zijtaart,165538.23728070172,400077.3142763158
Meierijstad,Bunderse Hoek Noord,167134.12573054756,404416.6382017292
Meierijstad,Bunderse Hoek Zuid,167107.24330833333,403930.6888375
Meierijstad,Busselbunders,166453.17934959353,403922.2277723578
Meierijstad,Cathalijne en Kinderbos,159230.98284125613,397890.43242315704
Meierijstad,De Beemd 1,159021.989941392,403347.7073113553
Meierijstad,De Beemd 3,158925.0978037037,403050.2918703704
Meierijstad,De Borne 1,157716.1543723577,403231.3415235772
Meierijstad,De Borne 2,157623.98724999998,403862.86142307695
Meierijstad,De Scheifelaar,166548.40045904607,402015.0962375386
Meierijstad,Doornhoek en Kempkens,164415.3496095238,401354.60235238104
Meierijstad,Dubbelen,163900.55014220186,402381.25529357797
Meierijstad,Duin 1,160499.92982464455,402427.42456872045
Meierijstad,Duin 2,160472.2807142857,402027.4315934066
Meierijstad,Eerde,162615.1058686868,401720.75159797975
Meierijstad,Eerschot,160712.03889690724,397798.5859119024
Meierijstad,Empeldonk,170130.20557313427,401087.8852059701
Meierijstad,Erp Centrum,170379.23730237136,401347.37252371554
Meierijstad,Erp Zuid,170877.8924117648,400683.55219607847
Meierijstad,Erpseweg Zuid,167497.43515457425,401637.2085962145
Meierijstad,Grevekeur,156858.54383559577,404252.34569230763
Meierijstad,Heibunders,166559.90374019602,404278.0424852947
Meierijstad,Heikant en Sluitappel,160551.8832605933,398366.94014618633
Meierijstad,Hoevenbraak,159394.61989840638,402786.62723406364
Meierijstad,Hoogeinde,165504.83175119612,402756.6275502395
Meierijstad,Hopstraat,158088.20962210797,404014.8448277636
Meierijstad,Hulzebraak,159495.39130025124,402394.46964824124
Meierijstad,Keldonk,168709.82999050623,399815.3156297469
Meierijstad,Kienehoef Noord,159720.21029729725,398695.3380000001
Meierijstad,Kienehoef Zuid,159766.3354655493,398235.71651210455
Meierijstad,Koolenkampen en Iepenlaan,165993.83496346165,403748.8661807693
Meierijstad,Laarbunders,166765.9109175258,403564.15457628865
Meierijstad,Leest,165602.6773661616,402030.4656224747
Meierijstad,Leest Noord,165784.68326923077,402388.66173076926
Meierijstad,Mariaheide,168415.2423373494,404935.83368674695
Meierijstad,Molendijk,157083.45207692304,404844.8591242604
Meierijstad,Nijnsel,161694.2344302158,395897.3191352517
Meierijstad,Olland,156399.8867118645,399131.76661440684
Meierijstad,Oranjewijk en Dorsveld,165251.33992575787,403130.1332227274
Meierijstad,Oude ontginning,167123.43938364778,402746.2690566039
Meierijstad,Plein 1,158769.18641257667,402736.1844279141
Meierijstad,Plein 2,158943.15883870967,402317.1256693548
Meierijstad,Plein 3,158413.65498032788,402819.97438032785
Meierijstad,Rooiseheide,158898.16499999998,401907.9168085106
Meierijstad,Schijndel Centrum 1,158466.94559065922,403336.5865206044
Meierijstad,Schijndel Centrum 2,158206.38476132424,403177.16298083693
Meierijstad,Schijndel Centrum 3,158201.69937165768,403717.9404037435
Meierijstad,Schijndel Centrum 4,157878.11838181817,403536.33398636355
Meierijstad,Sint-Oedenrode Centrum Noord,160031.9811199352,397275.7662366285
Meierijstad,Sint-Oedenrode Centrum Zuid,159806.22617806855,396678.2439798791
Meierijstad,Veghel Centrum,165942.6481362948,403192.04409389186
Meierijstad,Veghel Zuid 1,166196.38152074395,402535.54990414897
Meierijstad,Veghel Zuid 2,166429.6245610329,402339.7708532865
Meierijstad,Vijverwijk,165456.94582758637,403554.4595275864
Meierijstad,Vlaskamp,169596.4171260163,401361.3897560976
Meierijstad,Wijbosch,160606.85560813313,403173.7162624768
Meierijstad,Zijtaart,165701.72861259087,400424.89307506045
Meppel,Blankenstein,210267.6258351649,523576.6115054944
Meppel,Bloemenbuurt,210022.71503494616,523116.5573817207
Meppel,Broekhuizen,214156.9154285714,523686.1075238095
Meppel,Danninge Erve,208057.93757095718,527789.6940099008
Meppel,De Schiphorst,213903.390325,521552.0456499999
Meppel,Drukkersbuurt,208266.81510052877,524822.3022063494
Meppel,Galgenkamp,208788.5417336297,524334.7806138293
Meppel,Griftebuurt,207801.98331434184,527310.676123772
Meppel,Heinsiusbuurt,209328.21603361648,524468.76700056
Meppel,Hesselingen,208572.55673824772,522669.432366453
Meppel,Historisch Centrum,209171.7809233036,523633.36256499053
Meppel,Indische buurt,209557.94586739846,523795.32731571083
Meppel,Industrie Oevers A,208581.87831707316,523147.36370731716
Meppel,Industrie Oevers B,207890.2879791667,522843.7420416666
Meppel,Industrie Oevers C,208566.5519223854,523800.689045223
Meppel,Industrie Oevers D,207802.64288192088,523434.2855157963
Meppel,Industrie Oevers E,208234.7438611111,524011.70249999996
Meppel,Industrieterrein Noord I,209819.4950093071,525128.1107206383
Meppel,Industrieterrein Noord II,209572.46468862946,525471.5162738891
Meppel,Koeberg,208918.8629797572,522536.47602429154
Meppel,Kolderveen,206911.87194059408,526575.9323564356
Meppel,Kolderveense Bovenboer,205852.84107692307,528518.1578461538
Meppel,Koninginnebuurt,209424.03723700397,523149.01712089626
Meppel,Nieuwveenselanden,208572.4265714286,524817.3306666665
Meppel,Nijeveen Oost,208859.9290909091,528157.5551272728
Meppel,Nijeveense Bovenboer,207873.03953846157,529375.1534807693
Meppel,"Onderwijs-, sportpark",209963.09909999993,522773.77879999985
Meppel,Oude Vaart,209049.7500275449,524376.9734501491
Meppel,Plantenbuurt,208053.03806211177,521814.0344052799
Meppel,Reestlanden,209478.67253594776,522276.7520915035
Meppel,Rogat,214511.93404166665,522623.1169062497
Meppel,Scheepsbuurt,208513.22619691765,521496.6070856163
Meppel,Schildersbuurt,208853.2173176346,522116.5852287259
Meppel,Spijkerserve,207180.54212499998,527744.13325
Meppel,Staatsliedenbuurt,209726.26449188532,524474.6118913854
Meppel,Tussenboerslanden,206740.5730163935,528180.4337213114
Meppel,Veldenbuurt,211121.56834479995,523847.9302943283
Meppel,Verspreid gebied Meppel Noord,210682.79493103447,526387.0995517242
Meppel,Verspreid gebied Meppel Oost,212442.33521052627,523470.45136842114
Meppel,Verspreid gebied Meppel Zuid,210830.17274999997,522443.589625
Meppel,Verspreid gebied Nijeveen,207107.8099178082,528511.5352876713
Meppel,Verzetsbuurt,211138.03407290851,523255.7190099758
Meppel,Vlinderbuurt,212000.60616998476,523916.0045237368
Meppel,Vogelbuurt,209576.82447926843,525680.1308926833
Meppel,Zeeheldenbuurt,209754.29538431374,524010.777899347
Middelburg,Arnemuiden,36078.315709377304,391843.09386723547
Middelburg,Arnestein,34081.76754616896,391020.9765225933
Middelburg,Binnenstad,31951.84889745663,391563.56027664884
Middelburg,Brigdamme,31330.19762637367,393147.5108818682
Middelburg,Dauwendaele,32664.21099847102,390603.7434027516
Middelburg,Griffioen,30732.518984945462,392006.7821073937
Middelburg,Klarenbeek,31675.954702484,392487.02050862095
Middelburg,Kleverskerke,35452.795606060616,393678.1456060606
Middelburg,Middelburg-Zuid,31940.149295918338,389931.42915306095
Middelburg,Mortiere,33357.82018043091,389814.8758276476
Middelburg,Nieuw Middelburg,32506.96355711775,392244.209581723
Middelburg,Nieuw- en Sint Joosland,34914.39823064514,389611.6021580647
Middelburg,Oranjeplaat,38568.97748113206,392706.19666666666
Middelburg,Ramsburg,32878.522795918354,391844.5468061226
Middelburg,Sint Laurens,31261.491919678734,394606.35083534167
Middelburg,Stromenwijk/'t Zand,30944.17751087687,390570.68176412804
Middelburg,Veersepoort,32555.83845416226,392745.6163603797
Middelburg,Verspreide huizen Arnemuiden,37050.61745234289,393141.2509485021
Middelburg,Verspreide huizen Nieuw- en Sint Joosland,35557.73180291369,389622.0744098952
Middelburg,Verspreide huizen in het Noorden,31810.3466,394407.0295
Middelburg,Verspreide huizen in het Noordoosten,33386.43593103449,393259.56996551726
Middelburg,Verspreide huizen in het Noordwesten,30019.91477777778,392494.636962963
Middelburg,Verspreide huizen in het Zuidwesten,30616.46792261905,389387.9843928573
Midden-Delfland,'t Woudt,79885.8965263158,445781.2753684211
Midden-Delfland,Den Hoorn,82372.94922643382,446496.3896845106
Midden-Delfland,Dijkpolder,78017.65096216224,439049.0675819821
Midden-Delfland,Gaag-Maasland,77662.63909649117,440956.3420526314
Midden-Delfland,Gaag-Schipluiden,80525.56293333335,442655.05830000003
Midden-Delfland,Hodenpijl,81679.8958153846,444606.3625538461
Midden-Delfland,Maasland,78412.88354678906,438999.1010834857
Midden-Delfland,Negenhuizen en Zouteveen,83700.10308666668,441844.9602533333
Midden-Delfland,Schipluiden,81368.59006329106,443568.3166808668
Midden-Delfland,Ter Lucht,78385.64413432838,438169.08432835824
Midden-Delfland,Verspreide huizen Dijkpolder,77857.91444615278,439586.55871659616
Midden-Delfland,Verspreide huizen Duifpolder en omgeving,79858.69244154947,440540.80046350806
Midden-Delfland,Verspreide huizen Schipluiden,80272.70844723619,446683.31122110575
Midden-Drenthe,Balinge,238698.83976744185,536730.7416279069
Midden-Drenthe,Beilen,230787.39834082968,542127.3793481344
Midden-Drenthe,Bovensmilde-Centrum,228479.706170262,554929.0538412945
Midden-Drenthe,Bovensmilde-Noord,228900.07744303794,556307.4819746836
Midden-Drenthe,Bovensmilde-Zuid,227523.42154666668,554130.3970533333
Midden-Drenthe,Brunsting,229179.27153125,543195.1148125
Midden-Drenthe,Drijber,232813.29708695653,534418.1245
Midden-Drenthe,Elp,239620.0326329114,544517.082335443
Midden-Drenthe,Eursinge,237225.28842307688,539561.1196153846
Midden-Drenthe,Garminge,238371.4168297872,537674.865361702
Midden-Drenthe,Hijken,229636.599637931,545884.9829448278
Midden-Drenthe,Holthe,232693.13187931036,540019.9313275862
Midden-Drenthe,Hoogersmilde-Centrum,222770.45542622957,546967.2154473067
Midden-Drenthe,Hoogersmilde-Noord,224085.59133333337,548942.2284141413
Midden-Drenthe,Hoogersmilde-Zuid,222340.95916071432,545895.6328392858
Midden-Drenthe,Hooghalen,232489.8222285012,548760.8885282553
Midden-Drenthe,Laaghalen,231733.8706153846,548986.1698461539
Midden-Drenthe,Lieving Makkum,231913.1322650603,541050.8566987952
Midden-Drenthe,Mantinge,237701.8958552631,535693.166131579
Midden-Drenthe,Nieuw-Balinge,237147.31363978502,531724.2591720431
Midden-Drenthe,Oranje,226236.28421818183,547289.6722545455
Midden-Drenthe,Orvelte,240725.23772857146,540329.3832285714
Midden-Drenthe,Smilde-Centrum,226528.24571606287,551854.3964240128
Midden-Drenthe,Smilde-Noord,226854.36436521742,553089.6903043479
Midden-Drenthe,Smilde-Zuid,225171.03457615894,550449.9879271523
Midden-Drenthe,Spier,227947.0793648649,537297.1016351352
Midden-Drenthe,Verspreide huizen Beilen,230400.6125417255,541759.1223677509
Midden-Drenthe,Verspreide huizen Bovensmilde,227204.18947706412,555884.0611834863
Midden-Drenthe,Verspreide huizen Drijber,233727.4008634147,533636.0348292681
Midden-Drenthe,Verspreide huizen Elp,239350.9774761905,545090.6375714286
Midden-Drenthe,Verspreide huizen Hijken,227197.13051388902,547015.1976180554
Midden-Drenthe,Verspreide huizen Hoogersmilde,222205.66410097718,547362.8188925084
Midden-Drenthe,Verspreide huizen Hooghalen,232789.37700414946,548991.0783008295
Midden-Drenthe,Verspreide huizen Nieuw-Balinge,237052.71538461535,532212.5789384615
Midden-Drenthe,Verspreide huizen Nieuweroord,235898.11309090912,529654.3597954544
Midden-Drenthe,Verspreide huizen Orvelte,242383.73435211266,541222.6995211268
Midden-Drenthe,Verspreide huizen Smilde,226641.2023645833,552018.5875208334
Midden-Drenthe,Verspreide huizen Spier,228755.51461202189,537216.4935300547
Midden-Drenthe,Verspreide huizen Westerbork,237878.18539752008,542337.3689869728
Midden-Drenthe,Verspreide huizen Wijster,231226.403245283,536395.9530880504
Midden-Drenthe,Verspreide huizen Witteveen,240799.93159793798,538835.7584467353
Midden-Drenthe,Verspreide huizen Zwiggelte,236506.3978223141,545018.2038140497
Midden-Drenthe,Verspreide huizen de Broekstreek,236997.8108352941,536000.3488823529
Midden-Drenthe,Westerbork,237130.64478457702,541361.7910071601
Midden-Drenthe,Wijster,231176.73504938264,537107.7778209875
Midden-Drenthe,Witteveen,240847.36760696516,537008.4230696517
Midden-Drenthe,Zuidveld,239061.05467741936,542825.9091612904
Midden-Drenthe,Zwiggelte,235697.7173660715,543610.8618839287
Midden-Groningen,Bedrijventerrein Gouden Driehoek,254126.74638983048,576442.5366271185
Midden-Groningen,Beukemabuurt,247171.19661623612,575973.0813136532
Midden-Groningen,Borgercompagnie,250011.18655555559,572820.7952962962
Midden-Groningen,Boswijck-Oost,248395.45504790437,575972.3885000001
Midden-Groningen,Boswijck-West,248028.21821076222,575922.0626950673
Midden-Groningen,Burgemeester van Royenstraat en omgeving,245458.98233227842,575361.5421107594
Midden-Groningen,Compagniesterpark,248870.5949568062,575925.274708116
Midden-Groningen,De Dreven,246812.95686495161,574451.2598906755
Midden-Groningen,De Vosholen-Oost,248269.9352699387,575378.9451226994
Midden-Groningen,De Vosholen-West,247727.61374517382,575399.1624092674
Midden-Groningen,Foxhol,244235.4509999997,576512.1523333328
Midden-Groningen,Foxhol Industriegebied,243866.69447953225,576752.3612982456
Midden-Groningen,Froombosch,248030.4856797582,579442.1713021152
Midden-Groningen,Froombosch Buitengebied,248579.09183333334,578725.3784444445
Midden-Groningen,Gorecht-Noord,246050.63364567657,575241.2548383464
Midden-Groningen,Gorecht-West,246041.88054631106,574958.928441914
Midden-Groningen,Gorechtpark-Oost,245413.59191443847,575104.4642406421
Midden-Groningen,Harkstede,242616.407186788,581394.9192171599
Midden-Groningen,Harkstede Recreatiegebied,241650.771,580445.586
Midden-Groningen,Hellum,251972.87572064795,584663.1766923079
Midden-Groningen,Hellum Natuurgebied,251021.2873333333,587030.0435
Midden-Groningen,Industriegebied Martenshoek,245054.89252383698,576182.5546007493
Midden-Groningen,Industrieterrein Zuidbroek,254737.77094444446,576053.6713333335
Midden-Groningen,Kalkwijk-Noord,247139.046074074,574913.5633703704
Midden-Groningen,Kalkwijk-Zuid,248257.5793125,573409.9995375
Midden-Groningen,Kiel-Windeweer,248145.72438935586,570574.5988879552
Midden-Groningen,Kiel-Windeweer Buitengebied,247296.0908604651,571011.3033255812
Midden-Groningen,Kolham,245722.3106815919,577989.3249618567
Midden-Groningen,Kolham Bedrijventerrein,245070.21788387097,577056.9040709675
Midden-Groningen,Kolham Buitengebied,246901.635,577314.912
Midden-Groningen,Kolham Natuurgebied,244450.71633333334,577546.0341111112
Midden-Groningen,Kropswolde,244395.31153107312,573370.0668587573
Midden-Groningen,Kropswolde Buitengebied,244916.94475,573554.976125
Midden-Groningen,Kropswolde Recreatiegebied,243485.00103491743,573782.105812441
Midden-Groningen,Kropswolderpolder,244421.99,575782.439
Midden-Groningen,Lageland,243666.88810920526,584487.5681948271
Midden-Groningen,Luddeweer,245200.45652173914,585754.4960434781
Midden-Groningen,Magrietpark,248256.8695914974,576416.1958049902
Midden-Groningen,Martenshoek en Industriegebied Martenshoek,245624.1368079724,576004.771834696
Midden-Groningen,Meeden,257800.58948127594,573474.5872246881
Midden-Groningen,Meeden Buitengebied,258089.20527310882,572628.1409614957
Midden-Groningen,Meerwijck,243842.11915258184,573896.506511737
Midden-Groningen,Muntendam Buitengebied oost,255727.9266785714,573112.1698571428
Midden-Groningen,Muntendam Buitengebied west,252775.34399999998,573161.0160000001
Midden-Groningen,Muntendam-oost,254506.63129448387,572842.9860667263
Midden-Groningen,Muntendam-west,253806.17386900686,572989.1976815063
Midden-Groningen,Natuurgebied Froombosch,247227.79144444445,580183.0037222223
Midden-Groningen,Natuurgebied Scharmer,245158.84199999998,583967.494
Midden-Groningen,Nieuw Woelwijck,248921.44187096774,574956.8360591399
Midden-Groningen,Noordbroek,254240.28943855106,579693.0792794307
Midden-Groningen,Noordbroek Buitengebied,252983.81899009904,580029.540029703
Midden-Groningen,Noorderpark,247185.62664931585,576332.9845297749
Midden-Groningen,Oosterpark,247512.39923571429,575915.9926392856
Midden-Groningen,Overschild,248239.27047154476,589285.074817073
Midden-Groningen,Overschild Buitengebied,247545.3752352941,588094.0067867646
Midden-Groningen,Polder De Nijverheid,250005.9460581395,575779.7625465117
Midden-Groningen,Sappemeer-Noord,249283.5790078125,577091.907908854
Midden-Groningen,Sappemeer-Oost,249387.44533409082,576380.9550500002
Midden-Groningen,Scharmer,243284.19712931028,580233.5683793102
Midden-Groningen,Scharmer Buitengebied,243079.8731750001,579587.150205
Midden-Groningen,Schildwolde,250083.4703963327,583782.0246375175
Midden-Groningen,Schildwolde Buitengebied,251022.12991666666,582787.9798333334
Midden-Groningen,Schildwolde Natuurgebied,248421.81360000002,585865.1590666666
Midden-Groningen,Siddeburen,253760.44183873292,585739.7862440607
Midden-Groningen,Siddeburen Bedrijventerrein,254976.97264285717,585495.8015
Midden-Groningen,Siddeburen Buitengebied,254449.32498823522,585317.974135294
Midden-Groningen,Slochteren,249351.17809829168,581962.9514070757
Midden-Groningen,Slochteren Buitengebied,249923.54608333335,580072.6763333334
Midden-Groningen,Slochteren Natuurgebied,247888.176323077,582640.9054307693
Midden-Groningen,Spoorstraat en Kieldiep,246026.53480228566,575558.4537874289
Midden-Groningen,Stadshart-Noord,246482.98714583344,575967.5164047623
Midden-Groningen,Stadshart-Zuid,246649.76264880935,575108.809505952
Midden-Groningen,Steendam,251963.8483483871,588262.0695870969
Midden-Groningen,Tjuchem,254586.83923077144,588979.2603048807
Midden-Groningen,Tripscompagnie,251226.16658490562,573827.4583207547
Midden-Groningen,Waterhuizen,239296.35179166668,578510.1840833334
Midden-Groningen,Westerbroek,241906.055673575,578289.3859844562
Midden-Groningen,Westerbroek Buitengebied,241508.60798571425,578397.3804023808
Midden-Groningen,Westerbroek Industriegebied,241902.26833333337,577309.9679629629
Midden-Groningen,Westerpark,246897.32743531454,575912.4461433573
Midden-Groningen,Woldwijck-Midden,245781.36799790128,574465.3967785938
Midden-Groningen,Woldwijck-Oost,246326.34217226302,574392.3701065689
Midden-Groningen,Woldwijck-West,245328.4191219807,574466.178231884
Midden-Groningen,Woudbloem,245351.61782456137,582231.2224210526
Midden-Groningen,Zuidbroek,253573.96973944508,576338.1609053076
Midden-Groningen,Zuidbroek Buitengebied oost,255957.69899999996,577915.537
Midden-Groningen,Zuidbroek Buitengebied west,252823.29309375,577564.6681875
Midden-Groningen,Zuiderpark,246993.0532744064,575414.3335963064
Mill en Sint Hubert,Bedrijventerrein De Meeren,180944.88266666667,410942.18480555544
Mill en Sint Hubert,Bedrijventerrein Het Spoor,182460.9477142858,410242.3627238098
Mill en Sint Hubert,Brugse Berg,181290.03976420723,411701.3694742693
Mill en Sint Hubert,Langenboom,178680.31775543527,412820.88686417177
Mill en Sint Hubert,Mill-Centrum,182317.24237677045,410974.4103673276
Mill en Sint Hubert,Mill-West,181567.60077117902,411335.05075460224
Mill en Sint Hubert,Mill-Zuid,182430.9439294118,409862.37203529413
Mill en Sint Hubert,Sint Hubert,184021.7119619126,409993.7007636745
Mill en Sint Hubert,Verspreide huizen Achterdijk-Roijendijk,183024.46323463693,412005.73990502796
Mill en Sint Hubert,Verspreide huizen Groespeel,181199.55490909092,409627.7148181818
Mill en Sint Hubert,Verspreide huizen Langenboom,178785.10145189497,412791.3823527697
Mill en Sint Hubert,Verspreide huizen Meren-De Gagel,180678.06832432427,411489.3471486488
Mill en Sint Hubert,Verspreide huizen Sint Hubert,184326.9133560285,409750.00748617435
Mill en Sint Hubert,Verspreide huizen Wilbertoord,181505.20809036162,407646.7884102882
Mill en Sint Hubert,Wilbertoord,181825.99206376815,407523.4033101449
Moerdijk,Bosselaar,100574.31366459632,405636.5016604558
Moerdijk,Centrum,100922.44858017188,406449.17215832067
Moerdijk,Fijnaart,91502.9773402067,405836.4895235665
Moerdijk,Heijningen,87501.85689641438,407823.2572549801
Moerdijk,Helwijk,88942.95156701031,410181.86512027495
Moerdijk,Industrieterrein Moerdijk,99634.73230806852,410064.9124352084
Moerdijk,Kloosterblokje,89925.65849763034,411345.26976303326
Moerdijk,Klundert,95972.61858242568,408765.5815970263
Moerdijk,Kreek,94126.14827906979,404324.4068488371
Moerdijk,Krooswijk,99939.41020055253,406787.1299546952
Moerdijk,Langeweg,105025.14603546103,406854.8449468085
Moerdijk,Lindonk,99742.63567973759,406129.98071122426
Moerdijk,Moerdijk,102413.30704460948,412783.0278754647
Moerdijk,Nieuwemolen met Driehoek,89989.11390277772,406360.8782361111
Moerdijk,Noordhoek,95729.33531256336,406311.6810442397
Moerdijk,Noordlangeweg,89560.18218421056,411299.17642982444
Moerdijk,Noordschans,95415.13430927834,410219.6156907216
Moerdijk,Oudemolen,91348.44444897957,407193.5991020409
Moerdijk,Roodevaart,101667.89233333334,411212.73240000004
Moerdijk,Schansdijk en omgeving,101379.82187573967,406964.0923372784
Moerdijk,Standdaarbuiten,94507.1719185669,403043.6840010857
Moerdijk,Tonnekreek,93248.118125,410284.5635
Moerdijk,Torenveld,100595.25099796058,406996.7042542479
Moerdijk,Verspreide huizen Fijnaart,91503.63060000003,405455.81349473697
Moerdijk,Verspreide huizen Heijningen,87122.69829051787,407730.7177696782
Moerdijk,Verspreide huizen Helwijk,89396.7177218045,409352.5332030075
Moerdijk,Verspreide huizen Klundert,96303.51059459461,407710.9558243243
Moerdijk,Verspreide huizen Langeweg,103964.5576857143,406257.1788476188
Moerdijk,Verspreide huizen Moerdijk,102850.1212264151,412540.0305377358
Moerdijk,Verspreide huizen Noordhoek,95563.59104166669,405758.1242083334
Moerdijk,Verspreide huizen Standdaarbuiten,95702.89810869568,404137.42252173915
Moerdijk,Verspreide huizen Willemstad,90335.01953537588,410672.27132022695
Moerdijk,Verspreide huizen Zevenbergschen Hoek,105358.54728571424,409426.6792360248
Moerdijk,Verspreide huizen ten oosten van Zevenbergen,102340.66322222221,405973.2832222222
Moerdijk,Verspreide huizen ten westen van Zevenbergen,101262.97418620695,407415.0674896552
Moerdijk,Willemstad,89477.63035726106,411915.0575210032
Moerdijk,Zevenbergschen Hoek,105944.21018394154,409574.09472554765
Moerdijk,Zwanengat en omgeving,101686.93898378381,406257.7036000002
Moerdijk,Zwingelspaan,93730.86926315789,408118.35891228076
Molenlanden,Arkel-Buitengebied-Oost,128874.34038476844,430867.47451403167
Molenlanden,Arkel-Buitengebied-Zuid-West,127516.32243311855,429985.41768044507
Molenlanden,Arkel-Dorp,127880.97286492106,430679.53441695374
Molenlanden,Arkel-Industriegebied-Noord,127813.7125,431695.42649999994
Molenlanden,Arkel-Industriegebied-West,127649.125,431556.44425
Molenlanden,Arkel-Industriegebied-Zuid1,127649.63334285715,430841.07948571426
Molenlanden,Arkel-Industriegebied-Zuid2,127660.72921176472,431167.3904117647
Molenlanden,Bleskensgraaf-Buitengebied-Noord,113154.72066666668,431749.56533333333
Molenlanden,Bleskensgraaf-Buitengebied-Zuid,112237.29306666668,430482.8804666666
Molenlanden,Bleskensgraaf-Dorp,113410.24148187626,431727.8802526649
Molenlanden,Bleskensgraaf-Hofwegen,114203.20219354838,431431.4441935484
Molenlanden,Bleskensgraaf-Melkweg,113270.80122253923,431312.5437904806
Molenlanden,Bleskensgraaf-West,111438.52641176472,431124.1922085562
Molenlanden,Brandwijk-Buitengebied,114929.63378450304,434186.8682644219
Molenlanden,Brandwijk-Dorp,116073.59727358488,432352.7337610061
Molenlanden,Brandwijk-Kern-Oud,115509.60379310344,433582.1989310346
Molenlanden,Brandwijk-Noord-Oost,116496.21737209303,434126.3561860466
Molenlanden,Brandwijk-Noord-West,114950.99475000001,433350.19062499993
Molenlanden,Brandwijk-Vuilendam,117821.55392826878,433014.54861831595
Molenlanden,Brandwijk-Zuid-Oost,117121.93781250001,432635.2285416667
Molenlanden,Brandwijk-Zuid-West,114990.1781388889,431762.92980555556
Molenlanden,Dijkgebied-Groot-Ammers,117479.4385555417,438809.1213704111
Molenlanden,Dijkgebied-Langerak,121982.37400781254,439210.1304140626
Molenlanden,Dijkgebied-Nieuw-Lekkerland,107906.49009304927,434128.56999781466
Molenlanden,Dijkgebied-Nieuwpoort,119264.059780731,438841.130958698
Molenlanden,Dijkgebied-Streefkerk,111950.35881637826,435803.6857571934
Molenlanden,Giessen-Oudekerk-Dorp,119127.67703645832,428268.23694791674
Molenlanden,Giessenburg-Buitengebied-Noord,119925.18267200005,429638.6186799999
Molenlanden,Giessenburg-Buitengebied-Zuid,121516.55748837207,429090.746488372
Molenlanden,Giessenburg-Industriegebied,121149.76966666666,428579.57185000007
Molenlanden,Giessenburg-Oost,122107.8060190476,431218.8014666664
Molenlanden,Giessenburg-Recreatie-Noord,119302.8324158231,428366.2241744429
Molenlanden,Giessenburg-Recreatie-Zuid,119202.44486956525,427573.4194565217
Molenlanden,Giessenburg-West,119856.89318120803,428880.3301946309
Molenlanden,Giessenburg-Zuidwest,118378.6767207207,427349.46127027017
Molenlanden,Goudriaan-Buitengebied-Zuid,121528.84614285718,434282.23600000003
Molenlanden,Goudriaan-Dorp,120925.90311740879,435049.55676113337
Molenlanden,Goudriaan-Oost,121958.59611851852,435443.0401037038
Molenlanden,Groot-Ammers-Buitengebied-Noord,117278.17406060606,438274.7103636364
Molenlanden,Groot-Ammers-Buitengebied-Zuid,118530.29820761312,435809.7232153005
Molenlanden,Groot-Ammers-Dorp,116314.35213642055,437463.2857544377
Molenlanden,Groot-Ammers-Gelkenes,118069.47770114947,438785.9432413793
Molenlanden,Groot-Ammers-Graafland,118130.00433250557,437391.6944378172
Molenlanden,Groot-Ammers-Haven,115720.75649999999,437578.5945
Molenlanden,Hoogblokland-Bazeldijk,127993.18400000001,433598.472
Molenlanden,Hoogblokland-Buitengebied-Noord,127730.08359405934,433425.83972277225
Molenlanden,Hoogblokland-Buitengebied-Zuid,125579.21185365853,431829.9597804879
Molenlanden,Hoogblokland-Dorp,126593.99450847448,431915.6667845035
Molenlanden,Hoogblokland-Minkeloos,125879.41970370371,432512.05474074074
Molenlanden,Hoogblokland-Noord,127330.69621276594,431791.4264893617
Molenlanden,Hoornaar-Buitengebied-Noord,123936.58651724135,432953.2697931034
Molenlanden,Hoornaar-Buitengebied-Zuid-Oost,124825.77459574468,431839.64499999996
Molenlanden,Hoornaar-Dorp,124649.46911946322,432251.0812161068
Molenlanden,Hoornaar-Lage-Giessen,123516.4165882353,431599.244607843
Molenlanden,IHC-Kinderdijk,102658.44417999998,433289.3163
Molenlanden,Industriegebied-Dorp,106312.78344999999,433470.3228
Molenlanden,Industriegebied-Oost,107393.90526086956,433421.7388695652
Molenlanden,Kern-Dorp,119544.44956703899,429175.5201096368
Molenlanden,Kinderdijk-Buitengebied,103669.64025806451,433106.72383870964
Molenlanden,Kinderdijk-Dorp,103004.7849067056,433415.81001166167
Molenlanden,Langerak-Buitengebied,121577.89033333334,437405.74793333333
Molenlanden,Langerak-Dorp,119937.62087103169,438368.96992063505
Molenlanden,Langerak-Noord,119810.16175,438696.59325000003
Molenlanden,Lintbebouwing-Noord,127633.37794444444,431793.2613888889
Molenlanden,Lintbebouwing-Oost,113544.47628846156,428754.840326923
Molenlanden,Lintbebouwing-West,111029.42736585368,428593.3995609756
Molenlanden,Molenaarsgraaf-Buitengebied,116471.00156000003,431069.6216
Molenlanden,Molenaarsgraaf-Dorp,116194.04603804358,432092.2016793482
Molenlanden,Molenaarsgraaf-Oost,117182.50262264152,432592.8630754718
Molenlanden,Molenaarsgraaf-Polderweg-oost,116590.10242857142,432086.73882142856
Molenlanden,Molenaarsgraaf-Vuilendam,117852.345,432837.4966
Molenlanden,Molenaarsgraaf-West,115016.07879629628,431704.74744444445
Molenlanden,Nieuw-Lekkerland-Buitengebied,106449.62743750002,433149.9491071428
Molenlanden,Nieuw-Lekkerland-Dorp,106640.64896937227,433449.48765900976
Molenlanden,Nieuw-Lekkerland-Middelweg,105380.88423187373,433211.6322749466
Molenlanden,Nieuw-Lekkerland-Noord,106650.61833333335,433867.6043333333
Molenlanden,Nieuwpoort-Stad,119497.17603145476,438265.6268374834
Molenlanden,Noordeloos-Buitengebied-Noord,124437.93145,436509.05254999996
Molenlanden,Noordeloos-Buitengebied-Zuid,124408.768433735,433616.278240964
Molenlanden,Noordeloos-Dorp,124377.31583023253,435211.41369767464
Molenlanden,Noordeloos-Industriegebied,124879.44466666668,435389.8056666667
Molenlanden,Noordeloos-Middelweg,124831.72309090909,433021.35845454544
Molenlanden,Noordeloos-Oost,125164.53869999998,435594.48181111115
Molenlanden,Noordeloos-Overslingeland,123066.48702325579,432210.2597674419
Molenlanden,Noordeloos-West,123881.9301515151,434665.09118181805
Molenlanden,Ottoland-Buitengebied-Noord,118464.3575,434058.01450000005
Molenlanden,Ottoland-Buitengebied-Zuid,119206.56492955759,432425.75695777056
Molenlanden,Ottoland-Dorp,119753.1538333333,433967.46358333336
Molenlanden,Ottoland-Dorp-West,118632.44275700931,433672.2707289721
Molenlanden,Ottoland-Kortezijde,118163.79885000002,433407.3604499999
Molenlanden,Ottoland-Langezijde,118294.94476470588,433139.4335294117
Molenlanden,Ottoland-Oost,120108.38314706583,434075.59758498456
Molenlanden,Ottoland-Vuilendam,117904.10284375002,433098.2984687501
Molenlanden,Ottoland-West,119175.02865517243,433830.7646896552
Molenlanden,Oud-Alblas-Buitengebied-Noord,107754.71372219514,430976.9642798399
Molenlanden,Oud-Alblas-Buitengebied-Zuid,108122.2558,429877.9371999999
Molenlanden,Oud-Alblas-Dorp,108006.87527659567,430104.1883328264
Molenlanden,Oud-Alblas-Oost,109062.23149409409,430357.92441614665
Molenlanden,Oud-Alblas-West,107199.83919658116,430142.55159829045
Molenlanden,Schelluinen-Buitengebied-Noordoost,123364.76541463412,429227.18912195135
Molenlanden,Schelluinen-Buitengebied-West,122640.4518148148,428222.18411111116
Molenlanden,Schelluinen-Dorp,123231.70808786618,428474.7907133885
Molenlanden,Schelluinen-Griendweg,122427.40858823528,428342.74841176474
Molenlanden,Schelluinen-Zuid,123127.961,428155.9934444445
Molenlanden,Streefkerk-Buitengebied,112852.72132941175,435276.06556470605
Molenlanden,Streefkerk-Dorp,110743.28505980123,434737.84983761905
Molenlanden,Waal-Dorp,121482.20446938774,439009.1660816327
Molenlanden,Wijngaarden-Buitengebied,111159.52649999999,429348.5040999999
Montferland,'s-Heerenberg,214281.22473157718,432270.6019171435
Montferland,"'s-Heerenberg, oostelijke uitbreiding",215111.56522377612,432736.51585476025
Montferland,Azewijn,218181.47222026432,433547.76471806155
Montferland,Beek,210134.8136829269,435614.5507351917
Montferland,Braamt,215367.42049841266,437611.99997777777
Montferland,Didam-Noord,206265.70776175545,439717.16045297857
Montferland,Didam-Zuid,206093.13337965411,438870.5314889234
Montferland,Kilder,213036.99065831435,439155.7906309795
Montferland,Loerbeek,210553.66650666675,437212.6223533334
Montferland,Loil,206878.8157320442,440728.47183149186
Montferland,Nieuw-Dijk,207816.49312012014,438531.35999099107
Montferland,Stokkum,212450.19530225085,432516.4124405144
Montferland,Verspreide huizen Azewijn,217556.922832,433472.02764000004
Montferland,Verspreide huizen Beek,209864.49185929666,435908.01285929646
Montferland,Verspreide huizen Braamt,215550.28857760315,437962.40787033393
Montferland,Verspreide huizen De Heegh,207223.06391666658,439780.1698333333
Montferland,Verspreide huizen De Hogenend en Oud-Dijk,205596.637373406,438261.42593989056
Montferland,Verspreide huizen Greffelkamp,205224.87356185567,440609.6389226807
Montferland,Verspreide huizen Kilder,213502.41080568713,439161.4147109005
Montferland,Verspreide huizen Loerbeek,210977.98590909084,438184.62814393925
Montferland,Verspreide huizen Loil,207309.9137148148,440873.66317037033
Montferland,Verspreide huizen Mengelenberg en Lengel,215286.62584848484,433080.29670707067
Montferland,Verspreide huizen Montferland,212290.296125,433886.7579375
Montferland,Verspreide huizen Nieuw-Dijk,208103.93138829793,438399.5313111703
Montferland,Verspreide huizen Stokkum,212678.37158333336,432658.6710885417
Montferland,Verspreide huizen Zeddam,215124.3390958904,435428.24186301377
Montferland,Zeddam,215063.59580741343,435325.0284222398
Montfoort,Beneden Kerkweg,124326.20651999999,450292.17261000007
Montfoort,Blokland,125655.22694117649,449583.08933333337
Montfoort,Cattenbroek,123782.40699999999,453366.4454193547
Montfoort,Heeswijk,126103.62855704704,450932.04845637595
Montfoort,Linschoten,122732.13195128951,452886.8029877316
Montfoort,Montfoort,125015.31170391326,450555.03776513244
Montfoort,Polanen,121936.1715,453411.2836818181
Montfoort,Tabakshof en Heeswijk (gedeeltelijk),125383.33765733587,451140.3011303089
Montfoort,Verspreide huizen,124616.28425,448758.23199999996
Montfoort,Verspreide huizen Linschoten,122962.17697916669,451829.8893541666
Montfoort,Verspreide huizen Mastwijk,126466.69170149248,451940.34929850744
Montfoort,Willeskop,123413.79859763314,449144.8349230769
Mook en Middelaar,Middelaar Katerbosch en Heikant,191433.92078832106,415450.31340875925
Mook en Middelaar,Molenhoek,188635.48323656633,420024.0039647171
Mook en Middelaar,Mook,189241.8844709908,418246.3285451465
Mook en Middelaar,Riethorst-Plasmolen,191794.1111090305,416614.7856601492
Mook en Middelaar,Verspreide huizen Bisselt,190799.61290845074,418983.6741760562
Neder-Betuwe,Echteld,162498.80912757202,435683.0658312758
Neder-Betuwe,IJzendoorn,165018.9392393939,435377.1565242423
Neder-Betuwe,Kesteren,167581.48425393165,438300.158375418
Neder-Betuwe,Kom Dodewaard met Hien,173586.5288258281,435979.2678165566
Neder-Betuwe,Kom Wely,175958.31787692304,435440.8481846154
Neder-Betuwe,Ochten,167540.8645060045,435831.17881932313
Neder-Betuwe,Opheusden,171659.2347250811,438106.9415748724
Neder-Betuwe,Pottemsestraat en Groenestraat en omgeving,166158.04803636362,436216.19052727276
Neder-Betuwe,Verspreide huizen Dodewaard-Oost en Wely,175511.04451180695,435903.9734291486
Neder-Betuwe,Verspreide huizen Dodewaard-West,172436.6170993642,435931.09073101595
Neder-Betuwe,Verspreide huizen Echteld,162041.75280526312,436014.0044631579
Neder-Betuwe,Verspreide huizen Echteld-Waalbandijk,161494.08303030304,434667.96542424243
Neder-Betuwe,Verspreide huizen IJzendoorn,164778.95110358062,435936.9146307394
Neder-Betuwe,Verspreide huizen Kesteren,168305.44119012792,438106.32307861024
Neder-Betuwe,Verspreide huizen Lede en Oudewaard,166648.74145303882,438842.3883591161
Neder-Betuwe,Verspreide huizen Ochten,167994.972927107,436083.09259453317
Neder-Betuwe,Verspreide huizen Opheusden,171275.2359992965,438499.8225392177
Neder-Betuwe,Verspreide huizen poldergebied,168276.41204273,437440.86790232954
Nederweert,Boeket-Hoogbosweg,177964.24484705876,367025.71661176457
Nederweert,Bosserstraat-Lage Kuilen,179565.4694256757,368390.74697297293
Nederweert,Budschop,180969.9239661423,366333.04382224864
Nederweert,Deckerstraat-Bergdijk,185532.08681081075,362155.23823423433
Nederweert,Leveroy,186934.27017548747,362410.8819888578
Nederweert,Moostdijk-Kruisvennendijk,184789.2393425925,370082.5557129629
Nederweert,Nederweert,180016.97866920807,366229.0413492156
Nederweert,Nederweert-Eind,182394.36349914537,365356.7039282056
Nederweert,Nieuwstraat-Horick-Kampersweg,182428.60508294925,368952.1134884793
Nederweert,Ospel,182687.81848424207,367784.6114561326
Nederweert,Ospeldijk,184822.3181098901,370148.5215769229
Nederweert,Schoor-Mildert,180968.83698895024,363961.5612486186
Nederweert,Waatskamp-Bientjesweg,183474.12749624057,367438.76320300734
Nederweert,Wellenstein-Aan 't Kruis,184247.2390112359,365716.5138651685
Nederweert,Winnerstraat-Eindhovensebaan,180794.17209848485,368458.4102575756
Nieuwegein,Batau Noord,133561.78844817684,450719.096875456
Nieuwegein,Batau Zuid,133365.66446886578,449539.2458884352
Nieuwegein,Blokhoeve,134974.67812373742,451250.7111477266
Nieuwegein,De Wiers,135460.41828013028,447817.4278600921
Nieuwegein,Doorslag,133519.4858997134,448353.5327106026
Nieuwegein,Fokkesteeg,134831.73756165284,447834.5740765582
Nieuwegein,Galecop,133947.08038020853,451700.4239851661
Nieuwegein,Het Klooster,136449.52746153853,447719.7362527474
Nieuwegein,Hoge Landen,133353.57619999998,447533.29139999993
Nieuwegein,Hoogzandveld,134063.2607261042,446652.0475638548
Nieuwegein,Huis de Geer,135343.1828007118,450945.3865017792
Nieuwegein,Jutphaas Wijkersloot,134271.64375282923,449575.4032864813
Nieuwegein,Laagraven,136234.53346296298,451426.0403129632
Nieuwegein,Lekboulevard,134180.26943528288,446168.69868168765
Nieuwegein,Merwestein,134674.10128396223,448788.9000990564
Nieuwegein,Park Oudegein,134214.5847586207,447762.25062068965
Nieuwegein,Plettenburg,135627.17770553104,449485.62089183263
Nieuwegein,Rijnhuizen,135388.30413820394,449558.5688176112
Nieuwegein,Stadscentrum,134026.3209559789,448965.5376885683
Nieuwegein,Vreeswijk,135155.7364377139,446693.06445909676
Nieuwegein,Zandveld,134639.78462086775,446705.44216942176
Nieuwegein,Zuilenstein,134520.48361829773,450443.90298936126
Nieuwkoop,Achttienhoven,118639.17452198766,462496.66560035676
Nieuwkoop,Korteraar,110102.62554178838,464912.3561385527
Nieuwkoop,Langeraar,108578.7203334637,467390.9638930251
Nieuwkoop,Langeraar-Nieuwbouw,108647.77337828143,467585.5126515515
Nieuwkoop,Nieuwkoop,113117.73099145644,461962.0180943114
Nieuwkoop,Nieuwveen,111696.18935809795,467876.8198478838
Nieuwkoop,Nieuwveenseweg,113532.67959586837,463830.77798125136
Nieuwkoop,Noorden (gedeeltelijk),116737.30599616472,464159.7662742758
Nieuwkoop,Noordse Buurt,118487.65902941176,464848.76920588233
Nieuwkoop,Noordse Dorp,117544.17104,464670.86672000005
Nieuwkoop,Papenveer,109722.31894352176,466568.9382455803
Nieuwkoop,Recreatiegebied,117566.30030349687,465923.5373567968
Nieuwkoop,Schoterveld,111848.15073957016,467386.7937269284
Nieuwkoop,Ter Aar (buitengebied),108637.17389682538,464902.8805436512
Nieuwkoop,Ter Aar-Centrum (voorheen Aardam),108458.4245387954,464509.56910797604
Nieuwkoop,Uitbreiding dorpskern Nieuwkoop,112930.2090593465,462581.7100023584
Nieuwkoop,Uitbreiding dorpskern Noorden,116672.38975284091,464487.78676704544
Nieuwkoop,Verspreide huizen Ter Aar,110763.55365384616,464312.41503846145
Nieuwkoop,Verspreide huizen en Nieuwkoop Plassengebied,113604.39949668212,459730.87625693146
Nieuwkoop,Verspreide huizen in het Noorden,112801.53922651932,465883.4903812156
Nieuwkoop,Verspreide huizen in het Oosten,116339.91375675671,466670.1886
Nieuwkoop,Verspreide huizen in het Oosten en Zuiden,111857.1663270677,467546.11941353366
Nieuwkoop,Verspreide huizen in het Westen,112956.05328571431,465431.9524285715
Nieuwkoop,Vrouwenakker,113753.6699489051,470591.76387591235
Nieuwkoop,Woerdense Verlaat,119212.16771147882,463380.9117545153
Nieuwkoop,Zevenhoven,113301.79004664728,466483.6133294462
Nijkerk,Appel/'t Woud,166477.5221434109,467368.5287209303
Nijkerk,Arkemheen,160227.33905893078,473898.7047095288
Nijkerk,Bruins Slotlaan/Campenbuurt,161874.61304679007,471134.5760424376
Nijkerk,Centrum,161686.2701010249,470585.98875549046
Nijkerk,Coltoflaan/van Oldenbarneveldstraat,161604.0511570349,469979.19180025073
Nijkerk,Corlaer,160564.0693886828,469786.7304666046
Nijkerk,De Bogen,159661.58853357538,469672.27802722336
Nijkerk,De Flier/Arkerpoort,159191.41572580644,468922.4023064517
Nijkerk,De Veenhuis/Achterhoek,157597.54706410257,470164.2621794872
Nijkerk,Doornsteeg,160411.04109629637,470823.1626543211
Nijkerk,Groot Corlaer,159923.71405487802,470046.25698323187
Nijkerk,Hoevelaken-Hogenbrink,160373.68380577475,465549.4066758686
Nijkerk,Hoevelaken-Kleinhoven,159508.38277652266,465855.8482639507
Nijkerk,Hoevelaken-Middelaar,160775.11664692985,464887.2056798245
Nijkerk,Hoevelaken-Oranjebuurt-Horstbeek,160355.02481186678,464752.236319826
Nijkerk,Hoevelaken-Overhorst,159515.17935819336,464939.1096029414
Nijkerk,Hoevelaken-Stoutenburgerlaan-Oost,160088.80879648248,465009.97292713536
Nijkerk,Holkerveen,159390.74163513514,467952.4763828827
Nijkerk,Industriegebied,160873.39567215976,471513.6864935702
Nijkerk,Kruishaar,164529.86563403753,469624.8256528968
Nijkerk,Luxool,162502.54828346454,470429.9140787402
Nijkerk,Nautena-noord/Havenstraat,161090.5283163569,470719.9757797858
Nijkerk,Nautena-zuid/Schulpkamp,161154.10617786171,470293.62451182626
Nijkerk,Nijkerkerveen-Noord,160537.74895995305,467650.2418127208
Nijkerk,Nijkerkerveen-Zuid,160438.51805646627,467064.83157741337
Nijkerk,Paasbos-oost,162468.49908208966,470094.82375746284
Nijkerk,Paasbos-west,161917.65322318516,469761.35511267604
Nijkerk,Prinsenkamp,170960.48756635553,467726.6848421663
Nijkerk,Slichtenhorst,162131.47836269427,468514.7978031089
Nijkerk,Spoorkamp/De Terrassen,160023.20771037624,469328.1349064992
Nijkerk,Strijland-oost,162558.6226365054,469305.1795865833
Nijkerk,Strijland-west,162228.8320482398,469509.99617079523
Nijkerk,Zilverschoon/Oranjebuurt,162238.74595926265,470849.6977274495
Nijmegen,'t Acker,182587.47230721154,427474.79316048336
Nijmegen,'t Broek,182223.1096852892,426948.3237414794
Nijmegen,Aldenhof,183434.05421877216,424180.01695059973
Nijmegen,Altrade,188490.35029397867,427937.85914934997
Nijmegen,Benedenstad,187729.76490010764,429016.87123378593
Nijmegen,Biezen,186631.09590589823,428945.91293859464
Nijmegen,Bijsterhuizen,181101.00581159408,426617.82208695676
Nijmegen,Bottendaal,187302.07260147366,427878.7029058915
Nijmegen,Brakkenstein,187933.51457402934,425125.16450023814
Nijmegen,De Kamp,183453.699825273,426852.46498673985
Nijmegen,Galgenveld,187960.29546625368,427428.94675904384
Nijmegen,Goffert,185491.20039742667,426010.41200302966
Nijmegen,Groenewoud,188643.18569576123,426163.9117032424
Nijmegen,Grootstal,186390.31394813585,424844.6343974069
Nijmegen,Hatert,185329.6889313414,424315.4576384105
Nijmegen,Hatertse Hei,186773.77641802895,425461.66689304047
Nijmegen,Haven- en industrieterrein,185652.1689836366,429189.7301399999
Nijmegen,Hazenkamp,186712.65288721048,426556.3113346613
Nijmegen,Hees,185651.44718842453,428188.6010745991
Nijmegen,Heijendaal,187868.1630923584,426398.4982171971
Nijmegen,Hengstdal,189180.89855423186,427391.68879126996
Nijmegen,Heseveld,185583.06884576427,427446.1674725579
Nijmegen,Hunnerberg,189019.4318442916,428180.2129075615
Nijmegen,Kerkenbos,182206.46085542164,426415.56281024206
Nijmegen,Kwakkenberg,189482.375351682,426532.0820417931
Nijmegen,Lankforst,183999.84342097386,425144.91341063404
Nijmegen,Lent,188025.99681762213,431129.7348040006
Nijmegen,Malvert,184039.09095224194,424495.2404770058
Nijmegen,Meijhorst,183204.71257203555,424875.1993319223
Nijmegen,Neerbosch-Oost,184567.45252425555,426991.546533519
Nijmegen,Neerbosch-West,183279.7494411765,428220.6838676469
Nijmegen,Nije Veld,186738.80017040164,427254.45195550617
Nijmegen,Oosterhout,186329.114080386,432333.72993017954
Nijmegen,Ooyse Schependom,188704.61183307288,428833.9327445374
Nijmegen,Ressen,187056.40213000018,432508.2647545451
Nijmegen,St. Anna,186869.4711848336,426011.4838473154
Nijmegen,Staddijk,182337.92955959542,425307.56980623683
Nijmegen,Stadscentrum,187749.52781432253,428599.2625915133
Nijmegen,Tolhuis,182851.62485763765,425575.5142899294
Nijmegen,Vogelzang,184901.891,423524.263
Nijmegen,Weezenhof,184116.0543891697,423700.78642257076
Nijmegen,Westkanaaldijk,183965.06294229685,428652.34353356436
Nijmegen,Wolfskuil,186435.61970175992,427985.51227565453
Nijmegen,Zwanenveld,183569.91042160464,425928.41841724416
Nissewaard,Akkers-Centrum,81393.04358579233,427741.4571999997
Nissewaard,Baarsveen,83389.47954589372,428151.0703768114
Nissewaard,Bedrijventerrein Haven-Noord,82411.96914102563,430204.1358333333
Nissewaard,Berenplaat,86658.43983333332,427708.90183333337
Nissewaard,Beverveen,82488.42485623006,428051.4716261985
Nissewaard,Bloemendaele,75863.32539344268,431212.75542076526
Nissewaard,Centrum-Oost,82285.23246366426,429550.4982251786
Nissewaard,Centrum-Zuid,82142.6979977924,429202.6321534217
Nissewaard,De Dijk,83012.87976351389,429843.8560217612
Nissewaard,De Haven,82730.29101851852,430038.8443611111
Nissewaard,De Hoek-1,81484.92697777781,428994.3971365075
Nissewaard,De Hoek-2,81284.26387081342,429026.44842822966
Nissewaard,De Hoek-3,81033.22906400007,428941.28297066665
Nissewaard,De Hoek-4,81763.71132673271,428895.8389702972
Nissewaard,Donken,81798.4085976395,427428.55379721074
Nissewaard,Dreven,81989.28823736594,428059.9755849922
Nissewaard,Egel- en Salamanderveen,82584.98731877726,427658.18556768587
Nissewaard,Gaarden,82170.08403134478,427586.7279534884
Nissewaard,Geervliet-Noordoost,77578.98886759582,430955.5138135888
Nissewaard,Gildenwijk-Oost,82677.09723404257,429019.39198176295
Nissewaard,Gildenwijk-West,82480.77265963059,428946.2306912932
Nissewaard,Groenewoud-Hoog,82665.07411562777,428762.48518789565
Nissewaard,Groenewoud-Huur,82857.21205932206,428548.3221652543
Nissewaard,Groenewoud-Koop,82694.73242322577,428507.3783225807
Nissewaard,Harregat,76456.9917361111,426485.1253981482
Nissewaard,Hartelpark-Oost,81041.83499999999,430808.6890909091
Nissewaard,Hartelpark-West,79998.83,430749.482875
Nissewaard,Hekelingen-Dorp,83119.86435571428,426808.99001999974
Nissewaard,Het Land,82759.43478313263,429641.8436891568
Nissewaard,Hoogwerf-Noord,81455.84455522087,430531.33683534135
Nissewaard,Hoogwerf-Zuid,81620.07081410267,430189.3989276562
Nissewaard,Industrieterrein Halfweg,80152.62470327102,429881.5307009347
Nissewaard,Karperveen,83294.99975935828,427528.7640534758
Nissewaard,Kerckhoek,77459.44572448981,426142.58964577265
Nissewaard,Kern,81940.94603322617,429593.45044372976
Nissewaard,Kern Abbenbroek,76178.94113870244,429496.476919463
Nissewaard,Kern Geervliet,77191.13688659796,430804.6802216496
Nissewaard,Kern Heenvliet,76324.0135033333,431345.6289066667
Nissewaard,Kern Simonshaven,79183.63135651305,426497.248970862
Nissewaard,Kern Zuidland,77046.63244502964,426647.1524845296
Nissewaard,Kikkerveen,82701.61131404959,427964.47976446274
Nissewaard,Krekelveen,82739.80104290422,427416.1238085809
Nissewaard,Kreken,82129.2052638718,426903.4448840943
Nissewaard,Kreken van Nibbeland,76611.60437303371,427138.7893955053
Nissewaard,Landtong,81528.51722222223,431006.1758888888
Nissewaard,Maaswijk-Noordoost,84611.84553676473,428055.7473562088
Nissewaard,Maaswijk-Noordwest,84076.91023717624,428085.21841837454
Nissewaard,Maaswijk-Zuidoost,84857.2002217876,427471.55990111816
Nissewaard,Maaswijk-Zuidwest,83858.85316730397,427906.5009875719
Nissewaard,Maaswijktuinen,83476.6832027027,428468.89454054047
Nissewaard,Markenburg,79504.49366666666,430775.50633333327
Nissewaard,Middengebied,83061.28422445562,427782.8971189284
Nissewaard,Molenwei,82032.14268062828,429926.87441361253
Nissewaard,Oostbroek,82273.0131875,430530.4625625
Nissewaard,Oranjebuurt,81589.13535862067,429614.852114943
Nissewaard,Ottersveen,82842.14537433152,428152.1807326203
Nissewaard,Oud-Schuddebeurs,81410.14472727272,426389.52909090905
Nissewaard,Park Waterland,83343.60161111111,427419.7458333334
Nissewaard,Park Welgelegen,84183.056,427402.78
Nissewaard,Poldergebied Abbenbroek,75458.0152751678,428773.23437583895
Nissewaard,Poldergebied Geervliet,77323.67456923076,430359.41075384617
Nissewaard,Poldergebied Heenvliet,74448.06947435897,430572.4294102563
Nissewaard,Poldergebied Simonshaven,78470.54096666664,426983.57384444436
Nissewaard,Poldergebied Zuidland,76701.85985869567,425596.8558913043
Nissewaard,Ravensteijn-West,76129.38877070064,431637.60267303605
Nissewaard,Schenkel-Industrieterrein,82972.8724237288,429445.9205762711
Nissewaard,Schenkel-Noordoost,83779.5709217877,429032.89427932975
Nissewaard,Schenkel-Noordwest,83435.53720506905,429237.7393525347
Nissewaard,Schenkel-Zuidoost,83765.54342654027,428806.8435473935
Nissewaard,Schenkel-Zuidwest,83231.78950832254,429054.1466325225
Nissewaard,Schiekamp-Noord,80782.01133565458,430367.60521587793
Nissewaard,Schiekamp-Zuid,81031.57047185436,430030.4153708606
Nissewaard,Slakkenveen,82810.74557198446,427639.1714357977
Nissewaard,Snoekenveen,83359.764658407,427871.29832920356
Nissewaard,Sterrenkwartier-Hoog,81715.3109795918,428714.0184174401
Nissewaard,Sterrenkwartier-Midden,81502.0231777778,428471.33211111126
Nissewaard,Sterrenkwartier-Oost,81982.27929821714,428486.72185413266
Nissewaard,Sterrenkwartier-West,81190.17695167282,428497.3825167286
Nissewaard,Sterrenkwartier-Zuid,81721.48160606057,428269.45555681834
Nissewaard,Uitslag van Putten-Zuid,84494.39769230768,426872.59753846156
Nissewaard,Vierambachten,81235.57480210524,429417.0505747367
Nissewaard,Vogelbuurt,81865.3276216216,429233.78504633193
Nissewaard,Vogelenzang-Noord,80564.61168862272,428152.77069461066
Nissewaard,Vogelenzang-Zuid,80972.50292782973,427654.27274662536
Nissewaard,Voorden,81646.03317235185,427982.84920287266
Nissewaard,Vriesland,81528.82873333333,427153.23721282097
Nissewaard,Waterrijk,85405.65611111111,427924.73311111116
Nissewaard,Westrand,80364.5,429327.34003571427
Nissewaard,Ziekenhuis,82747.36700000001,429186.4966666666
Noardeast-Fryslan,Aalsum,196147.0082553191,595152.2886170213
Noardeast-Fryslan,Anjum,204262.91922142848,598977.5140214288
Noardeast-Fryslan,Augsbuurt,207893.8642068965,587307.376
Noardeast-Fryslan,Birdaard,187563.9324051896,589758.9795409179
Noardeast-Fryslan,Blija,186566.37510610934,596302.9224598071
Noardeast-Fryslan,Bornwird,193241.74206976744,594167.7076279069
Noardeast-Fryslan,Brantgum,191241.75929523807,596325.5214666666
Noardeast-Fryslan,Burum,211241.17190909095,587853.186516529
Noardeast-Fryslan,De Trije Terpen,194856.9380287081,592379.6693349282
Noardeast-Fryslan,Dokkum Betterwird,194729.2444105264,593712.5919789472
Noardeast-Fryslan,Dokkum De Woudhorne,194766.448995,592834.0341350001
Noardeast-Fryslan,Dokkum Fonteinslanden,196026.80447457632,592828.977211864
Noardeast-Fryslan,Dokkum Fugellan,196797.63427217418,593771.5138078268
Noardeast-Fryslan,Dokkum Hoedemakerspolder,195231.30298703176,593119.9423904896
Noardeast-Fryslan,Dokkum Hogedijken,196796.181326613,593071.2823669355
Noardeast-Fryslan,Dokkum Jantjeszeepolder,196134.48768876624,592275.2466998164
Noardeast-Fryslan,Dokkum Kooilanden,196663.66944158418,592497.577671287
Noardeast-Fryslan,Dokkum Noord,195663.45863153026,593749.512054868
Noardeast-Fryslan,Dokkum Weeshuislanden,195716.40629101553,594233.6011894526
Noardeast-Fryslan,Dokkum binnen de Bolwerken,195733.93737760663,593450.6231436306
Noardeast-Fryslan,Dokkumer Nieuwe Zijlen,206293.5453214286,592671.9713214287
Noardeast-Fryslan,Ee,202553.79439384627,593984.3536338459
Noardeast-Fryslan,Engwierum,205077.6844911505,592888.3462256637
Noardeast-Fryslan,Ferwerd,184201.32990909068,594674.3001542005
Noardeast-Fryslan,Foudgum,192057.8852758621,595593.733
Noardeast-Fryslan,Genum,187486.10311111112,593161.7188666664
Noardeast-Fryslan,Hallum,181542.97129850776,591050.350875
Noardeast-Fryslan,Hantum,193475.18771126762,597528.1511619717
Noardeast-Fryslan,Hantumeruitburen,196174.51864,597021.3738800001
Noardeast-Fryslan,Hantumhuizen,195560.82928301883,598611.9450754715
Noardeast-Fryslan,Hiaure,193985.43778571425,595980.3084285714
Noardeast-Fryslan,Hogebeintum,186033.0202826087,594207.7639565219
Noardeast-Fryslan,Holwerd,189327.54697214853,598135.2696114057
Noardeast-Fryslan,Janum,189689.223631579,591896.9156842105
Noardeast-Fryslan,Jislum,187517.6140078857,591521.9703243262
Noardeast-Fryslan,Jouswier,200874.92189473682,595922.3091052631
Noardeast-Fryslan,Kollum,205818.3119257625,588481.2721690553
Noardeast-Fryslan,Kollumerpomp,208663.70428571425,591163.3002077928
Noardeast-Fryslan,Kollumerzwaag,201267.24950116206,586373.7160139435
Noardeast-Fryslan,Lichtaard,190381.64893548388,593177.5093548386
Noardeast-Fryslan,Lioessens,201620.7442857141,599587.0218367346
Noardeast-Fryslan,Marrum,182649.67621416246,593025.0139084627
Noardeast-Fryslan,Metslawier,200181.23162412996,597258.6890440839
Noardeast-Fryslan,Moddergat,201029.3841288343,602150.7158282208
Noardeast-Fryslan,Morra,201702.61442500004,598733.1526375
Noardeast-Fryslan,Munnekezijl,213927.79609004743,591198.6074218012
Noardeast-Fryslan,Nes,198979.02702577304,601319.0653402063
Noardeast-Fryslan,Niawier,198939.12941721847,597619.1832317881
Noardeast-Fryslan,Oosternijkerk,199268.05483333336,599418.3604863388
Noardeast-Fryslan,Oostmahorn,206312.35912258073,599502.9240752689
Noardeast-Fryslan,Oostrum,199933.49164150943,594072.7470754716
Noardeast-Fryslan,Oudwoude,203577.16539518881,588661.5776219928
Noardeast-Fryslan,Paesens,201440.2747642277,601919.3575934957
Noardeast-Fryslan,Raard,192133.0965053764,593392.8906881718
Noardeast-Fryslan,Reitsum,188560.88882758614,592914.9136896551
Noardeast-Fryslan,Ternaard,193533.1667834507,599587.5741320425
Noardeast-Fryslan,Triemen,201850.74350046727,588093.9221593549
Noardeast-Fryslan,Veenklooster,203022.20410204082,586661.2648571428
Noardeast-Fryslan,Verspreide huizen Anjum,204897.45273076912,598913.8755865383
Noardeast-Fryslan,Verspreide huizen Birdaard,188017.3460240964,590140.4083855421
Noardeast-Fryslan,Verspreide huizen Blija,187300.70140860218,596041.1686021504
Noardeast-Fryslan,Verspreide huizen Brantgum,191606.64399999997,596961.3439230769
Noardeast-Fryslan,Verspreide huizen Burum,211056.35973684207,587863.7541052632
Noardeast-Fryslan,Verspreide huizen Ee,202592.50570642206,594581.3578165137
Noardeast-Fryslan,Verspreide huizen Engwierum,205343.02336585367,593675.2586097561
Noardeast-Fryslan,Verspreide huizen Ferwerd,184182.07364130436,595172.6798695652
Noardeast-Fryslan,Verspreide huizen Hallum,180998.87653977273,590937.0053238636
Noardeast-Fryslan,Verspreide huizen Hantum,193679.34304999997,597526.232
Noardeast-Fryslan,Verspreide huizen Hantumhuizen,195241.06085416672,598302.9593541666
Noardeast-Fryslan,Verspreide huizen Holwerd,189374.85957894733,597918.1476947367
Noardeast-Fryslan,Verspreide huizen Kollum,206016.65562015504,588557.8504961239
Noardeast-Fryslan,Verspreide huizen Kollumerpomp,208435.58965625006,590896.6461249999
Noardeast-Fryslan,Verspreide huizen Kollumerzwaag,200063.98531818183,585398.1609848485
Noardeast-Fryslan,Verspreide huizen Lioessens,202341.36364285712,600349.8002857143
Noardeast-Fryslan,Verspreide huizen Marrum-Westernijkerk,182062.7093965517,593188.3442155173
Noardeast-Fryslan,Verspreide huizen Metslawier,200440.38138888887,597291.5826666667
Noardeast-Fryslan,Verspreide huizen Moddergat,200409.8791111111,602091.626888889
Noardeast-Fryslan,Verspreide huizen Morra,201742.69428125,597973.96140625
Noardeast-Fryslan,Verspreide huizen Munnekezijl,211728.17190624995,592119.3436875001
Noardeast-Fryslan,Verspreide huizen Nes,198632.72519444447,601174.6884444447
Noardeast-Fryslan,Verspreide huizen Niawier,198743.14799999996,597078.84
Noardeast-Fryslan,Verspreide huizen Oosternijkerk,199035.63027999998,599511.6488
Noardeast-Fryslan,Verspreide huizen Oostrum,198495.41506666664,593595.1904444447
Noardeast-Fryslan,Verspreide huizen Oudwoude,203499.0668051948,589415.3259610387
Noardeast-Fryslan,Verspreide huizen Paesens,202066.69504545451,601409.0920000001
Noardeast-Fryslan,Verspreide huizen Ternaard,193108.26938260873,599875.7796173912
Noardeast-Fryslan,Verspreide huizen Wanswerd,185577.65736239747,589576.2692994575
Noardeast-Fryslan,Verspreide huizen Warfstermolen,211847.45551724138,590245.6838275862
Noardeast-Fryslan,Verspreide huizen Westergeest,201906.51746465545,590812.9942469035
Noardeast-Fryslan,Verspreide huizen Wierum,195890.27964705884,601198.3834117646
Noardeast-Fryslan,Waaxens,190448.5403333333,596862.5221428571
Noardeast-Fryslan,Wanswerd,185817.49401785713,590688.5089285712
Noardeast-Fryslan,Warfstermolen,211346.85275000002,590324.7166764706
Noardeast-Fryslan,Westergeest,201457.34391904756,589592.3844619048
Noardeast-Fryslan,Wetsens,198059.45939999996,596121.87656
Noardeast-Fryslan,Wierum,196756.16397584538,601790.8497681159
Noardeast-Fryslan,Zwagerbosch,199105.58643347627,584650.5906223173
Noord-Beveland,Colijnsplaat,48392.85367315174,402200.29694844334
Noord-Beveland,Geersdijk,42910.34988095237,398657.3711904761
Noord-Beveland,Kamperland,38257.05088002269,399351.05990629754
Noord-Beveland,Kats,50866.148938388615,398740.74818957335
Noord-Beveland,Kortgene-Dorp,45020.22061190742,397781.53249283315
Noord-Beveland,Kortgene-Oost,45897.31775225226,397452.11080630636
Noord-Beveland,Recreatiegebied Kamperland,36570.40451811594,398556.95233514503
Noord-Beveland,Verspreide huizen Colijnsplaat,47370.44153038675,402154.73092817666
Noord-Beveland,Verspreide huizen Geersdijk,42992.126944598145,398742.4619054863
Noord-Beveland,Verspreide huizen Kamperland,37165.719456008024,401065.57531577954
Noord-Beveland,Verspreide huizen Kats,50051.89713846154,399220.6177538462
Noord-Beveland,Verspreide huizen Kortgene,45526.80888757397,397406.8777928995
Noord-Beveland,Verspreide huizen Wissenkerke,42129.719100123984,400525.01877277857
Noord-Beveland,Wissenkerke,41290.08524274809,400733.78237099224
Noordenveld,Altena,227954.73419999998,572299.3503923076
Noordenveld,Buitengebied Roden Noord,225895.87276885507,578189.055387242
Noordenveld,Buitengebied Roden West,222049.28700770607,573260.2910353845
Noordenveld,Buitengebied Roden Zuid,224174.0483945139,569910.46599763
Noordenveld,Centrum Leek en omgeving,221710.90300000002,574625.995
Noordenveld,Een,222481.6813879311,566050.5334913793
Noordenveld,Foxwolde,226539.7178028169,574843.8596760563
Noordenveld,Industrieterrein Roden,225338.79101778663,573766.9492826086
Noordenveld,Langelo,225821.25565821727,567838.4643468711
Noordenveld,Leutingewolde,224648.84990625002,574678.1855625
Noordenveld,Lieveren,226274.41622222218,570423.9824074074
Noordenveld,Nietap,222564.0475388235,575231.9104941175
Noordenveld,Nieuw-Roden,222575.6497557566,571990.5953840461
Noordenveld,Norg,226419.58417189892,564939.8678611532
Noordenveld,Peest,229542.56135294118,564223.5007647059
Noordenveld,Peize,229307.6808573815,573847.9082744861
Noordenveld,Peizermade,230124.55064705884,578921.7923529412
Noordenveld,Roden,224488.2992085334,572948.405054347
Noordenveld,Roden West,223262.88070409442,572360.1916673536
Noordenveld,Roderesch,224288.80282725257,570182.5941313205
Noordenveld,Roderwolde,227471.76123021584,576370.6708489208
Noordenveld,Sandebuur,226448.67992307694,576689.9218461539
Noordenveld,Steenbergen,223459.06199999998,568587.7651621621
Noordenveld,Veenhuizen,222619.2358951546,561386.259389018
Noordenveld,Verspreide huizen Een,221083.9068102156,567464.4581137412
Noordenveld,Verspreide huizen Een-West,218432.85346315792,566639.5019052632
Noordenveld,Verspreide huizen Huis ter Heide,228314.3509649123,559452.1984035086
Noordenveld,Verspreide huizen Langelo,225591.038,568090.1462307692
Noordenveld,Verspreide huizen Norg,227305.40249303353,565888.9873110665
Noordenveld,Verspreide huizen Peest,229149.4762173913,563842.2380869566
Noordenveld,Verspreide huizen Peize Noord,228990.68397669023,573331.5470360002
Noordenveld,Verspreide huizen Veenhuizen,223390.2544666062,560967.835940669
Noordenveld,Verspreide huizen Westervelde,225491.415,563359.996
Noordenveld,Verspreide huizen Zuidvelde,227231.6910681818,561292.8656818182
Noordenveld,Westervelde,225557.50821686746,563531.1032409639
Noordenveld,Zuidvelde,226820.2728051149,562635.4568089469
Noordoostpolder,Bant-bedrijventerrein,180093.99957692312,531026.1691153846
Noordoostpolder,Bant-landelijk gebied,179851.08595207662,531531.9295207668
Noordoostpolder,Bant-woonkern,179577.87746239553,531421.6350389969
Noordoostpolder,Creil-bedrijventerrein,173591.80173333333,530533.0455333333
Noordoostpolder,Creil-landelijk gebied,172805.0254945055,531168.2885531134
Noordoostpolder,Creil-woonkern,173564.96259880235,530746.917203593
Noordoostpolder,Emmeloord-Bedrijventerrein A6,179294.31712077296,522345.18890821264
Noordoostpolder,Emmeloord-Bedrijventerrein Nagelerweg,179744.48030783498,523494.25431239454
Noordoostpolder,Emmeloord-Bedrijventerrein de Munt,181552.81502564103,525031.4458820514
Noordoostpolder,Emmeloord-Centrum-Bos en Gaard,180514.45938790037,525163.8364377224
Noordoostpolder,Emmeloord-Centrum-Centrum Oost,180116.260974537,525102.4387037037
Noordoostpolder,Emmeloord-Centrum-Centrum West,179457.09429375333,525124.5130788811
Noordoostpolder,Emmeloord-Centrum-Tussen Gracht en Vaart,179962.14835129306,524628.8251997128
Noordoostpolder,Emmeloord-Emmelhage-Boswonen,179166.79097891977,526770.3810013174
Noordoostpolder,Emmeloord-Emmelhage-Waterwonen/Polderwonen,178566.75686206896,526729.8911206895
Noordoostpolder,Emmeloord-Espelervaart-Bergenbuurt,178771.1495526695,524780.8835836939
Noordoostpolder,Emmeloord-Espelervaart-Espelervaart West,178058.16107529608,525030.8913003383
Noordoostpolder,Emmeloord-Espelervaart-Rivierenbuurt,178703.23856848895,525122.1094004211
Noordoostpolder,Emmeloord-Revelsant-Noord,178522.783622577,524420.1660912205
Noordoostpolder,Emmeloord-Revelsant-Zuid,178763.3713971505,524080.9716411399
Noordoostpolder,Emmeloord-Waterland,180069.57317073172,526717.756097561
Noordoostpolder,Emmeloord-de Erven,178339.77862563843,525888.1714698671
Noordoostpolder,Emmeloord-de Zuidert,180290.9904856957,524164.15696684003
Noordoostpolder,Emmeloord-landelijk gebied,180093.62485135137,525161.1509864865
Noordoostpolder,Ens-bedrijventerrein,184294.63690740743,517185.8596111111
Noordoostpolder,Ens-landelijk gebied,184754.79206046506,516957.7979116279
Noordoostpolder,Ens-woonkern,184760.94821891063,516871.3190924976
Noordoostpolder,Espel-bedrijventerrein,172352.3625,525806.2983461539
Noordoostpolder,Espel-landelijk gebied,172360.90905791507,526468.5342084942
Noordoostpolder,Espel-woonkern,172222.11426535627,526296.4314545452
Noordoostpolder,Kraggenburg-bedrijventerrein,189527.39246666667,519781.16883333336
Noordoostpolder,Kraggenburg-landelijk gebied,190014.20590716178,518970.41607161827
Noordoostpolder,Kraggenburg-woonkern,189720.18257816377,519542.90398511157
Noordoostpolder,Luttelgeest-landelijk gebied,185527.79271342393,529917.5803604827
Noordoostpolder,Luttelgeest-woonkern,186485.94828985346,528411.5256317289
Noordoostpolder,Marknesse-bedrijventerrein,187559.63631451607,524728.3262177418
Noordoostpolder,Marknesse-landelijk gebied,189025.78049126637,524504.5042925765
Noordoostpolder,Marknesse-woonkern,186986.32098374204,524750.0220741255
Noordoostpolder,Nagele-bedrijventerrein,177305.78026,517380.5743
Noordoostpolder,Nagele-landelijk gebied,177713.42487239584,516565.3195989584
Noordoostpolder,Nagele-woonkern,177951.20114735697,517447.5873465758
Noordoostpolder,Rutten-bedrijventerrein,175463.63294736843,535387.629631579
Noordoostpolder,Rutten-landelijk gebied,176775.1828589342,536122.5167492162
Noordoostpolder,Rutten-woonkern,175968.867483871,535399.4886752688
Noordoostpolder,Schokland-woonkern,181276.3,517500.8
Noordoostpolder,Tollebeek-bedrijventerrein,174705.7151764706,521590.7232352941
Noordoostpolder,Tollebeek-landelijk gebied,173197.46112987012,521684.54834199126
Noordoostpolder,Tollebeek-woonkern,174388.09768365804,521174.7080074963
Noordwijk,Beeklaan-kwartier,90314.78263947261,471763.8162418624
Noordwijk,Boerenburg en Grashoek,91162.30900487334,473125.54769834265
Noordwijk,De Noord,90391.67782999773,473840.88674004324
Noordwijk,Dorpskern,90535.91522726612,472738.2072266871
Noordwijk,Dr. Mr. W. van den Berghstichting,89427.46128467152,470804.4589343066
Noordwijk,Estec,88900.46078873242,470518.08200000005
Noordwijk,Grote Zilk,97546.51976751265,479783.31610456866
Noordwijk,Kleine Zilk,96633.69063243245,478333.5924648649
Noordwijk,Noordwijkerhout,93925.04233294235,474990.68344062124
Noordwijk,Sancta Maria,93757.6961848739,477120.0016470591
Noordwijk,Verspreide huizen Langeveld,92627.52052704863,476394.44898267015
Noordwijk,Verspreide huizen Zuiden en Oosten,90294.76664780195,470272.3154843411
Noordwijk,Verspreide huizen in het Centrum,94715.47719575556,476056.27397643897
Noordwijk,Verspreide huizen ten zuiden van de gemeente,92909.91356902356,474216.38459259254
Noordwijk,Villawijk-Zuid,89553.32463494485,472755.0503925264
Nuenen Gerwen en Nederwetten,Eeneind,166416.61117678668,384501.7817419532
Nuenen Gerwen en Nederwetten,Gerwen,167220.4756429207,388909.20791612193
Nuenen Gerwen en Nederwetten,Nederwetten,164406.13004320988,389317.6070246913
Nuenen Gerwen en Nederwetten,Nuenen-Noord,166132.3886026048,387298.69388405315
Nuenen Gerwen en Nederwetten,Nuenen-Oost,167276.31084230676,387096.0629289178
Nuenen Gerwen en Nederwetten,Nuenen-Zuid,166200.4871631596,386234.73330873484
Nuenen Gerwen en Nederwetten,"Verspreide huizen Boord, Opwetten",164920.29964425167,386283.91997613874
Nuenen Gerwen en Nederwetten,Verspreide huizen Gerwen,166539.89045498415,390371.376372059
Nuenen Gerwen en Nederwetten,Verspreide huizen Nederwetten,164261.93783928573,388837.789
Nuenen Gerwen en Nederwetten,Verspreide huizen ten zuidoosten van Nuenen,168342.25897500003,386776.60655
Nunspeet,Elspeet,182279.42799831645,478345.06436532014
Nunspeet,Hulshorst,178417.90087887316,486122.62604225404
Nunspeet,Nunspeet-Oost,183005.27201230903,488424.51160241186
Nunspeet,Nunspeet-West,181482.8639144891,487711.26332729566
Nunspeet,Nunspeet-Zuid,182564.01363492064,486882.7112777778
Nunspeet,Verspreide huizen Elspeet en omgeving,181376.11075937733,478310.3196351892
Nunspeet,Verspreide huizen Elspeetse Bos,180667.7724811321,479511.0448773585
Nunspeet,Verspreide huizen Hulshorst,177898.8508374311,485646.1545706463
Nunspeet,Verspreide huizen Zuiderzeeland Hulshorst,177284.85962143145,487821.15950463316
Nunspeet,Verspreide huizen Zuiderzeeland Nunspeet,181304.96364289688,488957.09558063745
Nunspeet,Verspreide huizen bosgebied Hulshorst,178721.01176662833,485267.58046788874
Nunspeet,Verspreide huizen bosgebied Nunspeet,183366.4148263092,487529.30545620044
Nunspeet,Verspreide huizen bosgebied Vierhouten,184323.76985068072,483652.54482463223
Nunspeet,Vierhouten,184896.26776393765,482540.92526010645
Oegstgeest,Bloemenbuurt,92446.0137549386,466971.44542979123
Oegstgeest,Buitengebied,92723.07391063037,468220.72052408376
Oegstgeest,Buitenlust,91183.50773333332,466155.42203888926
Oegstgeest,De Morsebel,93012.54071687843,467997.30227767705
Oegstgeest,Haaswijk-Oost,92977.22364962415,467497.35500526323
Oegstgeest,Haaswijk-West,92479.96519583833,467740.47767931473
Oegstgeest,Oranje Nassau,92356.2847027692,466102.04248631466
Oegstgeest,Oudenhof,92966.27141541774,466806.9554113861
Oegstgeest,Poelgeest,93847.50176240501,466085.69175613194
Oegstgeest,Rhijngeest,91632.2551393443,465512.70005737693
Oegstgeest,Rijnfront,91038.96017470467,465791.7503387395
Oegstgeest,Voscuyl,92015.51509926472,466849.08143566287
Oirschot,De Notel,150237.03848288502,391019.4182133249
Oirschot,Industrieterrein De Stad,150886.93420647772,390399.7584251012
Oirschot,Middelbeers,145554.98263586534,386418.04836491816
Oirschot,Oirschot Noordoost,148531.75937500002,391173.05648611113
Oirschot,Oirschot-Centrum,149494.90709956008,390711.4924182332
Oirschot,Oostelbeers,146781.19654494937,387094.90049865795
Oirschot,Snepseind en Bijsterveld,151088.87764806865,391668.29243347637
Oirschot,Spoordonk,146902.7331214059,392093.5784632589
Oirschot,Straten met Moleneind,151891.01302040808,390941.5933673469
Oirschot,Verspreide huizen Middelbeers,145287.1197559525,386027.25068154756
Oirschot,Verspreide huizen Noord en De Mortelen,150051.3632944785,393052.5083374235
Oirschot,Verspreide huizen Oostelbeers,146728.8993629032,387606.7560161289
Oirschot,Verspreide huizen Spoordonk,145834.27219329902,392005.3423170103
Oirschot,Verspreide huizen Westelbeers,143176.73681192656,384240.60353211005
Oirschot,Verspreide huizen Zuid-Oirschotse Heide,150889.0234643583,389093.1441649037
Oisterwijk,Buitengebied (Zuid),143724.09587651535,397324.50051473326
Oisterwijk,Buitengebied (de Logt),144963.17153658537,394968.30851219513
Oisterwijk,Buitengebied Kerkhoven,140837.00931707316,400424.5640487805
Oisterwijk,Centrum Moergestel,140706.16246961607,395107.8484900376
Oisterwijk,Heukelom,138977.45907438017,398366.5897107437
Oisterwijk,Omg. 't Seuverick,140383.3879781022,398364.10993917275
Oisterwijk,Omg. 't Westend,140021.32487965617,398400.6251919771
Oisterwijk,Omg. Bej.Centrum/Molen,140694.98548072565,399365.1666428572
Oisterwijk,Omg. Boxtelsebn/Waterhoef,142480.7847653137,399332.05333948345
Oisterwijk,Omg. Broekzijde,140491.87166666667,392745.910452381
Oisterwijk,Omg. Bunders,141104.14740956345,398324.92122661124
Oisterwijk,Omg. Burghtweide,142555.75364919356,398950.86672177416
Oisterwijk,Omg. De Lind/Kerkstr,141580.49731729872,399051.5373792781
Oisterwijk,Omg. Dotterpln/Wildemanstr,141547.7321314554,398478.87413615023
Oisterwijk,Omg. Europaln/Hondsbergseln,141333.22289349113,397954.13794082846
Oisterwijk,Omg. Klompven/Eikenven,143036.0657840909,398791.0506193183
Oisterwijk,Omg. Levenskerk/Boomgaard,142050.4256885496,398639.8674732825
Oisterwijk,Omg. Pannenschuur-Centrum,140209.35738442207,399151.81259610545
Oisterwijk,Omg. Petrus-Kerk,140972.8081669535,398858.8446815833
Oisterwijk,Omg. Prinsessen-wijk,140368.18960283685,398645.30732446816
Oisterwijk,Omg. Vinkenberg/Heuvelstraat,140038.5594125,393504.7377375
Oisterwijk,Omgeving George Perklaan,142032.82603846153,399628.12119230774
Oisterwijk,Omgeving Industrieterrein,141397.29717267287,399460.33314864873
Oisterwijk,Verspr.h. oosten en zuiden Moerg.,142471.07288636366,393714.00287121226
Oisterwijk,Verspr.h. westen en noorden Moerg.,141360.42282004628,395684.81651599216
Oldambt,'t Waar,259173.103328125,582927.613203125
Oldambt,Beerta-Centrum,269334.2436825938,577733.4337064846
Oldambt,Beerta-Centrum-West,269233.98816062167,577995.0754352332
Oldambt,Beerta-Nieuwbouw,268889.852130531,577874.8711792035
Oldambt,Drieborg-Centrum,274843.5661132076,581512.5071823898
Oldambt,Eexta,260922.0555690833,577215.8641887825
Oldambt,Eexta-Zuid,261992.36768682578,576459.8070101202
Oldambt,Ekamp,266578.3589142857,577289.2244
Oldambt,Finsterwolde Ganzedijk,270748.5228051948,581483.3262467533
Oldambt,Finsterwolde Hardenberg,268174.95971725055,579331.2086410183
Oldambt,Finsterwolde nieuwbouw,268388.8410891089,579931.3957227721
Oldambt,Finsterwolde-Centrum,268720.22341880336,580425.7931424503
Oldambt,Hamrikkerweg,258397.30831578947,580585.6355263158
Oldambt,Heiligerlee,263604.2170031692,575697.9377854447
Oldambt,Meerland,266074.2489866667,578095.4392133334
Oldambt,Midwolda,263826.3476796786,579739.4333157293
Oldambt,Napels,263431.38234090904,575245.5058863637
Oldambt,Niesoord,264804.6345260174,578028.6423795441
Oldambt,Nieuw-Beerta,273692.1408923077,579518.6816461538
Oldambt,Nieuw-Scheemda,258978.77164516132,581572.7339516128
Oldambt,Nieuweschans De Bron,276447.71421237895,578790.336978854
Oldambt,Nieuweschans Nieuwbouw,276898.64550999994,579023.7121966667
Oldambt,Nieuweschans-Centrum,276830.09591040463,578692.0968786125
Oldambt,Nieuweweg,266588.65914062504,579716.8468085937
Oldambt,Nieuwolda,260916.62951654414,585267.3270974266
Oldambt,Oosteind,262681.3978181818,585909.7059272728
Oldambt,Oostwold,265769.1485118278,580845.5136064517
Oldambt,Scheemda,260978.08737941182,577803.0456433824
Oldambt,Scheemdermeer,262044.43287709498,577277.7076759776
Oldambt,Scheemderzwaag,259934.72944000002,578303.26568
Oldambt,Udesweg-Zuid,265207.0544705882,572410.0487058824
Oldambt,Verspreide huizen,258673.00829629626,581215.1155555556
Oldambt,Verspreide huizen Beerta,271023.00067039113,577553.0163519552
Oldambt,Verspreide huizen Drieborg,275254.8031457731,581648.584952112
Oldambt,Verspreide huizen Finsterwolde,268832.9783345675,579947.2657605478
Oldambt,Verspreide huizen Midwolda,265170.15184403665,578967.352614679
Oldambt,Verspreide huizen Nieuwolda,263836.54058823525,585589.7187647059
Oldambt,Verspreide huizen Winschoten,265588.4345315315,576019.2341891892
Oldambt,Verspreide huizen ten noorden van Westerlee,261184.57869230767,575321.5486923078
Oldambt,Verspreide huizen ten zuiden van Westerlee,262435.0880507246,573660.3197536232
Oldambt,Westerlee,262093.603562387,574556.3049041592
Oldambt,Winschoten-Bomenbuurt,264212.7779991362,574638.7717141623
Oldambt,Winschoten-Centrum,265215.1008472922,574223.5893347216
Oldambt,Winschoten-Grintweg,264301.84519607853,575481.2313509805
Oldambt,Winschoten-Noord,265098.4754438737,575758.0635077036
Oldambt,Winschoten-Sint Vitusholt-Lanengebied,264011.7779151291,573772.7698523987
Oldambt,Winschoten-Zuid,265083.7730726853,573379.6071275251
Oldambt,Winschoten-industriegebied,266228.10757155373,574039.5559445543
Oldambt,Zeeheldenbuurt,265170.086412281,574940.3777124047
Oldambt,Zuiderpolder,261948.6306571428,579089.7172857142
Oldebroek,'t Loo,193505.47302380943,495365.2313650796
Oldebroek,Bovenstreek,190093.19463358782,494635.81667938945
Oldebroek,Broekdijk,191416.08834293197,496461.48544764373
Oldebroek,Eekt,188977.36640322578,496739.0622419354
Oldebroek,Hattemerbroek,198138.70190343328,498675.45580472116
Oldebroek,Noordeinde,188232.50689610388,502895.21988311684
Oldebroek,Oldebroek,189906.54031901015,495360.14414843684
Oldebroek,Oosterwolde,189411.94859178082,497562.1148849315
Oldebroek,Verspreide huizen 't Loo,193164.98007462698,495482.51931716374
Oldebroek,Verspreide huizen Duivendans,195486.8581428571,498643.6508571428
Oldebroek,Verspreide huizen Hattemerbroekse Heide,198172.8965445913,497862.43934091483
Oldebroek,Verspreide huizen Heide Hoek,195815.7292671993,495871.4314541214
Oldebroek,Verspreide huizen Noordeinde,188557.33896153845,502807.03192307684
Oldebroek,Verspreide huizen Oldebroek,190475.96473653527,494815.8881682617
Oldebroek,Verspreide huizen Oldebroekse Heide,190871.21746000007,493201.01371999993
Oldebroek,Verspreide huizen Oosterwolde,189681.77168802236,498113.929498607
Oldebroek,Verspreide huizen Wezep,194384.0216530612,497207.44055102085
Oldebroek,Verspreide huizen Wezepse Heide,196978.41679746835,496495.85512658226
Oldebroek,Verspreide huizen heide 't Loo,193405.2876504066,494733.5905257451
Oldebroek,Verspreide huizen polder Hattemerbroek,196929.0671358025,499672.75185185176
Oldebroek,Verspreide huizen polder Oldebroek,190033.18957142858,496113.24342857144
Oldebroek,Wezep-Centrum,196597.87034186974,496983.8901565358
Oldebroek,Wezep-Noord,196676.2883299146,498153.07978290535
Oldebroek,Wezep-Oost,197099.29926437483,497599.62295020657
Oldebroek,Wezep-West,195939.9543088236,496705.82286213216
Oldenzaal,Bekspring,260656.46367142862,482992.3441714286
Oldenzaal,Binnenstad,260116.31381228336,481643.06591332314
Oldenzaal,De Essen,259913.15143102632,483050.97719874943
Oldenzaal,De Graven Es,258844.93272413817,482634.13601970504
Oldenzaal,De Meijbree,260479.4621681263,482273.92183012207
Oldenzaal,De Thij,258453.5827215906,481802.42772546737
Oldenzaal,Eekte-Hazewinkel,259586.20054899118,479905.8786340057
Oldenzaal,Glinde-Hooiland,259723.06806909118,481829.96073610475
Oldenzaal,Haerbroek-Scholtenhoek,260755.12790497733,481768.5032262443
Oldenzaal,Hanzepoort,259760.83666666673,478740.67847826076
Oldenzaal,Het Hulsbeek,256929.09153370786,480803.0376348314
Oldenzaal,Het Inslag-De Kleies,259978.3836984123,481145.37497685174
Oldenzaal,Jufferbeek,258236.02150684936,480210.7917945205
Oldenzaal,Zuid-Berghuizen,260646.39593740692,480303.5385538998
Olst-Wijhe,Boerhaar Kern,207045.60923232322,487865.576868687
Olst-Wijhe,Boskamp Kern,205516.96823705174,482824.2527629483
Olst-Wijhe,Buitengebied Boerhaar,208644.13288888888,487658.63610582025
Olst-Wijhe,Buitengebied Boskamp,205664.80942666667,481930.4940533334
Olst-Wijhe,Buitengebied Den Nul,204338.50125203258,486203.13105691056
Olst-Wijhe,Buitengebied Olst,204655.56731578946,480485.4462982457
Olst-Wijhe,Buitengebied Wesepe,210548.29727542374,483174.241427966
Olst-Wijhe,Buitengebied Wijhe,206394.61198734178,489244.315607595
Olst-Wijhe,Den Nul Kern,204353.64751458823,485782.53231632535
Olst-Wijhe,Eikelhof,207671.72443646408,481415.6952209944
Olst-Wijhe,Elshof,210156.88243037983,491262.62078481005
Olst-Wijhe,Herxen,206131.5680731708,493283.20155487774
Olst-Wijhe,Kortrick en Zonnekamp,204033.16922493247,483023.6002899732
Olst-Wijhe,Krijtenberg en Noorder Koeslag,206579.2118724831,488278.21896778495
Olst-Wijhe,Marle,205138.23057142858,491956.73082142853
Olst-Wijhe,Middel,208050.47841666665,484717.1836515151
Olst-Wijhe,Olst Centrum-Oost,204591.126245126,483978.3752466742
Olst-Wijhe,Olst Centrum-West,204247.89194023327,483796.10369241977
Olst-Wijhe,Peperkamp en De Enk,205996.41882213939,488497.7664004977
Olst-Wijhe,Stationswijk en Industrieweg,204388.00859090913,483117.4576095038
Olst-Wijhe,Welsum,202808.90411678827,482799.49483941594
Olst-Wijhe,Wesepe Kern,211220.1695895765,482768.5751140064
Olst-Wijhe,Wijhe Centrum,205887.51827824293,489266.9660994489
Ommen,Buurtschap Archem,226026.81247692302,498857.5509538462
Ommen,Buurtschap Arrien,228136.65525174825,505903.9527342656
Ommen,Buurtschap Arrienveld,226866.6281212121,508241.8469696969
Ommen,Buurtschap Beerze,233551.35991723798,503213.4559721184
Ommen,Buurtschap Beerzerveld,235122.49461635225,501516.4712264151
Ommen,Buurtschap Besthmen,225981.17878235294,501790.8180705883
Ommen,Buurtschap Dalmsholte,221543.1101470588,498323.28053676477
Ommen,Buurtschap Eerde,227780.54539393945,500347.95357575756
Ommen,Buurtschap Emsland,224310.98949230768,507072.81772307697
Ommen,Buurtschap Giethmen,223142.07908785166,500773.84090524813
Ommen,Buurtschap Junne,229988.84577586205,503014.58667241386
Ommen,Buurtschap Lemele,223705.23975939857,495847.94990413566
Ommen,Buurtschap Ommen ten zuiden van de Vecht,224278.60240909088,503089.39311363635
Ommen,Buurtschap Ommerbos-Ommerkanaal,225639.79323188405,508259.1571159421
Ommen,Buurtschap Ommeres,226451.5525,504444.88775
Ommen,Buurtschap Ommerschans,222723.8903913044,511424.7092608696
Ommen,Buurtschap Ommerveld,223209.35928813557,509940.7890508475
Ommen,Buurtschap Stegeren,231157.31904166666,506008.22451388877
Ommen,Buurtschap Stegerveld,230272.2700436415,507420.31005933793
Ommen,Buurtschap Varsen,222441.72722480248,505654.84245898225
Ommen,Buurtschap Vilsteren,222155.531514563,502309.2675631068
Ommen,Buurtschap Vinkenbuurt,220033.20765833327,510728.78861666674
Ommen,Buurtschap Witharen,222740.57312422353,508459.6126956521
Ommen,Buurtschap Zeesse,226519.81891666667,503130.71325000003
Ommen,Kern Beerzerveld,235574.50285492226,501343.6476476684
Ommen,Kern Kloosterdijk,236193.03790384613,502402.36092307686
Ommen,Kern Lemele,224988.10347462696,496588.0773850748
Ommen,Kern Ommen - Alteveer Bedrijven,225394.32399180325,505588.7194672131
Ommen,Kern Ommen - Alteveer Voorzieningen,226117.652,505375.9157812501
Ommen,Kern Ommen - Alteveer Wonen 5-6,225790.74035838147,505818.65384971123
Ommen,Kern Ommen - Alteveer wonen 1-4,225783.43972440963,505422.64599999983
Ommen,Kern Ommen - Centrum,225287.23237099507,504015.63797301846
Ommen,Kern Ommen - Dante noord,224697.04891573027,505022.7172659171
Ommen,Kern Ommen - Dante zuid,224429.14616039066,504475.07090794924
Ommen,Kern Ommen - Havengebied,225499.2644705883,504494.0799019606
Ommen,Kern Ommen - Industrieterrein,225664.85036363636,504851.63862337644
Ommen,Kern Ommen - Laarakkers,225082.77801150718,504350.0587974686
Ommen,Kern Ommen - Rotbrink,225064.97882499997,505365.56072499993
Ommen,Kern Ommen - Strangen,226108.83500346597,504690.9200502599
Ommen,Kern Ommen - Vlierlanden,226403.89243189836,505517.61630064214
Ommen,Kern Ommen - Zeeheldenbuurt - Lodderholt,225814.85028484807,504147.0676924236
Ommen,Kern Ommen - Zuid - ten noorden v spoor,225258.93861983466,503486.57443388406
Ommen,Kern Ommen - Zuid - ten zuiden v spoor,225088.1008671587,502601.8327121772
Ommen,Kern Ommen - sportpark Westbroek,226456.35052790787,506182.88398284535
Ommen,Kern Vilsteren,220452.92001075266,502967.66125806444
Ommen,Kern Witharen,223358.75931578944,508695.21373684204
Oost Gelre,'t Zand,234956.018059561,444584.00688714744
Oost Gelre,Banninghof,238273.74386941566,450759.7718617612
Oost Gelre,Bebouwde kom Harreveld,232561.32197568388,443830.6365349545
Oost Gelre,Bebouwde kom Lievelde,237905.4056023738,447442.1619881304
Oost Gelre,Bebouwde kom Vragender,239149.32794088684,444973.42501970445
Oost Gelre,Bebouwde kom Zieuwent,232737.2718865382,446766.3379000003
Oost Gelre,Bebowde kom Marienvelde,229455.70428497402,447689.0122901556
Oost Gelre,Bedrijventerrein Brandemat,239815.4273461539,450899.57170512824
Oost Gelre,Binnenstad Groenlo,239275.98408324475,451107.2597524011
Oost Gelre,Broek,235747.40155049512,444798.08146138635
Oost Gelre,Broekdijk,235472.3694768117,444309.2773536233
Oost Gelre,Buitengebied Groenlo,240575.63510389611,450719.3322701301
Oost Gelre,Buitengebied Harreveld,232230.61867272743,444257.49174090876
Oost Gelre,Buitengebied Lichtenvoorde,235507.50261181442,445995.5132151897
Oost Gelre,Buitengebied Lievelde,237978.84330886859,447902.82491131494
Oost Gelre,Buitengebied Marienvelde,229937.13035483862,447451.74849462364
Oost Gelre,Buitengebied Vragender,239202.2428795181,444829.2247309236
Oost Gelre,Buitengebied Zieuwent,232604.4052114285,447532.4637428575
Oost Gelre,Centrum,236081.45498384914,444977.58947913797
Oost Gelre,De Kamp Zuid,237300.39741463415,444675.4382195122
Oost Gelre,Den Esch,236023.2723529411,445455.46520168055
Oost Gelre,Flierbeek,235049.80750750765,443920.6969039042
Oost Gelre,Groenlo-Zuid,239512.7313700786,450519.10773622023
Oost Gelre,Het Blik,238789.25587078652,451768.96484269673
Oost Gelre,Hooiland,236555.63836069126,445548.7839006487
Oost Gelre,Industrieterrein Laarberg,239827.23293442623,453092.86167213105
Oost Gelre,IndustrieterreinDen Sliem,239705.50725000002,452341.25221875
Oost Gelre,Lindebrook,236934.91309836073,446006.12493442616
Oost Gelre,Marveld,240283.1064133737,450594.08259878453
Oost Gelre,Nieuwe Kamp,237254.1100338983,445903.79286440683
Oost Gelre,Noord-West,238496.8698749999,451331.0516089017
Oost Gelre,Noordrand,239507.14358041968,451619.0098321679
Oost Gelre,Oosteres,239709.80036805558,451481.20134722214
Oost Gelre,Oude Kamp,236892.80782644646,445224.10001652886
Oost Gelre,Papendijk,238783.7841279413,450815.5418544122
Oost Gelre,Schatberg,235369.94084081647,445071.5669673473
Oost Gelre,Veld Oost,236813.65659708733,444613.8098990292
Oost Gelre,Veld West,236106.88999582466,444491.0552630479
Oost Gelre,Zuid-West,234753.9432102565,444034.4429589744
Oost Gelre,Zwolle,241929.80537500005,449942.8528437499
Oost Gelre,hartreize,238829.79768012432,450255.9107204968
Oosterhout,Beemdenbuurt,118434.87876592723,407981.1615124553
Oosterhout,Bloemenbuurt,118729.3673788266,404388.1811215132
Oosterhout,Bosgebied Dorst,118639.8712293578,402274.29037614644
Oosterhout,Bosgebied-Oosterhout,116026.95718360461,404914.210952107
Oosterhout,Buitengebied Den Hout,114461.52719787727,407929.53590139037
Oosterhout,Buitengebied Dorst-Zuid,117859.31946808509,400167.09864893585
Oosterhout,Buitengebied-Oosteind-Zuid,121448.53147916666,405475.6128333332
Oosterhout,Centrum,118576.69249740713,406306.5884529382
Oosterhout,Componistenbuurt,117813.63540740729,404161.6091851854
Oosterhout,Dammenbuurt,118569.17618374563,408618.12627208483
Oosterhout,De Warande,117284.4530752212,404469.1472787609
Oosterhout,Den Hout,115338.35757511732,407765.18843896675
Oosterhout,Donkenbuurt,118987.80115635188,407811.3330130298
Oosterhout,Dorst,118282.26445509591,400484.13504067616
Oosterhout,Industrieterrein Heikant,120100.86527096773,404779.61633548397
Oosterhout,Industrieterrein Statendam,117919.87156969697,407730.2835515151
Oosterhout,Industrieterrein Vijf Eiken,119891.89341379107,404036.9344969601
Oosterhout,Industrieterrein Weststad-Noord,116400.01501910354,409504.0627614192
Oosterhout,Industrieterrein Weststad-Zuid,117243.98654040397,408308.262979798
Oosterhout,Kanaleneiland,117238.88660278753,406011.2247874563
Oosterhout,Kastelenbuurt,118770.74951778645,406964.91064295155
Oosterhout,Kruidenbuurt,119597.4487931034,407216.7078116715
Oosterhout,Larenbuurt,119016.70512015511,408124.99704069784
Oosterhout,Leijsenakkers,119437.82270433156,406301.35273294564
Oosterhout,Molenbuurt,119462.82007931036,406678.6641965518
Oosterhout,Natuurkundigenbuurt,118217.83707340558,403717.50503128825
Oosterhout,Oosteind,121721.17142159931,406474.6152404422
Oosterhout,Oranjepolder,117884.0025,409758.57999999996
Oosterhout,Oud-West,117714.7281594813,406190.6713293036
Oosterhout,Paterserf,118161.11936883083,404568.8338780978
Oosterhout,Schildersbuurt,119639.49085576902,407873.7928461544
Oosterhout,Schrijversbuurt,118426.37132562134,404061.9723664461
Oosterhout,Slotjes-Midden,118839.87405599625,405311.0553425105
Oosterhout,Slotjes-Oost,119231.92979710152,405403.71127246384
Oosterhout,Slotjes-West,117988.95823518705,405585.8405797632
Oosterhout,Staatsliedenbuurt,119127.38239021496,408460.5719546542
Oosterhout,Steenoven,120952.47769230766,402352.68860989006
Oosterhout,Sterrenbuurt,118957.09263242377,407410.9443178169
Oosterhout,Vogelbuurt,118245.6243616383,406942.92253673455
Oosterhout,Vrachelen-Noord,116922.51068106812,407150.89422545204
Oosterhout,Vrachelen-Noordwest,116254.2368211383,406887.35541626
Oosterhout,Vrachelen-Zuidoost,116907.65798768905,406187.7892723252
Oosterhout,Vrachelen-Zuidwest,116361.04702409654,406300.35551084316
Oosterhout,Willemspolder,122352.33035483872,408181.0040967742
Ooststellingwerf,Appelscha-Bruggelaan,219085.27584466015,552573.9261553398
Ooststellingwerf,Appelscha-Buitengebied,219620.32471681165,551220.3148316863
Ooststellingwerf,Appelscha-De Valouwe,219722.00818787876,551490.0166242423
Ooststellingwerf,Appelscha-Drentseweg,220275.03785217393,551912.1993826086
Ooststellingwerf,Appelscha-Midden Oost,219946.709823285,552190.5068045737
Ooststellingwerf,Appelscha-Midden West,219503.4997574469,552607.0450170214
Ooststellingwerf,Appelscha-Noord,220371.8765751295,552515.8551243523
Ooststellingwerf,Appelscha-Steegdenhal,219221.8231556605,552539.5589009433
Ooststellingwerf,Appelscha-Toogwijk,220734.08937113412,552243.7007061854
Ooststellingwerf,Appelscha-Vaart,219814.2574214465,552608.7895985038
Ooststellingwerf,Appelscha-Van Emstweg,219511.60210759484,552291.4438797465
Ooststellingwerf,Donkerbroek-Buitengebied,211923.84035855252,559870.3191447364
Ooststellingwerf,Donkerbroek-Noord,212044.02733035714,559458.898116071
Ooststellingwerf,Donkerbroek-Zuid,212165.3297855153,559198.0960640669
Ooststellingwerf,Elsloo,212217.43205487815,551026.4277256095
Ooststellingwerf,Elsloo-Buitengebied,212334.4230489511,550800.15386014
Ooststellingwerf,Fochteloo,218674.35059649125,556605.4641052631
Ooststellingwerf,Fochteloo-Buitengebied,219167.053091603,556001.5854427482
Ooststellingwerf,Haule,216508.500673913,561449.2469782608
Ooststellingwerf,Haule-Buitengebied,216938.5502331288,561832.4093558282
Ooststellingwerf,Haulerwijk-Bruïneweg,218592.9960928573,564585.3675785712
Ooststellingwerf,Haulerwijk-Buitengebied,218767.37132218838,564410.1952978722
Ooststellingwerf,Haulerwijk-Hoofdweg,218156.96689763782,564579.8471181103
Ooststellingwerf,Haulerwijk-Industrie,218105.7026923077,565250.3798461537
Ooststellingwerf,Haulerwijk-Noord-Oost,218561.6636382539,565003.5243783788
Ooststellingwerf,Haulerwijk-Noord-West,218109.29556172842,564879.1172901237
Ooststellingwerf,Haulerwijk-Oosterwoldseweg,218169.7620547945,564308.8060958904
Ooststellingwerf,Haulerwijk-Sinnehiem,218497.3901082251,564437.1195757575
Ooststellingwerf,Langedijke,215388.00657954544,553432.9631590911
Ooststellingwerf,Langedijke-Buitengebied,215125.98414285714,553344.7131428572
Ooststellingwerf,Makkinga,210713.26899999997,555061.9609901963
Ooststellingwerf,Makkinga-Buitengebied,211518.07607386363,554668.9918181817
Ooststellingwerf,Nijeberkoop,208752.88278787877,552496.7205454545
Ooststellingwerf,Nijeberkoop-Buitengebied,208367.13153409085,553005.0021136365
Ooststellingwerf,Oldeberkoop-Buitengebied,205100.98362025316,550189.5811202531
Ooststellingwerf,Oldeberkoop-Oost,205179.89815010576,550429.4508837207
Ooststellingwerf,Oldeberkoop-West,204358.2130604395,550482.3795769231
Ooststellingwerf,Oosterwolde-Biezenkamp,214729.31209836068,556780.1905
Ooststellingwerf,Oosterwolde-Buitengebied,217072.5114755245,557690.783353147
Ooststellingwerf,Oosterwolde-Centrum-Noord-Oost,216033.78945142857,556481.2008228573
Ooststellingwerf,Oosterwolde-Centrum-Noord-West,215788.30603750012,556858.2203906252
Ooststellingwerf,Oosterwolde-Centrum-Zuid-Oost,215819.09775352114,556127.9547922534
Ooststellingwerf,Oosterwolde-Duistereweg,215425.14639686965,556224.6804746505
Ooststellingwerf,Oosterwolde-Haerenkwartier,216119.24909929084,555693.258397163
Ooststellingwerf,Oosterwolde-Hieming,216401.6691273713,556442.7266747969
Ooststellingwerf,Oosterwolde-Industrie,216403.24703404252,555441.5856425529
Ooststellingwerf,Oosterwolde-Iris,215919.27479452052,555672.3522465755
Ooststellingwerf,Oosterwolde-Maden,215165.2777958534,557175.4317719303
Ooststellingwerf,Oosterwolde-Noord-Oost,216239.55339631205,556750.6582217724
Ooststellingwerf,Oosterwolde-Prandinga,215125.1545536992,556697.7268902146
Ooststellingwerf,Oosterwolde-Schottelenburg,216558.71645887438,556256.4584372299
Ooststellingwerf,Oosterwolde-Slatten,215157.56633757972,555866.4919936308
Ooststellingwerf,Oosterwolde-Snellingerdijk,215793.08705599996,555383.7485
Ooststellingwerf,Oosterwolde-Weemeweg,215550.4972789474,556727.0559000002
Ooststellingwerf,Oosterwolde-Zuid,215523.4430356295,555586.7574536812
Ooststellingwerf,Ravenswoud,221725.8983050848,553637.7424661014
Ooststellingwerf,Ravenswoud-Buitengebied,221745.215,553707.6686481482
Ooststellingwerf,Waskemeer,214845.536053498,563613.7154156378
Ooststellingwerf,Waskemeer-Buitengebied,214922.72111382108,563302.4192764226
Oostzaan,De Haal en De Heul en Noordeinde,120130.4757579255,496339.79564344446
Oostzaan,Kerkbuurt,120236.06672494025,494545.4995416226
Oostzaan,Kerkstraat,119696.66137202377,494650.4214523806
Oostzaan,Zuideinde,120761.67720863315,493509.8455179857
Opmeer,Aartswoud,125771.16691803272,528917.5187008193
Opmeer,De Weere,128280.44870263163,526938.933231579
Opmeer,Gouwe,126186.62601282052,526942.7329871795
Opmeer,Hoogwoud,124636.09127236488,525534.9554831913
Opmeer,Langereis (gedeeltelijk),122886.19615789474,525671.000140351
Opmeer,Opmeer-Noord,125202.09039327584,524361.2583447997
Opmeer,"Opmeer-Zuid, Spanbroek (gedeeltelijk)",125654.90506649231,523800.29845183203
Opmeer,Overige verspreide huizen,122982.2231111111,523768.0701111111
Opmeer,Verspreide huizen in De Kaag,123846.72171186443,522511.0965593222
Opmeer,Wadway,127196.2955428571,522519.8880714287
Opmeer,Zandwerven en Lutkedijk,125149.09697999996,521837.03106000007
Opsterland,Bakkeveen-Buitengebied,214472.00447457636,565674.3610932204
Opsterland,Bakkeveen-Centrum,213178.56542424238,566331.7669212121
Opsterland,Bakkeveen-De Kampen,213403.4509806576,566573.4810348161
Opsterland,Beetsterzwaag-Buitengebied,200978.39513888888,563763.4667222223
Opsterland,Beetsterzwaag-Centrum,201245.40818,563828.3537533333
Opsterland,Beetsterzwaag-Hup strjitten,201108.10122131146,563164.4590081967
Opsterland,Beetsterzwaag-Merkelân,201247.93144498765,563573.113491443
Opsterland,Beetsterzwaag-Olterterp,203190.93119444448,564802.12525
Opsterland,Beetsterzwaag-Roekebosk,201519.5944876543,564879.3487901234
Opsterland,Beetsterzwaag-Singels,201320.24300983603,564817.0208032788
Opsterland,Beetsterzwaag-Skeakel,201333.04799666125,564173.2311719529
Opsterland,Beetsterzwaag-Talant,201515.1074578653,563262.5926235955
Opsterland,Frieschepalen-Buitengebied,209736.12610169488,568997.1000000001
Opsterland,Frieschepalen-Kom,209835.451519403,569411.8512746268
Opsterland,Gorredijk-Bloemenwijk,201128.55006228376,558344.9515674742
Opsterland,Gorredijk-Buitengebied,200732.45171333334,556066.0482999999
Opsterland,Gorredijk-Centrum,200505.60246059354,557464.9841228251
Opsterland,Gorredijk-De Kromten,199862.5762932004,558246.5338166923
Opsterland,Gorredijk-Groene Long,200864.5099395834,557543.3336114584
Opsterland,Gorredijk-IJ buurt,200720.51250117357,558292.9128650236
Opsterland,Gorredijk-Loevestein,201455.10918487387,557830.672067227
Opsterland,Gorredijk-Miente,200394.20103947373,557036.1780394736
Opsterland,Hemrik-Buitengebied,205634.94287021123,561052.1835913436
Opsterland,Hemrik-Kom,205440.1600794393,560901.1437757009
Opsterland,Jonkerslân-Buitengebied,198785.23501639345,554480.7295409837
Opsterland,Jonkerslân-Kom,198784.5649180328,554965.3868852459
Opsterland,Langezwaag-Buitengebied,196613.02576744187,555852.7052868217
Opsterland,Langezwaag-Kom,196625.75587788777,555382.0667128713
Opsterland,Lippenhuizen-Buitengebied,202937.84171698111,559144.1216352201
Opsterland,Lippenhuizen-Kom,202379.4902418605,559162.0211325582
Opsterland,Luxwoude-Buitengebied,194930.9583636363,556540.8049818181
Opsterland,Luxwoude-Kom,194864.93131666668,556735.5575833335
Opsterland,Nij Beets-Buitengebied,195295.23505882348,564206.0697433153
Opsterland,Nij Beets-Kom,196326.56257699447,564924.9845510203
Opsterland,Siegerswoude-Buitengebied,211887.2610960452,568300.9236892655
Opsterland,Siegerswoude-Kom,212908.27688194448,569115.7736666665
Opsterland,Terwispel-Buitengebied,198339.38797484277,559663.2079433963
Opsterland,Terwispel-Kom,199504.2736923077,559294.1983576923
Opsterland,Tijnje-Buitengebied,194808.1119174757,561553.9455679612
Opsterland,Tijnje-Kom,195509.56636041662,560509.26943125
Opsterland,Ureterp-Buitengebied,207045.5290350467,568247.679453271
Opsterland,Ureterp-Buorfinne,207364.62558536592,567557.163672657
Opsterland,Ureterp-Centrum,207463.32914754105,567887.1926950818
Opsterland,Ureterp-De Ekers,207421.49085200002,568061.5787479999
Opsterland,Ureterp-Drachten-Azeven,204965.50267441856,568269.3025581398
Opsterland,Ureterp-Fûgelliet,207463.71838944705,568267.4186482414
Opsterland,Ureterp-Gilden,207933.28639583336,567714.3539791667
Opsterland,Wijnjewoude-Buitengebied-Kleine Groningen,209209.26838636305,562707.2641624853
Opsterland,Wijnjewoude-Centrum,209830.94730303026,563746.5833068183
Opsterland,Wijnjewoude-Gentiaan,209979.28078339345,563576.1363465703
Oss,'t Wild,153593.6664339623,419510.5351886794
Oss,Amsteleind,162879.56663753235,419547.6676709514
Oss,Beethovengaarde en Lisztgaarde,163921.3434972827,418523.7129039378
Oss,Berghem-Noord,167639.74665410048,420393.4164538977
Oss,Berghem-Zuid,168017.71688373623,419676.46178873436
Oss,Berghemseweg Zuid,164982.4227191576,419941.502255767
Oss,Bomenbuurt,165564.40160550448,418519.1634067278
Oss,Buitengebied-West,161834.4226341464,419138.64637804875
Oss,Centrum Noord,164510.15267839222,420246.3435577885
Oss,Centrum West,164021.27564242104,419831.66654802853
Oss,Centrum Zuid,164513.81864734873,419787.1701917394
Oss,Danenhoef,166910.73813404195,419099.02719742694
Oss,De Elzen,163931.58393998147,417569.72640725644
Oss,De Geer,166633.84040845066,421212.9386197184
Oss,De Haag,165488.79892857146,417209.6826071428
Oss,De Horzak,164960.2384857822,420912.72375510633
Oss,De Noord,163678.88013997313,421379.2209219375
Oss,De Tillaard,164417.96877777774,416988.5268888889
Oss,De Weem,172406.64801900552,422612.03959013784
Oss,De Winkel,166156.63344444442,422435.9281111111
Oss,Demen,171654.16397222222,425165.2865
Oss,Deursen en Dennenburg,171552.1275238095,423695.15207539656
Oss,Dichtersbuurt,163353.4564820636,418210.87316542066
Oss,Dieden,170468.48155294117,425621.59050588246
Oss,Elzenburg,165773.5802318436,421341.3575223463
Oss,Euterpelaan-Noord,163682.1522914283,418870.3735142855
Oss,Frankenbeemd,163743.17384615383,421979.43223076925
Oss,Geffen,160313.71734189827,416783.4263398004
Oss,Geffense Bosjes,162615.3976666667,417088.1506666667
Oss,Haren,168575.29205956118,423676.0144576803
Oss,Hazenkamp,162320.93132915342,419523.31292946776
Oss,Heihoek,162697.98844844123,418892.61312949646
Oss,Herpen,172629.2989344115,420379.12253459083
Oss,Hertogenbuurt,163657.53849236615,420331.93159223814
Oss,Het Woud,162793.26340451388,417613.49172048667
Oss,Hoefeind,163246.19382568818,419607.0816146788
Oss,Huisseling,172525.9896083333,422165.64519999997
Oss,Kessel,156548.73644526012,424434.0710070549
Oss,Klein Mikkeldonk,162602.00362772474,420657.838159127
Oss,Koolwijk en Bossen,170749.9344344263,419694.7473114754
Oss,Kortfoort,164577.4356750906,419101.15817400714
Oss,Landweer,166166.9927809034,419262.83412298764
Oss,Langendonk,162289.45538095236,421330.2550000002
Oss,Lith,158547.3059409529,424112.51425924536
Oss,Lithoijen,160218.16992088608,423682.9039145566
Oss,Lockaert,162772.77908765426,420214.8688469134
Oss,Loovelt,162932.88518388238,419801.825523269
Oss,Macharen,165828.81625296947,424099.47891341796
Oss,Maren,154588.40340196076,422716.17929411767
Oss,Maren-Kessel,155467.22715584433,422960.7504935061
Oss,Meerdijk,164655.50269230767,421615.18784615386
Oss,Megen,167058.62922985447,425774.7224980186
Oss,Mettegeupel,163865.23023556618,420919.6609720351
Oss,Moleneind,165278.61208264457,419316.34952892555
Oss,Neerlangel,172807.85594594586,424164.2338108108
Oss,Neerloon,174935.60611764708,422199.88752941164
Oss,Oijen,163001.93481794206,426134.7760131921
Oss,Oorlogsheldenbuurt,164299.19766210055,420586.3429726027
Oss,Oranjebuurt I en Ruivert,165022.84899049398,418749.69783459953
Oss,Oranjebuurt II,165298.6039312979,418363.34027862665
Oss,Overlangel,174626.29731730776,420814.3407019232
Oss,Ravenstein,173402.9659004977,422923.5042773629
Oss,Ravenstein De Kolk en Schonenberg,172862.7470291971,422958.5277737223
Oss,Roofvogelbuurt,166089.82960869576,419973.1183065216
Oss,Runrot en Papendijk,160499.77793886975,415811.17417270783
Oss,Rusheuvel,164324.90629966315,421250.37097643106
Oss,Schadewijk Noord-Oost,166122.39019076622,420336.7068506825
Oss,Schalkskamp,163072.06958733618,420921.66210917034
Oss,Staatsliedenbuurt,163100.5496950498,418522.98596831626
Oss,Teeffelen,162375.56710937506,423237.1272968751
Oss,Van Hogendorplaan-West,162516.64448642248,418102.707867769
Oss,Verspreide huizen De Tuinlangel,165288.37456250002,423363.65609375003
Oss,Verspreide huizen Deursen en Dennenburg,171021.63684210528,423773.206
Oss,Verspreide huizen Duurendseind,168994.9859545455,420987.9568909092
Oss,Verspreide huizen Gement,167487.9660138888,421299.1220277778
Oss,Verspreide huizen Harense Broek,166218.51725,423582.76600000006
Oss,Verspreide huizen Herpen,172329.7305934066,419598.10693406576
Oss,Verspreide huizen Keent,176157.41963636363,420465.244909091
Oss,Verspreide huizen Maasakker,167495.26769230768,425012.84215384617
Oss,Verspreide huizen Polder Oijen,163325.45709826588,425392.56032369926
Oss,Verspreide huizen Polder van Lith,157847.1073748349,423054.51740349527
Oss,Verspreide huizen Polder van Lithoijen,159641.08584375,421518.74965625
Oss,Verspreide huizen Polder van Teeffelen,161951.82673076924,423431.0572692309
Oss,Verspreide huizen Polder van het Laag Heemaal,154950.14097802193,421191.32887912105
Oss,Verspreide huizen Ravenstein en Huisseling,173215.32986301376,421621.4322876714
Oss,Verspreide huizen Stijbeemden,167976.224,423192.02
Oss,Verspreide huizen Voorste en Achterste Heide,167796.86374157306,418745.76053932594
Oss,Verspreide huizen ten noorden van Geffen,159885.91638888887,417807.88390740746
Oss,Verspreide huizen ten oosten van Geffen,161670.23621621623,417008.0585450452
Oss,Verzetsheldenbuurt I,164988.54634270916,420406.1490333096
Oss,Verzetsheldenbuurt II,165624.15613194442,420418.31391250005
Oss,Vierwinden,166280.20457692305,417912.80607692315
Oss,Vlashoek,163313.04314863656,419161.35735092394
Oss,Vogelbuurt,165621.01343512643,419970.1971867088
Oss,Vondellaan-Zuid,163490.8569979692,417673.8485340099
Oss,Vorstengraf,166582.34235714283,416738.7829821427
Oss,Wagenaarstraat en omgeving,164204.48555090872,418131.1809090904
Oss,Westerveld,163075.2679256897,420447.3407736107
Oss,Willibrordusweg-Oost,165790.53183146068,418019.65017977543
Oss,Willibrordusweg-West,165304.90619607846,417888.8696274508
Oss,Witte Hoef,164648.8361712062,417825.56139299646
Oss,Zeeheldenbuurt I,165277.55570538237,418960.95233994327
Oss,Zeeheldenbuurt II,165570.99284420302,418805.75646739133
Oude IJsselstreek,Breedenbroek,229640.9864652407,432283.0916951869
Oude IJsselstreek,Etten,220278.61302283112,436939.4790380518
Oude IJsselstreek,Gendringen,223112.72005648218,432040.9855470683
Oude IJsselstreek,Heelweg,229079.06472916668,443139.94402083335
Oude IJsselstreek,Megchelen,224274.7093296702,428222.91652380937
Oude IJsselstreek,Milt en Wieken,221667.0526071428,431878.0952857143
Oude IJsselstreek,Netterden,218821.11935911604,429982.36023204407
Oude IJsselstreek,Nieuwdorp Bontebrug,224336.2484935065,434428.6474935064
Oude IJsselstreek,Silvolde,223755.75590761314,436180.52112361015
Oude IJsselstreek,Sinderen,228877.0901515152,435693.5818181818
Oude IJsselstreek,Terborg,221515.5802515556,437385.00167200004
Oude IJsselstreek,Terborg-Oost,222487.0811688312,437552.43935064925
Oude IJsselstreek,Ulft-Centrum en Ulft-Oost,223592.85176825398,433967.9486100531
Oude IJsselstreek,Ulft-Noord,223008.90943624984,434938.6193049999
Oude IJsselstreek,Ulft-West,222915.7108305747,433949.19535714324
Oude IJsselstreek,Varsselder en Veldhunten,221827.39454026846,433645.11848993314
Oude IJsselstreek,Varsseveld,228594.24319970945,440024.664862381
Oude IJsselstreek,Verspreide huizen Breedenbroek,228804.7092964602,433749.089141593
Oude IJsselstreek,Verspreide huizen Etten,219784.6091712707,436354.726127072
Oude IJsselstreek,Verspreide huizen Gendringen,222575.16639622653,431125.70181132073
Oude IJsselstreek,Verspreide huizen Heelweg,229819.02450800914,442111.1802906176
Oude IJsselstreek,Verspreide huizen Megchelen,224009.75340151502,428764.44744696957
Oude IJsselstreek,Verspreide huizen Netterden,220172.3612727272,430990.9278939394
Oude IJsselstreek,Verspreide huizen Silvolde,224993.2582780489,436026.98370731715
Oude IJsselstreek,Verspreide huizen Sinderen,228036.2926777108,437232.8759216865
Oude IJsselstreek,Verspreide huizen Terborg en Heuven,222311.69230985912,438290.8428873239
Oude IJsselstreek,Verspreide huizen Ulft,222372.4811017698,434845.9832256637
Oude IJsselstreek,Verspreide huizen Varsselder,222702.3940245398,432944.4022024541
Oude IJsselstreek,Verspreide huizen Varsseveld,228989.8840542169,439777.33567469864
Oude IJsselstreek,Verspreide huizen Voorst,226124.40923333337,432205.1171916665
Oude IJsselstreek,Verspreide huizen Westendorp,225546.6322341462,440503.6893999999
Oude IJsselstreek,Westendorp,225502.09048019804,440684.2852475246
Ouder-Amstel,Duivendrecht,124389.26582784654,482735.0065703004
Ouder-Amstel,Industriegebied Amstel,123448.94095549603,482327.2599496192
Ouder-Amstel,Ouderkerk aan de Amstel,122571.60429613492,478745.290521119
Ouder-Amstel,Verspreide huizen in de Bullewijker polder,123772.55542378184,478847.4198030364
Ouder-Amstel,Verspreide huizen in de Duivendrechtsche polder,123289.53360240965,480730.10802409647
Ouder-Amstel,Verspreide huizen in de Rondehoeppolder,121899.97163774232,475746.608219271
Ouder-Amstel,Verspreide huizen langs De Bullewijk en De Hole,123210.90066666665,477823.95100000006
Oudewater,Brede dijk,119376.1042241654,449019.87183306884
Oudewater,Diemerbroek,118687.13254838712,451312.1470537635
Oudewater,Groenbuffer noord,119402.221875,449553.09312499996
Oudewater,Hekendorpse buurt,116908.05115533984,447945.7792330096
Oudewater,Hoenkoopse buurt,118549.37726315795,446626.3189894739
Oudewater,Kern Hekendorp,115296.52826229499,447632.9755136612
Oudewater,Kern Hoenkoop,119073.33438190956,448333.60412562813
Oudewater,Kern Oudewater,119604.97567949645,448389.4428867502
Oudewater,Kern Papekop,118367.76117460316,450997.7584761903
Oudewater,Klein Hekendorp,119032.13501502736,448799.9489153008
Oudewater,Klein Hekendorp buitengebied,118789.65150000002,448646.14435714285
Oudewater,Markveld,119783.75133333333,447928.2626666667
Oudewater,Rozendaal,119417.7347,447848.2721
Oudewater,Ruige weide,116470.97384848486,449228.5719999999
Oudewater,Snelrewaard,120720.76958125681,449136.6567909865
Oudewater,Tappersheul,119173.22529910722,449783.590575893
Oudewater,Willeskop,120914.60222648109,448180.5399407492
Oudewater,de Noort syde,119678.7334614266,449128.60926200857
Overbetuwe,Andelst,178839.96405865782,435670.5528113074
Overbetuwe,Driel,184315.3651125729,441319.607120614
Overbetuwe,Elst-Noordoost,187318.05817060856,437236.580005914
Overbetuwe,Elst-Noordwest,186147.93485345258,437172.03768764634
Overbetuwe,Elst-Zuidoost,187240.53331714863,436062.2321983466
Overbetuwe,Elst-Zuidwest,185785.83109680377,436388.9939582968
Overbetuwe,Hemmen,176522.77858974363,438466.41899999976
Overbetuwe,Herveld,179831.69229545462,434751.5169545453
Overbetuwe,Heteren,180191.12573075874,441044.9795174305
Overbetuwe,Oosterhout,185205.81202049536,432400.09857386875
Overbetuwe,Randwijk,177140.07942713576,440552.75830150803
Overbetuwe,Slijk-Ewijk,182603.08520125796,433066.83495597495
Overbetuwe,Valburg,182653.90556635987,435984.5816202367
Overbetuwe,Verspreide huizen Andelst,178651.86606980796,435903.01485689386
Overbetuwe,Verspreide huizen Hemmen,176295.31783870969,438004.08267741924
Overbetuwe,Verspreide huizen Herveld,179905.94633913046,434765.4445391304
Overbetuwe,Verspreide huizen Homoet,182838.04637499998,438408.236125
Overbetuwe,Verspreide huizen Homoet (gedeeltelijk),182679.30083999995,438467.59832000005
Overbetuwe,Verspreide huizen Lakemond en Indoornik,175237.12365384618,438783.25676923065
Overbetuwe,Verspreide huizen Oosterhout,183355.30339230766,433279.89959230757
Overbetuwe,Verspreide huizen Valburg,182177.81476635518,436548.66062616836
Overbetuwe,Verspreide huizen Zetten,178035.40819999998,437548.0706899999
Overbetuwe,Verspreide huizen Zettense Veld,177294.79760000002,435666.70586666657
Overbetuwe,Verspreide huizen op de oeverwal Driel,183837.80319718312,441244.2621338027
Overbetuwe,Verspreide huizen op de oeverwal Heteren,180093.35336170215,441240.76912765944
Overbetuwe,Verspreide huizen op de oeverwal Randwijk,176475.7613645833,440278.5983958333
Overbetuwe,Verspreide huizen polder Heteren,180163.04467528744,439608.39173850615
Overbetuwe,Verspreide huizen poldergebied Driel,184246.5715169492,440717.1401327682
Overbetuwe,Verspreide huizen poldergebied ten westen van spoorlijn,185069.96835234907,436711.63399999996
Overbetuwe,Westeraam,188109.88630921268,437085.05626737315
Overbetuwe,Zetten,177319.05385664658,437874.13611283124
Overbetuwe,Zetten omgeving station,177672.5179656863,437483.9969558819
Papendrecht,Kraaihoek,106975.01322127943,426833.505607277
Papendrecht,Middenpolder,107631.1339163555,426909.9166601945
Papendrecht,Molenvliet,106993.06038904095,428231.8155184932
Papendrecht,Oosteind en De Kooy,108303.77681593712,426823.6993277219
Papendrecht,Oostpolder,109177.2152866429,427370.45885401807
Papendrecht,Vriesenpolder,110002.68530000001,428123.7542
Papendrecht,Westpolder,106316.86351855104,427197.6547699742
Papendrecht,Wilgendonk,107747.59462162177,427776.7343552684
Peel en Maas,Baarlo,204327.65465021902,371348.34955909237
Peel en Maas,Beringe,193761.6105102483,372171.1411197417
Peel en Maas,Bong,203415.54036451608,371527.93992258026
Peel en Maas,Egchel,195702.00418860503,369575.5054204322
Peel en Maas,Grashoek,193545.2391488204,374931.61398366594
Peel en Maas,Groeze,193301.35568421046,371116.9318289473
Peel en Maas,Helden,197523.05039104368,370420.19873650494
Peel en Maas,Hout en Oijen,203401.66598611113,369140.22176388884
Peel en Maas,Kessel,201349.57123986032,367240.39141530026
Peel en Maas,Kesseleik,199439.48128615378,365922.1986984616
Peel en Maas,Keup,197000.26745149746,368680.9709927837
Peel en Maas,Kievitsheide,192132.2557261905,374790.63245238113
Peel en Maas,Koningslust,197308.54673425198,374427.1605925198
Peel en Maas,Maasbree,201034.85484810168,374633.65945569676
Peel en Maas,Meijel,189652.47447531647,372945.161417788
Peel en Maas,Onder-Eindt-Zandberg,198489.30346691175,371470.34438970586
Peel en Maas,Panningen,196319.87022802734,371014.0083780819
Peel en Maas,Roggelsedijk,189400.8728425927,370637.9263333335
Peel en Maas,Soeterbeek,203294.23828571424,372405.19194642856
Peel en Maas,Verspreide huizen Berg en Nederweerterdijk,187665.80464814825,372711.5033888888
Peel en Maas,Verspreide huizen Katsberg en Witdonk,190714.43510937493,371762.715390625
Peel en Maas,Verspreide huizen Kessel,201327.23460317455,368708.5789682539
Peel en Maas,Verspreide huizen Kesseleik,198787.2603636364,366523.6298484849
Peel en Maas,Verspreide huizen Molenbaan en Vieruitersten,190069.5018395062,373850.39819753094
Peel en Maas,Verspreide huizen Steenoven en Langstraat,188457.0901752136,372092.9619914527
Peel en Maas,Verspreide huizen op Den Hert,204635.70399349384,373339.86840519967
Peel en Maas,Verspreide huizen ten noorden van Provinciale weg,201039.54660404692,375870.3934072278
Peel en Maas,Verspreide huizen ten zuiden van Baarlo,203865.9793125,370458.8252142858
Peel en Maas,Verspreide huizen ten zuiden van Provinciale weg,201538.4927539682,373607.5902063489
Peel en Maas,Vliegert,194939.8282,374533.12678095244
Peel en Maas,Vosberg-Loo,196325.7661830985,372679.4787676056
Peel en Maas,Zelen-Hub,194846.3400338984,370669.5470084747
Pekela,Boven-Pekela,258734.54786561252,562064.5182292488
Pekela,Nieuwe Pekela,260549.88939990374,566683.9239663144
Pekela,Oude Pekela,263550.58371348603,569778.8010516537
Pekela,Verspreide huizen Nieuwe Pekela,260602.2006941177,567137.4094705882
Pekela,Verspreide huizen Oude Pekela,263452.2479642857,569651.8145000001
Pijnacker-Nootdorp,'s-Gravenhout,88069.57178217811,451111.58283498324
Pijnacker-Nootdorp,Achter het Raadhuis,87402.4261109785,450848.85205011856
Pijnacker-Nootdorp,Ackerswoude,90087.11851324506,448530.0075165564
Pijnacker-Nootdorp,Buitengebied Nootdorp,87828.87467811159,450725.60396566486
Pijnacker-Nootdorp,De Boezem,90045.63592821786,449230.2204603961
Pijnacker-Nootdorp,De Venen Centrum,86219.96533621431,451312.72458254074
Pijnacker-Nootdorp,De Venen Oost,86792.8241077348,451778.9326450269
Pijnacker-Nootdorp,De Venen/Craeyenburch,85829.51370529318,450820.62318311934
Pijnacker-Nootdorp,Emerald Centrum,86722.04973949581,446584.87190840376
Pijnacker-Nootdorp,Emerald Noord,86742.95325042584,446953.1507069849
Pijnacker-Nootdorp,Emerald Zuid,86842.96589914955,446148.4916233292
Pijnacker-Nootdorp,Keijzershof Boszoom,90170.77059355642,446390.38884882355
Pijnacker-Nootdorp,Keijzershof Eilanden,89895.06802631577,446559.1566052632
Pijnacker-Nootdorp,Keijzershof Erven,90150.04836223494,446807.7419104042
Pijnacker-Nootdorp,Klapwijk,90460.81766794156,447644.6159770518
Pijnacker-Nootdorp,Koningshof,89866.7906092066,447265.7768648384
Pijnacker-Nootdorp,Noordpolder Delfgauw,87118.33988311687,448041.1307662337
Pijnacker-Nootdorp,Noordpolder Pijnacker,88472.18478846154,448371.0708365384
Pijnacker-Nootdorp,Nootdorp Centrum/West,86755.58952173911,451081.5866490686
Pijnacker-Nootdorp,Oostambacht/Heronpark,87855.67698055557,451676.934697222
Pijnacker-Nootdorp,Oud-Delfgauw,86938.8847189385,447262.2107792521
Pijnacker-Nootdorp,Pijnacker Noord,89192.41625031702,448926.6598947151
Pijnacker-Nootdorp,Pijnacker Oost,90956.61724633438,449680.73121994146
Pijnacker-Nootdorp,Pijnacker-Centrum/Dorp,89583.19167541771,448029.9957422431
Pijnacker-Nootdorp,Ruijven,87284.02040860213,445645.71602150536
Pijnacker-Nootdorp,Tolhek,90689.4664978291,446825.4278198266
Pijnacker-Nootdorp,Vrouwtjeslant/Nieuweveen,87254.41147372819,451604.43674562156
Pijnacker-Nootdorp,Zuidpolder Delfgauw,87832.8301984733,446092.40287786257
Pijnacker-Nootdorp,Zuidpolder Oude Leede,89083.78267313019,445735.81824653747
Purmerend,Afrika,124340.94739759565,500606.0299666081
Purmerend,Amerika,124061.60607087487,501273.9405088596
Purmerend,Azië,124952.2668125763,500717.04806715506
Purmerend,Baanstee en omgeving,128841.26230933031,502984.56245603604
Purmerend,Binnenstad,125094.48968986163,502500.27080264024
Purmerend,De Graeffweg en omgeving,128041.86585588867,502539.2048004741
Purmerend,De Koog,127317.47911711715,503316.66012312315
Purmerend,Dwarsgouw,126923.2874732143,502823.3222499998
Purmerend,Europa,124681.9497689353,501999.23496468196
Purmerend,Golfterrein en verspreide bebouwing,127970.37436486488,501150.6439864865
Purmerend,Gors-Noord,125935.96226619247,501548.0467329729
Purmerend,Gors-Zuid,125509.8055535716,500783.9363888257
Purmerend,Hazepolder,124663.55673809517,502739.5200809522
Purmerend,Maten- en Zuivelbuurt,127790.24775443265,501644.30022783735
Purmerend,Molenkoog,126984.45360000012,503786.2613839081
Purmerend,Overlanderstraat en omgeving,127384.54869112324,501596.6293663958
Purmerend,Overwhere-Noord,126142.57899461918,504029.99695507163
Purmerend,Overwhere-Zuid,126045.0624464134,503069.3182337966
Purmerend,Purmer-Zuid/Noord,126778.43134031433,500931.3024240842
Purmerend,Purmer-Zuid/Zuid,126302.52551603221,500210.3691202398
Purmerend,Purmerbos en verspreide bebouwing,126589.07369230773,499357.62182051275
Purmerend,Stationsbuurt,125521.834566075,502187.8568284025
Purmerend,Wagenweg,125670.74939219517,502482.21563740127
Purmerend,Werktuigenbuurt,127364.3919488449,502122.4961488481
Purmerend,Wheermolen-Oost,126909.82344442868,502402.5325267442
Purmerend,Wheermolen-West,126273.78659364475,502375.87514369644
Purmerend,Zuiderpolder,125185.07811280501,501903.7031379579
Putten,Koudhoorn,174038.68342622946,471620.35735519114
Putten,Putten-Centrum,169920.7716438233,474684.2401523895
Putten,Putten-Noord,170426.91918811027,475274.8465785271
Putten,Putten-Stationsstraat industriegebied,168508.28866198807,474770.34277251543
Putten,Putten-Zuid-Oost,170319.1300018425,474126.20240125223
Putten,Putten-Zuid-West,169312.55097222226,474225.37859417323
Putten,Verspreide huizen Gerven,168058.4144883721,469899.43097093044
Putten,Verspreide huizen Hell en Diermen,164660.05920740732,472256.3835555556
Putten,Verspreide huizen Huinen en Halvinkhuizen,168798.8812474352,472624.8554405469
Putten,Verspreide huizen Krachtighuizen en omgeving,170759.2176504025,471800.92858284165
Putten,"Verspreide huizen Norden, Bijsteren en Hoef",167821.90713776142,474948.0003985238
Putten,Verspreide huizen Nulde,164336.24382716036,474897.0763909466
Putten,Verspreide huizen bosgebied,172283.52773076916,474019.302519231
Raalte,Blekkershoek,215332.8710639204,489579.13728125
Raalte,Broekland-Kern,210397.252693038,486300.4862183544
Raalte,De Enk en industrieterrein-Noordoost,216021.7020049383,488932.25018518505
Raalte,De Hofstee,214936.667676923,489297.16166153835
Raalte,De Olykampen,215457.50963073107,488337.7805365552
Raalte,Drostenkamp en Tijenraan,214814.3190895522,489545.4558208955
Raalte,Hartkamp I,215013.84468333336,488260.43013750005
Raalte,Hartkamp II,214710.62525795054,488000.6787208481
Raalte,Heeten-Kern,215853.63458759495,483047.1731616745
Raalte,Heino-Noord,212640.84829999995,495344.41607857146
Raalte,Heino-Oost,212812.28182889725,494630.1499201518
Raalte,Heino-West,212191.28378624274,494909.6366597632
Raalte,Heino-Zuid,212630.40567887228,494029.81616343744
Raalte,Het Overstigt,215671.8019417085,490470.76235879364
Raalte,Industriegebied De Zegge I en II,216314.93953405012,488367.650236559
Raalte,Industriegebied De Zegge III,216460.50278333336,487844.96235
Raalte,Laag Zuthem-Kern,208403.62864179103,497194.17068656714
Raalte,Langkamp I,214780.50537634408,488786.1451612903
Raalte,Langkamp II,214527.7119067669,488734.47810827073
Raalte,Lierderholthuis-Kern,209781.68117171715,494512.09029292915
Raalte,Luttenberg-Kern,221636.6197305786,491369.0192297519
Raalte,Mariënheem-Kern,218715.0108888889,488820.85081481474
Raalte,Nieuw Heeten,220495.50573036104,481881.189089172
Raalte,Plan De Vloedkampen,215206.63644065938,487635.4530121638
Raalte,Raalte Centrum,215558.4314642856,489056.19418163295
Raalte,Raan-Oost,216556.29154197662,489802.9177247609
Raalte,Raan-West,216331.55314613177,490166.23244126077
Raalte,Verspreide huizen Broekland I,211959.08669047622,488879.363452381
Raalte,Verspreide huizen Broekland II,210302.07904255323,486618.3371702128
Raalte,Verspreide huizen Broekland III,212071.48470689656,487065.7547758621
Raalte,Verspreide huizen Heeten,215746.57001426033,482416.4083012475
Raalte,Verspreide huizen Laag Zuthem,209208.5456565657,497281.8709090909
Raalte,Verspreide huizen Lierderholthuis,209804.67976666667,494904.51460000005
Raalte,Verspreide huizen Luttenberg I,220828.96812676062,491395.11022887327
Raalte,Verspreide huizen Luttenberg II,222247.06366901414,490780.6538873239
Raalte,Verspreide huizen Mariënheem I,218965.03155033558,488857.46329530235
Raalte,Verspreide huizen Mariënheem II,218516.89746060607,487914.5889454546
Raalte,Verspreide huizen Mariënheem III,217886.2299863014,490146.32575342455
Raalte,Verspreide huizen Molenweg en omgeving,211699.67207500004,495700.13426874985
Raalte,Verspreide huizen Nieuw Heeten,219171.0600545454,481970.8798484848
Raalte,Verspreide huizen Rozendaal,211668.51912903227,494150.9784193548
Raalte,Verspreide huizen Twentseweg en omgeving,214531.7343184358,496375.8234972066
Raalte,Verspreide huizen Veldhoek,214573.80952333336,495312.5668666666
Raalte,Verspreide huizen Woolthuis,212629.06763157892,493588.84585964907
Raalte,Verspreide huizen buitengebied,214857.54644109198,490103.5868548851
Raalte,Westdorp,215106.50322950815,488752.9972175858
Reimerswaal,Hansweert - Kern,58886.580852861014,385181.0744059945
Reimerswaal,Hansweert - Tramper,58725.30035864653,385500.4116199542
Reimerswaal,Krabbendijke - Kern,66350.62602737047,383272.3451476048
Reimerswaal,Krabbendijke - Oostpolder,66908.36863467493,383039.7341517028
Reimerswaal,Krabbendijke - Rozeboom,66004.19468158348,383434.68732013763
Reimerswaal,Krabbendijke - Zuidweg,66211.82172580644,382420.9985
Reimerswaal,Kruiningen - Kern,61047.37089550783,385231.6394804688
Reimerswaal,Kruiningen - Kruseveer,60939.66928313389,384243.53668111353
Reimerswaal,Kruiningen - Nishoek,60868.26195384616,386756.29283076926
Reimerswaal,Kruiningen - Zandweg,60599.14020277775,385423.9988513887
Reimerswaal,Oostdijk,63982.93130198142,384614.3798449193
Reimerswaal,Rilland - Bath,73052.59689705881,379823.35117647063
Reimerswaal,Rilland - De Poort,72124.3745,382115.3363125
Reimerswaal,Rilland - Kern,71171.41456670225,381523.67331483465
Reimerswaal,Rilland - Werfkampen,70593.12278867925,381574.4794792454
Reimerswaal,Rilland- Stationsbuurt,69686.6485194805,382245.1153636364
Reimerswaal,Verspreide huizen Hansweert,59428.31771428572,387216.044
Reimerswaal,Verspreide huizen Krabbendijke,66296.77369072166,383484.25142268045
Reimerswaal,Verspreide huizen Kruiningen,61136.52185207102,385750.31282248517
Reimerswaal,Verspreide huizen Oostdijk,63748.030136363646,384748.075090909
Reimerswaal,Verspreide huizen Rilland,72320.82950471697,381898.6002971698
Reimerswaal,Verspreide huizen Waarde,64058.113582393074,382080.3280108567
Reimerswaal,Verspreide huizen Yerseke,61106.21868354431,389407.0582278481
Reimerswaal,Waarde,63309.46081647137,381853.84712936194
Reimerswaal,Yerseke - Kern,62109.775367348346,390403.89117859246
Reimerswaal,Yerseke - Molenpolder/Olzendepolder,62406.55815750914,389074.7772051283
Reimerswaal,Yerseke - Steehof,61575.00988682176,390514.64978294587
Reimerswaal,Yerseke - West,61701.11256866734,389752.5588270602
Renkum,Aan de Beek,180364.19752486187,443522.85154696123
Renkum,Bakkershaag,179195.16518570544,443632.49212196696
Renkum,Bato's Wijk,186115.8754261364,444034.9416562498
Renkum,Beelaertslaan,185377.0290625,444974.8455223214
Renkum,Bilderberg,185128.64071098267,445062.70635838155
Renkum,Boschhoeve,181449.7405,446437.548
Renkum,Cardanuslaan,183381.52689789288,443558.4723695303
Renkum,Clusterwoningen,183013.538312,443824.94846933335
Renkum,De Buunderkamp,181017.6078666667,447456.655
Renkum,De Dreijen,186451.44313461534,445297.2539230769
Renkum,De Enk,178982.21398000003,443246.78321625
Renkum,De Kamp,181449.98673333332,444162.30580000003
Renkum,De Stichting,182321.38341818162,446259.1473909092
Renkum,Dennenkamp,186355.1743700658,444786.13009375
Renkum,Doorwerth Zuid,183087.8887735346,443232.81359325035
Renkum,Doorwerthse Bossen,183047.11815624998,443396.97843749996
Renkum,Doorwerthse Waarden,182293.0392692308,442013.32946153847
Renkum,Doorwerthsestraat,181211.9938478261,443570.11604347825
Renkum,Dreyeroord,185761.46549118398,445217.3334559195
Renkum,Duitsekampweg,182849.4563623978,446626.77882016345
Renkum,Fluitersmaat,179606.2377893983,444118.65836532955
Renkum,Gelria,179461.13565654212,443329.80706074776
Renkum,Grunsfoort,178000.4,443551.6
Renkum,Heidestein,179725.45229795913,443679.8692857144
Renkum,Hemelse Berg,185380.86865384615,443979.83003846154
Renkum,Het Hazeleger,183444.41347058822,447762.53283529414
Renkum,Heveadorp,184129.75420661765,442994.92297577765
Renkum,Hogenkamp,178778.00653738316,443605.34164797515
Renkum,Hunneschans - Valckeniersbossen,183880.0,442776.0
Renkum,Jufferswaard,178414.80982421013,442396.9290988253
Renkum,Kamperdijk,180127.8744455445,443787.3939925744
Renkum,Keijenberg,178269.64474999998,444069.6469166667
Renkum,Kievitsdel,182054.8690170071,443860.37921428506
Renkum,Klein Zwitserland,180366.26034375,444113.7965625
Renkum,Klingelbeek,187825.86187449092,443442.0753960052
Renkum,Lawijckerhof,182887.26035714283,446043.9216092437
Renkum,Nieuwland,186673.91197422126,444022.10059505905
Renkum,Onder de Bomen,178267.39140380305,443024.9927136466
Renkum,Oosterbeekse Waarden,186391.62413927336,443365.5855518531
Renkum,Quadenoord,178787.74000000002,445741.13300000003
Renkum,Reijers-Camp,183185.27758333334,447603.2785833333
Renkum,Renkum Centrum,178605.61919943817,442805.92476545
Renkum,Renkumse Heide,179675.09426602355,444951.2980001658
Renkum,Schaapsdrift,179325.19567857144,444144.5686190476
Renkum,Sonnenberg,184841.82319574204,444550.4131849549
Renkum,Stenenkruis,187126.4855683891,443750.86908054695
Renkum,Talud,186880.56493686858,444499.89631313155
Renkum,Transvaal,185760.47976223784,444779.7207290212
Renkum,Valkenberg,184889.49690361443,444254.4717831325
Renkum,Vosdal,180490.66666666666,443281.3333333333
Renkum,Wilhelminapark,180772.31274999998,444224.17425
Renkum,Wodanswoud,183758.6995,444618.601
Renkum,Wolfhezerbeek,183298.18866666665,445269.148
Renswoude,Renswoude,165407.09565936727,453951.33976034063
Renswoude,Verspreide huizen,165406.21181406567,453865.0785622755
Reusel-De Mierden,Buitengebied ten noorden van Reusel,139564.52345743132,375541.1296765774
Reusel-De Mierden,Buitengebied ten zuiden van Reusel,139525.0000842105,372284.48280000006
Reusel-De Mierden,De Voort en Achterste Heikant,138085.75255128194,374180.52517307695
Reusel-De Mierden,Hooge Mierde,137050.16685354325,377660.73815433076
Reusel-De Mierden,Hulsel,140435.0247153558,377765.61662921356
Reusel-De Mierden,Lage Mierde,138399.82200968167,379666.70910096803
Reusel-De Mierden,Reusel,139505.4608744098,374742.388301023
Reusel-De Mierden,Verspreide huizen Hooge Mierde,136287.90859565217,377549.3907652175
Reusel-De Mierden,Verspreide huizen Hulsel,140661.21881250004,377830.7327875001
Reusel-De Mierden,Verspreide huizen Lage Mierde,138482.88954901957,380632.93577450985
Reusel-De Mierden,Voorste Heikant en Weijereind,139748.11588826816,373816.03213407815
Rheden,De Steeg,201243.67772698976,448160.26627574954
Rheden,Dieren-Noord boven spoorlijn,203801.378245178,452160.13812956656
Rheden,Dieren-West boven spoorlijn,203303.83198934412,451775.21010029246
Rheden,Dieren-Zuid beneden spoorlijn,204421.07731592905,450927.3393230089
Rheden,Ellecom,203054.89988080796,449498.3579696971
Rheden,Laag-Soeren,202169.94490953328,455087.8764742502
Rheden,Rheden,199104.64880731908,446490.509484362
Rheden,Rheden-West ten westen van Oranjeweg en Haverweg,197924.4501969153,446183.98522347654
Rheden,Spankeren,204740.53968618278,452302.8525339582
Rheden,Velp-Noord boven spoorlijn,195198.791701157,445683.3938611108
Rheden,Velp-Zuid beneden spoorlijn,195275.61929958613,444874.43956348946
Rheden,Velp-Zuid ten zuiden van Waterstraat,195767.6176184411,444421.32303973526
Rheden,Verspreide huizen Fraterwaard en Beimerwaard,204650.88424489796,449412.2063469387
Rheden,Verspreide huizen Havikerwaard en Middachten,203278.60899999997,446416.64809302334
Rheden,Verspreide huizen Rheden,198834.2615952598,447211.40282093675
Rheden,Verspreide huizen Spankeren,204467.0975346413,453199.1875516668
Rheden,Verspreide huizen Velp-Noordoost,196375.3761363636,447338.2270454545
Rheden,Verspreide huizen Velp-Zuidoost,196300.63277914104,444345.2814417179
Rheden,Verspreide huizen bosgebied De Steeg,200717.1961666667,449465.1768333334
Rheden,Verspreide huizen bosgebied Dieren,202431.1375,452196.1465
Rheden,Verspreide huizen bosgebied Ellecom,202976.63133333335,450337.16333333333
Rheden,Verspreide huizen bosgebied Laag Soeren,201973.3283411764,453866.23463529453
Rheden,Verspreide huizen bosgebied Rheden,198447.6847777778,448330.6638888889
Rhenen,Achterberg,168868.74984545953,442722.0843996052
Rhenen,Achterberg West,168453.37257911213,442671.44097382383
Rhenen,Binnenveld,169095.83865378707,443492.93712533644
Rhenen,Bruine Eng,167814.71626760557,441232.2317447185
Rhenen,Cunera,167831.470559387,440917.5734252874
Rhenen,De Horst,168794.9514285714,442586.30850000016
Rhenen,De Vordel,163483.23071291856,443789.2486459329
Rhenen,Domineesberg,167481.97869747912,442046.7947030813
Rhenen,Donderberg,166907.85716071425,441574.7975357146
Rhenen,Elst Centrum,162841.27655430397,444211.9314402064
Rhenen,Elst West,161889.4703999999,444540.2964977775
Rhenen,Grebbeberg,168911.9345,440824.1450294117
Rhenen,Grebbekwartier Noord,168336.42418466884,441245.55799303134
Rhenen,Grebbekwartier Zuid,168287.54367073186,440879.0817276423
Rhenen,Helling Bergweg,167635.59813541672,442420.2065624999
Rhenen,Het Bosje,162355.57259507044,444379.59575704194
Rhenen,Heuvelrug Elst,163992.11204761904,444302.83338095236
Rhenen,Heuvelrug Rhenen,166433.3106944445,442838.3296111111
Rhenen,Koerheuvel,167188.49006638987,441944.5496639007
Rhenen,Molenberg,167248.67597376092,441428.4918906703
Rhenen,Prattenburg,164244.89697768528,447059.1269924534
Rhenen,Randzone,167618.45500724638,443542.02415217395
Rhenen,Remmerden,165110.1234299192,442712.99448655866
Rhenen,Rhenen Binnenstad,167330.80601499416,441045.65371667163
Rhenen,Rhenen Hoog,167773.05058551952,441738.0582971368
Rhenen,Rhenendael,165639.00865269458,445958.2394910182
Rhenen,Uiterwaarden Elst,163030.19654962246,443758.2650742609
Rhenen,Uiterwaarden Rhenen,166713.05087175686,441456.9541659083
Rhenen,Veeneind,165869.31247916675,445990.2416805555
Rhenen,Vogelenzang,168341.4020348837,440671.2680930232
Ridderkerk,Bolnes,99478.31750460045,434132.7839542373
Ridderkerk,Centrum,100591.94755853615,431813.25088227453
Ridderkerk,Cornelisland,97883.28744,432048.0386799998
Ridderkerk,Donkersloot,101633.4054675827,432136.37537404447
Ridderkerk,Drievliet,101939.49170231684,430817.4516716054
Ridderkerk,Het Zand,102064.35589750895,431366.78534519585
Ridderkerk,Oost,100785.02845000001,430874.6196084796
Ridderkerk,Oostendam,103264.55376678445,429685.5207667845
Ridderkerk,Rijsoord,100076.5977013352,429721.57742375263
Ridderkerk,Slikkerveer,101225.18466480916,433123.31657605764
Ridderkerk,Verenambacht,98132.5761025641,430490.4902051282
Ridderkerk,West,99842.83091891879,431862.5272972977
Rijssen-Holten,Braakmanslanden,230826.2681569643,479787.59116350464
Rijssen-Holten,Buurtschap Beuseberg,225797.25773821987,475414.66118324554
Rijssen-Holten,Buurtschap Borkeld,228525.7074492754,476898.16366666654
Rijssen-Holten,Buurtschap Espelo,221779.30602758622,480305.31791034486
Rijssen-Holten,Buurtschap Holterberg,225384.1074,479658.7708999999
Rijssen-Holten,Buurtschap Holterbroek,222608.5291323529,475807.0705735295
Rijssen-Holten,Buurtschap Lichtenberg,228273.502125,480653.59393750003
Rijssen-Holten,Buurtschap Look,227546.28781425496,478225.8773110151
Rijssen-Holten,Buurtschap Neerdorp,223567.8217299271,478597.8264014601
Rijssen-Holten,Dannenberg,231670.18451587294,480947.201904762
Rijssen-Holten,De Beuseberg,225232.53168574584,476830.29603007034
Rijssen-Holten,De Delle,231940.66030301704,479801.82141757815
Rijssen-Holten,De Holterberg,225276.8296464648,478781.92961616145
Rijssen-Holten,De Mors en Plaagslagen,231456.15039330506,481611.36725522915
Rijssen-Holten,Dijkerhoek kern,220636.89581927712,477365.4869879517
Rijssen-Holten,Holten ten noorden van de spoorlijn,225003.22893750013,477926.54463068204
Rijssen-Holten,Holten-De Haar,224986.4934258792,477277.6361067837
Rijssen-Holten,Holten-Kom en De Kol,225887.31016262757,477618.99130931095
Rijssen-Holten,Industrieterrein de Haar,224619.31087096772,477420.3924516129
Rijssen-Holten,Kern rand Noord,232334.23865793785,480988.2137888711
Rijssen-Holten,Kern rand Oost,232654.4121709475,480478.93954574614
Rijssen-Holten,Kern rand Zuid,231836.55448066324,480334.5448618787
Rijssen-Holten,Kern-Rijssen,232349.5593164282,480605.92376515904
Rijssen-Holten,Lenfert en omgeving,232949.89152430271,480065.6079513943
Rijssen-Holten,Liesen,224883.78249629622,476645.38526666665
Rijssen-Holten,Lukensveld,225480.70514857155,476995.6070742859
Rijssen-Holten,Opbroek,233710.4983127148,480238.66606872866
Rijssen-Holten,Veeneslagen,230666.10791945003,480815.78230068146
Rijssen-Holten,Verspreide huizen Dijkerhoek,220893.86644000016,477468.83797600016
Rijssen-Holten,Verspreide huizen Ligtenberg,228867.2443943661,480818.67466197204
Rijssen-Holten,Verspreide huizen Nieuwland en omgeving,233727.0140222222,478945.592
Rijssen-Holten,Verspreide huizen Zuidrand en omgeving,230898.68203496508,478443.6698111889
Rijssen-Holten,Villaterrein Look,226867.77321621624,478777.44886486477
Rijssen-Holten,Vletgaarsmaten,223907.18906172854,477058.6345185184
Rijssen-Holten,Zomerhuisjesterrein De Borkeld,227684.3400707457,476523.5514187382
Rijswijk,Artiestenbuurt,81561.14805528588,450499.7593973262
Rijswijk,Bomenbuurt,83158.02080166186,451870.0464927112
Rijswijk,Broekpolder,83493.33635233164,451596.6468834207
Rijswijk,Cromvliet,83134.5625485464,452858.6563918932
Rijswijk,Eikelenburg,80568.46665637499,449424.0701799609
Rijswijk,Elsenburg,83028.84427777777,450028.1059999999
Rijswijk,Haantje,82810.0164951457,448439.6776577676
Rijswijk,Havenkwartier,82902.90339857648,451374.3549217081
Rijswijk,Hoekpolder,81347.60384285681,448931.1826220858
Rijswijk,Hoornwijck,83693.80614999993,451893.79239999957
Rijswijk,Huis te Lande,81617.0264611425,451138.64921846223
Rijswijk,Julianapark,81751.17799999997,451802.71711363626
Rijswijk,Kleurenbuurt,81254.93955346997,450905.8851976201
Rijswijk,Kraayenburg,83669.98000000001,450008.3748235294
Rijswijk,Leeuwendaal,83373.6919323244,452478.6115253788
Rijswijk,Ministerbuurt,80924.09587745897,450171.2145340938
Rijswijk,Muziekbuurt,81910.00804094685,449919.56551463465
Rijswijk,Oud-Rijswijk,82802.16829464497,452509.9917664057
Rijswijk,Overvoorde,80997.24736986299,450687.8108931511
Rijswijk,Pasgeld,83465.82113186315,449306.2010088214
Rijswijk,Plaspoelpolder,82562.65838391375,450769.9929169948
Rijswijk,Presidentenbuurt,80616.66274576254,450530.16436016955
Rijswijk,Rembrandtkwartier,82692.73466015888,451905.5110130792
Rijswijk,Sion,82227.33847521683,448300.45975298196
Rijswijk,Spoorzicht,81013.62505505953,451442.9635558685
Rijswijk,Stationskwartier,81900.93225841032,450684.759235728
Rijswijk,Stervoorde,81266.484038492,449538.0635117002
Rijswijk,Strijp,80254.55241840346,450197.78910856694
Rijswijk,Te Werve,82256.12050459966,451196.36760140327
Rijswijk,Vrijenban,83855.90963404966,449096.32501145895
Rijswijk,Welgelegen,82506.13619462444,452350.26102186774
Rijswijk,Wilhelminapark,82707.0305,449233.078
Roerdalen,Bedrijventerrein Stationsweg,202632.3731875,353200.007875
Roerdalen,Borg,201582.21246031736,347321.5096666665
Roerdalen,Buitengebied Herkenbosch,203561.31570303024,352988.49359393935
Roerdalen,Buitengebied Melick,200355.732875,352249.01275000005
Roerdalen,Buitengebied Montfort,194447.83259633032,348627.7772844036
Roerdalen,Buitengebied Posterholt,198995.40402774783,348107.6112763852
Roerdalen,Buitengebied Sint Odiliënberg,197498.76455744795,350576.4471826903
Roerdalen,Buitengebied Vlodrop,204898.40767331986,350403.6065839073
Roerdalen,Etsberg,204559.81533823532,350083.3628823529
Roerdalen,Herkenbosch,202521.2886100511,351908.04031614435
Roerdalen,Holst,200532.67165384613,349702.3914230769
Roerdalen,Lerop,197085.54968181823,353298.1916590908
Roerdalen,MERU,208632.11440000002,352091.2680000002
Roerdalen,Melick,199053.0122060077,352476.2096463075
Roerdalen,Montfort,194234.9694868178,348830.01484260964
Roerdalen,Paarlo,200407.5966,350555.12509999995
Roerdalen,Posterholt,200239.7908596085,348367.87820139254
Roerdalen,Reewoude,204575.72574999987,352365.1754537036
Roerdalen,Reutje,198457.19645238091,349022.3492619048
Roerdalen,Rothenbach,205955.81370491802,350419.8939508197
Roerdalen,Sint Odiliënberg,197982.71962391277,350492.9853256987
Roerdalen,Varst,200402.9971707317,346383.2856097562
Roerdalen,Vlodrop,203080.75661011916,349548.7858283727
Roerdalen,Vlodrop Station,208397.588,351615.87933333335
Roermond,Asenray,201086.6768100265,356359.64838258555
Roermond,Asenray buitengebied,200510.8773242185,355504.9326210071
Roermond,Asselt,198785.80514102566,359936.83266666654
Roermond,Binnenstad,197086.8259448029,356291.05340814794
Roermond,Boukoul,201059.9721670427,358630.05634085764
Roermond,Componistenbuurt,198658.64510159811,354898.77551369887
Roermond,De Kemp,198178.24462119635,354373.12636474764
Roermond,De Wijher en omgeving,199349.94107591626,356716.6614947645
Roermond,Groenekruisgebied,200730.5556953747,360157.4330247207
Roermond,Heide,200966.9046380597,361351.7066231343
Roermond,Herten,195582.32238124084,354612.38090657303
Roermond,Hoogvonderen,199309.84813424648,355595.06624520535
Roermond,Kapel-Muggenbroek,197605.25766287217,354779.19530210126
Roermond,Kastelenbuurt,198447.21958333306,355595.6753355859
Roermond,Kern Maasniel,198431.41936698757,356738.67351388885
Roermond,Kitskensberg,198921.41101620352,354250.61187962914
Roermond,Kitskensdal,198083.81355657493,353903.4139204892
Roermond,Leeuwen,197820.16988622758,358075.51839720557
Roermond,Maasplassen,194979.41221719506,356490.80168971885
Roermond,Martin Giessen-Bosstraat,201205.82146591804,360978.0487089015
Roermond,Merum,195326.5492669595,353742.3350061698
Roermond,Ool,194465.82560937494,355437.7041953127
Roermond,Oolder Veste,195001.37059001322,354419.77915768756
Roermond,Roer-Zuid,196321.68904853438,354913.81861292874
Roermond,Roermondse Veld,197801.44982195037,355623.83478050877
Roermond,Roerstreek,200575.25272093024,353474.50918604643
Roermond,Roerzicht,196882.10176399408,355661.2021270801
Roermond,Stadsrandzone-Noord,199036.3132190477,357810.9362285716
Roermond,Sterrenberg,198842.16363387977,355557.7248775954
Roermond,Swalmen-Centrum,200227.81687457598,360482.93366101675
Roermond,Tegelarijeveld-Broekhin,198820.26767049797,357298.0330122603
Roermond,Verspreide huizen Swalmen,200255.16752937998,360176.77239900694
Roermond,Vliegeniersbuurt,198301.47867391314,355065.62848662207
Roermond,Voorstad,196443.41564039863,355902.52431884076
Roermond,Vrijveld,197760.4255203311,356304.4549134034
Roermond,Willem-Alexander,197034.09318695657,357087.3926847827
Roosendaal,Bakkersberg-Langendijk,94353.93824999999,393817.4587249999
Roosendaal,Borchwerf-Noord,91072.96239871034,396590.5532730139
Roosendaal,Borchwerf-Zuid,89819.56181083804,395336.6655566561
Roosendaal,Borteldonk,91097.88402739722,391292.4864520549
Roosendaal,Bovendonk,91498.05365532887,393125.01008390036
Roosendaal,Centrum-Nieuw,90301.04175909539,393944.96430973394
Roosendaal,Centrum-Oud,90757.3315153882,394288.70945137326
Roosendaal,De Krogten,89980.88493773174,393125.69431968307
Roosendaal,Ettingen,89316.66104081643,394491.45436224475
Roosendaal,Fatima-villapark,91652.25117921823,394479.15353765414
Roosendaal,Haiink,88285.60804878049,390950.1315243903
Roosendaal,Heerle,83792.92029037046,392603.5939555556
Roosendaal,Heerma van Vossstraat-Molenbeek,89693.47704002429,394055.8319419365
Roosendaal,Herreweg,89291.76754770326,394157.5357120132
Roosendaal,Hulsdonk,89521.22044133689,393582.75177991565
Roosendaal,Kalsdonk,91947.95171447021,395149.2258107003
Roosendaal,Keijenburg,91460.67218807818,393712.3880729708
Roosendaal,Kortendijk A,92598.70509697936,393073.0409305771
Roosendaal,Kortendijk C,92784.61603509891,393912.9713880021
Roosendaal,Kortendijk L,93026.49368659427,393243.26989764493
Roosendaal,Kroeven-Noordoost,90646.47674970598,393114.3609365456
Roosendaal,Kroeven-Noordwest,90251.05127353448,393163.8432095906
Roosendaal,Kroeven-Zuidoost,90778.22295605311,392501.8172785561
Roosendaal,Kroeven-Zuidwest,90547.14233027499,392233.6527970167
Roosendaal,Landerije,93713.9219385965,393804.1060760235
Roosendaal,Langdonk-Oost,91824.4154701303,392665.8053519859
Roosendaal,Langdonk-West,91364.68450677505,392515.7402506773
Roosendaal,Majoppeveld-Noord,92880.42488663971,395463.65438461537
Roosendaal,Majoppeveld-Zuid,93191.00579969064,394583.2790910456
Roosendaal,Minnebeek-Watermolen,89997.96394529531,392237.2468942381
Roosendaal,Moerstraten,82482.1271011905,395183.6205892858
Roosendaal,Nieuwenberg,91773.41447337279,396113.78660355025
Roosendaal,Nispen,90529.5523532338,388729.3908092871
Roosendaal,Parklaan-Hoogstraat,91069.22043807033,394891.1607470672
Roosendaal,Scherpdeel,89679.8577157322,394719.6249524925
Roosendaal,Sint Josephbuurt,91284.5783393236,394035.69037103676
Roosendaal,Spoorstraat-Van Coothlaan,91518.95002978717,395187.01439282816
Roosendaal,Stationsbuurt,90506.7257619894,394677.4619253999
Roosendaal,Tolberg-Centrum,88919.61446789844,391959.67267881345
Roosendaal,Tolberg-Oost,89445.82486290595,392162.8730639372
Roosendaal,Tolberg-West,88520.39692281782,392054.62592050235
Roosendaal,Verspreide huizen Heerle,83787.9234666666,392615.940437037
Roosendaal,Verspreide huizen Moerstraten,82756.46973333336,394370.9212476191
Roosendaal,Verspreide huizen Nispen,90427.83005673758,388623.5807730497
Roosendaal,Verspreide huizen Wouw in het Noorden,86544.33444444444,395137.8531296297
Roosendaal,Verspreide huizen Wouw in het Zuiden,85992.16755555556,391894.01555555564
Roosendaal,Verspreide huizen Wouwse Plantage,86402.36248535562,388837.5116569038
Roosendaal,Vierhoeven,92305.75447916664,391865.77504166664
Roosendaal,Vijfhuizenberg,89450.41453030307,392831.06866161624
Roosendaal,Vroenhout,88224.50314583216,394498.1886486218
Roosendaal,Vrouwenhof,90577.74807076356,393718.58805959043
Roosendaal,Weihoek-Oost,88920.91841676804,393156.7654422844
Roosendaal,Weihoek-West,88214.398,392822.988
Roosendaal,Wouw,85781.43104552924,393014.08136974723
Roosendaal,Wouwse Plantage,85752.67450153841,388805.70309538464
Rotterdam,'s Gravenland,97566.7794837938,437785.04018456966
Rotterdam,Afrikaanderwijk,94034.36482547518,435104.77586242155
Rotterdam,Agniesebuurt,92297.90427609715,438332.591045069
Rotterdam,Bedrijvenpark Noord-West,87484.89040903054,439758.1316347939
Rotterdam,Bedrijventerrein Schieveen,88302.579,441427.369
Rotterdam,Bergpolder,91577.79377993668,438871.51157407084
Rotterdam,Beverwaard,98618.13352736864,434208.37689890055
Rotterdam,Blijdorp,91214.65005716222,438394.0458703966
Rotterdam,Blijdorpsepolder,89875.60902409641,438187.7703855421
Rotterdam,Bloemhof,93946.38535304178,434236.3202084489
Rotterdam,Bospolder,90061.80115804798,435986.1677258582
Rotterdam,Botlek,78284.1828990825,432895.4791972476
Rotterdam,Carnisse,92479.91137928417,433707.90656780713
Rotterdam,Charlois Zuidrand,91604.12961702133,431232.26267612295
Rotterdam,Cool,92305.70585406198,437073.33282945707
Rotterdam,Cs Kwartier,91973.45193340025,437682.0816762308
Rotterdam,De Esch,95505.83544289212,436083.38775688893
Rotterdam,Delfshaven,90872.53782651406,435741.8103564064
Rotterdam,Dijkzigt,91670.68618793203,436186.85790899943
Rotterdam,Dorp,69050.25684452188,444082.4725257205
Rotterdam,Eemhaven,87762.19135333333,433845.60844666685
Rotterdam,Europoort,70477.09945614036,438882.7697134504
Rotterdam,Feijenoord,94535.35069402515,436053.9496550062
Rotterdam,Groot IJsselmonde,97170.40105578079,433288.15079304535
Rotterdam,Heijplaat,88513.01904805502,434195.6758901605
Rotterdam,Het Lage Land,97081.98505221421,439756.29010172724
Rotterdam,Hillegersberg Noord,93378.86064377938,441653.5111578718
Rotterdam,Hillegersberg Zuid,92434.39472496722,439986.8255146478
Rotterdam,Hillesluis,94688.21584587499,434419.7404312514
Rotterdam,Hoogvliet Noord,84148.8189195627,431547.05315252277
Rotterdam,Hoogvliet Zuid,84510.48295307893,430283.68295523175
Rotterdam,Katendrecht,92980.62437482279,435106.75785513414
Rotterdam,Kleinpolder,89340.38269032884,438821.3767252786
Rotterdam,Kop van Zuid,93364.77852064952,435682.16483567166
Rotterdam,Kop van Zuid - Entrepot,94117.71790296948,435776.42238063813
Rotterdam,Kralingen Oost,95290.44242887292,437519.7855511425
Rotterdam,Kralingen West,94298.1506911799,437973.54378900235
Rotterdam,Kralingse Bos,95449.33378690264,439306.15456645994
Rotterdam,Kralingseveer,97610.49146749999,436312.1253337506
Rotterdam,Landzicht,89177.85226600984,440085.54423645337
Rotterdam,Liskwartier,92166.21876279841,439111.3732274444
Rotterdam,Lombardijen,95511.65236779294,432336.94909843366
Rotterdam,Maasvlakte,62116.81327152316,440388.9639867549
Rotterdam,Middelland,91171.3991069838,436841.4990872888
Rotterdam,Molenlaankwartier,94344.73986976423,441655.864623093
Rotterdam,Nesselande,100064.83631931337,443769.49381522485
Rotterdam,Nieuw Crooswijk,93580.36496139478,439072.6624232535
Rotterdam,Nieuw Mathenesse,89108.62268456978,436328.986549873
Rotterdam,Nieuwe Werk,92441.4760568425,435998.8135019006
Rotterdam,Nieuwe Westen,90519.68160285655,436814.28564518876
Rotterdam,Noord Kethel,86957.16680769228,441393.00523076917
Rotterdam,Noordereiland,93612.33428946283,436467.680352156
Rotterdam,Noordzeeweg,74592.32119999999,437852.4234
Rotterdam,Ommoord,97002.22507306603,441744.3211573584
Rotterdam,Oosterflank,98117.54732854602,440063.780613547
Rotterdam,Oud Charlois,91622.21631368788,433956.78804501833
Rotterdam,Oud Crooswijk,93618.0902989687,438549.0810446707
Rotterdam,Oud IJsselmonde,96957.43125776008,434863.0575262979
Rotterdam,Oud Mathenesse,88490.77350062085,436929.4623580818
Rotterdam,Oude Noorden,92750.48715224549,438777.8873139076
Rotterdam,Oude Westen,91684.52774762371,437003.3114300216
Rotterdam,Overschie,88941.57515014612,439496.57243475976
Rotterdam,Pendrecht,91787.19542067079,432114.60056975734
Rotterdam,Pernis,86247.2170349428,433889.651526503
Rotterdam,Prinsenland,97368.47914984242,438822.4601792786
Rotterdam,Provenierswijk,91849.85235093106,438090.66568764625
Rotterdam,Rijnpoort,70983.84247183098,442338.38140845066
Rotterdam,Rivium,96603.75788235295,436865.3495882353
Rotterdam,Rozenburg,76477.76363103538,435738.4581308905
Rotterdam,Rubroek,93323.31819181817,438003.26808715885
Rotterdam,Schiebroek,92004.5179389593,441401.83130349737
Rotterdam,Schiemond,90600.95361254105,435428.87402771815
Rotterdam,Schieveen,88244.94996067414,442159.49570224737
Rotterdam,Spaanse Polder,88584.63836904966,438204.7294276007
Rotterdam,Spangen,89567.31063109948,436916.05253837694
Rotterdam,Stadsdriehoek,93096.7637724674,437164.638724184
Rotterdam,Strand en Duin,68349.94295620789,445247.1280129935
Rotterdam,Struisenburg,94547.91868867926,437182.88151671726
Rotterdam,Tarwewijk,93046.05553453046,434203.58198807336
Rotterdam,Terbregge,95011.31145206965,440682.54825997923
Rotterdam,Tussendijken,90007.6110299163,436451.03242128575
Rotterdam,Vondelingenplaat,84038.95245588233,433653.2224411763
Rotterdam,Vreewijk,94382.06399351021,433420.29269321915
Rotterdam,Waalhaven,90190.66401262622,434327.2220126262
Rotterdam,Waalhaven Zuid,90178.09902822561,432258.3936270159
Rotterdam,Wielewaal,91244.50769209806,432916.3830899183
Rotterdam,Witte Dorp,88903.02907172988,436683.59426160314
Rotterdam,Zestienhoven,90507.60625330696,440230.6768353158
Rotterdam,Zevenkamp,98845.00261979473,442251.0467741903
Rotterdam,Zuiderpark,91826.29633123959,432904.88316640496
Rotterdam,Zuidplein,93231.57857216979,433632.9552636096
Rotterdam,Zuidwijk,93173.83135598742,432042.40645683685
Rozendaal,Rozendaal,194398.60588935576,446278.3276582634
Rozendaal,Verspreide huizen Imbosch en Terlet,195486.14810526316,448737.8672631579
Rucphen,Bedrijventerrein De Nijverhei,99120.03010422543,394353.91302668763
Rucphen,Rucphen,97463.30212546595,394063.12512532034
Rucphen,Schijf,97573.52396730245,390273.11954768386
Rucphen,Sint Willebrord,99638.5619837699,395931.09053002746
Rucphen,Sprundel,100217.62301526345,394574.7971738385
Rucphen,Verspreide huizen Rucphen,96668.90641203005,393554.8718406015
Rucphen,Verspreide huizen Schijf,96925.91785422747,390138.13892711373
Rucphen,Verspreide huizen Sint Willebrord,99725.70418604651,396209.2217984495
Rucphen,Verspreide huizen Sprundel,101146.6105163705,394175.7369632385
Rucphen,Verspreide huizen Zegge,94459.51529946523,396675.15691978624
Rucphen,Zegge,94652.7976409265,396826.8953230367
Schagen,'t Buurtje en Buitengebied,111586.99716867469,535367.532939759
Schagen,'t Rijpje en Buitengebied,111750.4714571429,529707.9727285716
Schagen,'t Zand-Noordoost,112659.64421984437,539045.5552159529
Schagen,'t Zand-West- en -Zuid,112424.7814931507,538859.5975981735
Schagen,Buitengebied 't Zand-Oost,113454.3295064935,538723.8005194805
Schagen,Buitengebied 't Zand-West,111252.59267619051,538495.5604857142
Schagen,Buitengebied Burgerbrug,108308.27050000001,529637.4303944448
Schagen,Buitengebied Callantsoog-Noord,111722.86391159854,542603.9985964951
Schagen,Buitengebied Callantsoog-Oost,109470.63667636366,539773.234014545
Schagen,Buitengebied Dirkshorn,114773.69758709676,528927.948696774
Schagen,Buitengebied Oudesluis,115489.05991397852,537487.854967742
Schagen,Buitengebied Petten,106204.58884893698,530688.0186397705
Schagen,Buitengebied Schagerbrug-Noord,113469.2889873418,536433.8121898733
Schagen,Buitengebied Sint Maarten,111307.63980952383,530878.9832857143
Schagen,Buitengebied Sint Maartensbrug,109719.79951984125,533066.8383531743
Schagen,Buitengebied Sint Maartensvlotbrug,108300.78113364053,534116.875253456
Schagen,Buitengebied Tuitjenhorn,112373.15719999999,527916.3694999999
Schagen,Buitengebied Waarland,116715.88297111212,527239.8125932596
Schagen,Buitengebied Warmenhuizen,111306.12668965517,525299.660356322
Schagen,Burgerbrug (woonkern),108789.31993370164,529202.0976077351
Schagen,Burgervlotbrug en Buitengebied,107242.673,530220.5027349398
Schagen,Burghorn en Buitengebied,113300.2582369398,533655.2373264254
Schagen,Callantsoog (woonkern),108545.82143838031,539240.3241117955
Schagen,De Banne en omgeving,113883.04104444444,527630.1629
Schagen,De Stolpen en Buitengebied,110320.20731451608,536405.7470483875
Schagen,Debbemeer-Noord,111543.97599561415,526806.7579429826
Schagen,Debbemeer-Zuid,111383.46833874244,526325.053868154
Schagen,Dirkshorn (woonkern),113733.91216995307,529132.6433417838
Schagen,Eenigenburg en Buitengebied,110358.75810714283,528782.4893095238
Schagen,Groeneweg-Noord,115199.47556333336,534715.7407741667
Schagen,Groeneweg-Zuid,115276.0897425938,534369.2999708075
Schagen,Groenveld en Buitengebied,113853.08798305083,531046.2863389831
Schagen,"Groote Keeten, Abbestede en Buitengebied",109695.13940429628,541505.829698284
Schagen,Hoep-Noord,115964.75331495094,533819.9399240197
Schagen,Hoep-Zuid,115982.89087275986,533282.8214175625
Schagen,Huisweid en omgeving,110810.74835483871,526463.2491290323
Schagen,Kalverdijk,113291.37322727266,527339.4811477269
Schagen,"Keinse, 't Wad en Buitengebied",115918.94169565219,535449.2758695653
Schagen,Kolksluis,112738.00952830192,539933.0849811321
Schagen,Krabbendam en Buitengebied,108702.64868965512,527180.2690689656
Schagen,Lagedijk,114248.56749732305,534166.8507209525
Schagen,Muggenburg,115386.63241409145,532554.541477132
Schagen,Muggenburg-Zuid,115384.5247,531731.2586000001
Schagen,Nes en Buitengebied,116930.03115384615,533756.2671730769
Schagen,Nes-Noord,115961.71502356025,534379.6709136126
Schagen,Nesdijk,115151.27062524091,534016.5641300582
Schagen,Nolmerban,105776.81734239132,531023.9831739133
Schagen,Onderzoekslocatie Petten,107177.6906875,533719.1600624999
Schagen,Oudesluis (woonkern),115969.11117759567,538645.1633934423
Schagen,Oudevaart-Zuid,110652.51843500002,525712.0176499999
Schagen,Oudkarspel,114907.856,526035.848
Schagen,Pettemerduinen,106897.2851753335,534445.5612960852
Schagen,Petten-Centrum en Korfwater,106192.26547175663,531516.3136097249
Schagen,Petten-West,105779.9597242798,531327.7405308641
Schagen,Schagen-Centrum,115275.32444130674,533553.5105094132
Schagen,Schagen-Centrum-Zuid,115459.83478675285,533139.324384491
Schagen,Schagerbrug (woonkern),112791.08908010324,535049.520857227
Schagen,Schelphoek,110610.93245089766,526160.9420565706
Schagen,Schoorldam,109433.92687111115,525378.9839455554
Schagen,Sint Maarten (woonkern),111749.224,531741.2500669078
Schagen,Sint Maartensbrug (woonkern),110450.25724299058,532870.6705186912
Schagen,Sint Maartensvlotbrug (woonkern),109287.47434131739,533296.0606526948
Schagen,Sint Maartensvlotbrug-West,108556.45942831214,533305.7636896551
Schagen,Sint Maartenszee,108120.21213944955,534237.5611082569
Schagen,Stroet,112529.87782142856,529945.4664571428
Schagen,"Tolke, Tjallewal en Buitengebied",114800.78528186923,531747.2001232508
Schagen,Tuitjenhorn-Centrum en Kerkbuurt,112227.246933848,527931.1356108047
Schagen,Tuitjenhorn-West en -Zuid,111744.70483259269,528115.609485925
Schagen,Uyterland,108863.13092290249,538894.7204126987
Schagen,Valkkoog en Buitengebied,113397.99410294119,532136.9207205882
Schagen,Waarland (woonkern),117514.36384311561,526706.72907039
Schagen,Waldervaart-Noordoost,114542.36351342812,533494.8475355451
Schagen,Waldervaart-Noordwest,114001.51052343752,533353.5341863838
Schagen,Waldervaart-Zuid,114494.27761872136,532895.7839863015
Schagen,Warmenhuizen-Centrum,111105.83192857148,526448.6053626369
Schagen,Warmenhuizen-Zuid,111443.67253124999,525833.563682292
Schagen,Witte Paal,116127.8114827586,532474.0212068964
Schagen,Zwanenwater,108290.7826687919,538520.1804500194
Scherpenzeel,Scherpenzeel,161872.2097985375,454639.94348053786
Scherpenzeel,Verspreide huizen ten noorden van Scherpenzeel,163083.0320668381,455665.9029408741
Scherpenzeel,Verspreide huizen ten zuiden van Scherpenzeel,161920.04943229162,454061.4344427083
Schiedam,'s-Gravelandsepolder,87336.53767134577,438599.83712549973
Schiedam,Ambachtenbuurt,84641.87425064933,439876.4318519479
Schiedam,Botenbuurt,85056.23970147055,439787.20997499936
Schiedam,Brandersbuurt,86830.33068963015,437193.4727597003
Schiedam,Buurt 00,87057.71956807747,436925.11390631663
Schiedam,De Akkers en De Velden,85545.82621551721,440053.88253526593
Schiedam,De Gaarden/Sveafors,86102.50171960809,439474.4180799643
Schiedam,De Plantage,87295.35210294102,436350.2947132357
Schiedam,De Vlinderhoven/Sveaholm,85819.1531029412,439722.890955882
Schiedam,Distillateursbuurt,85479.03723529402,436377.60667647165
Schiedam,Eilandenbuurt,87344.46427537095,435691.80132912245
Schiedam,Fabribuurt,86458.79950485438,436797.7014793689
Schiedam,Frankenland,86556.04743132135,436599.9541461079
Schiedam,Groenoord-Midden,85066.94961610151,438562.2355765396
Schiedam,Groenoord-Noord,85020.36024262213,439093.20105191454
Schiedam,Groenoord-Zuid,85120.48309110157,438173.3176101688
Schiedam,Havenbuurt,85789.4262290909,435665.77380363643
Schiedam,Haverschmidtkwartier,85941.81841743107,436292.02998165134
Schiedam,Hollandiabuurt,87349.45612633042,437385.9865824454
Schiedam,Kastelenbuurt,84981.72905108058,440087.55079665995
Schiedam,Kethel-dorp,85543.36176853903,439056.037017977
Schiedam,Liduinabuurt,86722.69808437502,436501.99009375006
Schiedam,Maasboulevard,87471.86894243052,435388.8520769151
Schiedam,Nassaubuurt,87044.53059233565,436089.61562465463
Schiedam,Natuurkundigenbuurt,87422.29010041813,436942.3180516024
Schiedam,Newtonbuurt,87969.51868112528,436982.1753974213
Schiedam,Nieuw-Mathenesse,87754.04449738223,436208.83958115196
Schiedam,Nolensbuurt,86457.59735936062,437429.9233534252
Schiedam,Noletbuurt,87399.88124351295,435895.19330250885
Schiedam,Noordkethelpolder,85984.42105769226,440141.2269743589
Schiedam,Oranjekwartier,86805.24622168283,436275.20484304224
Schiedam,Parkenbuurt/Bijdorp,85581.01038078895,437774.51373070333
Schiedam,Piet Sandersbuurt,87237.49196860439,435567.3243158024
Schiedam,Polderwetering,86820.92748275862,439596.4344310344
Schiedam,Rotterdamsedijk,87743.58563103396,436748.8662566527
Schiedam,Schiehart,86997.26506027443,437549.22783744574
Schiedam,Schildersbuurt,85835.78700315455,436541.8973459514
Schiedam,Schrijversbuurt,86154.12713796082,436556.2860891175
Schiedam,Singelkwartier,87660.97021678346,437174.815812063
Schiedam,Spaanse Polder,87926.15282758625,437807.0772827585
Schiedam,Spieringshoek,85773.85704989615,437332.9776403337
Schiedam,Staatsliedenbuurt,86261.35644832208,437709.0874859073
Schiedam,Stadserf,87302.95397435897,437202.27602564095
Schiedam,Stationsbuurt,87782.3387971311,437317.86349795363
Schiedam,Sveaborg en -Dal,85960.07171730504,440133.811418759
Schiedam,Toneelspelersbuurt,84998.19583263189,439425.6710600027
Schiedam,Tuindorp,85585.11764135021,438521.17450421926
Schiedam,Vakbondsliedenbuurt,87062.84976873739,437815.9579229141
Schiedam,Vogelbuurt,85817.6173567416,438949.31199578714
Schiedam,Walvisbuurt,86878.81212886986,436746.3643469732
Schiedam,Wetenschappersbuurt,88058.15558283452,437184.34169261524
Schiedam,Wibautbuurt,86012.19092077174,437084.07985931676
Schiermonnikoog,Schiermonnikoog,206436.52422760817,610607.2484151735
Schiermonnikoog,Verspreide huizen Schiermonnikoog,206492.65999293284,611035.3687797439
Schouwen-Duiveland,Brouwershaven,53052.06494337348,416151.6480530116
Schouwen-Duiveland,Bruinisse,65519.007539242135,408861.1606461441
Schouwen-Duiveland,Burgh,40576.715574418624,412578.7028000001
Schouwen-Duiveland,Dreischor,57865.866198043936,412072.4853080682
Schouwen-Duiveland,Ellemeet,46406.36988333338,416901.0882527777
Schouwen-Duiveland,Haamstede,41338.47510539846,413268.5634490148
Schouwen-Duiveland,Hogeweg,39876.41510545457,411793.4143781816
Schouwen-Duiveland,Hoogenboomlaan,42202.3820750853,416683.13270136534
Schouwen-Duiveland,Kaaskenswater,54024.05900619194,408601.1616873059
Schouwen-Duiveland,Kerkwerve,52052.06236879429,411823.22762056754
Schouwen-Duiveland,Kloosterweg en omgeving,40909.05371714288,414518.3658871428
Schouwen-Duiveland,Lagezoom,42979.16644202899,415924.065731884
Schouwen-Duiveland,Malta,54104.63837459638,407851.0539117319
Schouwen-Duiveland,Nieuw-Haamstede,38554.68064356434,415071.809633663
Schouwen-Duiveland,Nieuwerkerk,59089.82290985126,407654.85957527894
Schouwen-Duiveland,Noordgouwe,54687.955437158475,412570.7584808743
Schouwen-Duiveland,Noordwelle,44878.455116071425,415624.8239017856
Schouwen-Duiveland,Oosterland,61517.97213205537,407708.281939298
Schouwen-Duiveland,Oude Moolweg en Laone,43500.157776053224,417799.4394789356
Schouwen-Duiveland,Ouwerkerk,57737.5990970464,405025.48609704664
Schouwen-Duiveland,Poortambacht,52292.77525665749,407736.93102203857
Schouwen-Duiveland,Recreatiegebied,64545.213404073176,409635.3311984116
Schouwen-Duiveland,Renesse,43491.58951573192,417110.98171409057
Schouwen-Duiveland,Scharendijke,48412.10865233657,417432.99378691544
Schouwen-Duiveland,Schuddebeurs,55082.57319289342,411023.2105634515
Schouwen-Duiveland,Serooskerke,46298.08178688524,413717.9662213114
Schouwen-Duiveland,Sirjansland,61304.49969465649,410559.1573129769
Schouwen-Duiveland,Verspreide huizen Brouwershaven,51743.01654715124,417629.7396306487
Schouwen-Duiveland,Verspreide huizen Bruinisse,65186.24795723716,407884.4521810508
Schouwen-Duiveland,Verspreide huizen Dreischor,57909.40011224492,412531.0702244898
Schouwen-Duiveland,Verspreide huizen Kerkwerve,50701.097587912045,412311.76789011
Schouwen-Duiveland,Verspreide huizen Nieuwerkerk,58699.145540000005,408005.07745333336
Schouwen-Duiveland,Verspreide huizen Noordgouwe en Schuddebeurs,54639.535500000005,412185.45136666665
Schouwen-Duiveland,Verspreide huizen Noordwelle,45329.90270736439,417552.6191724804
Schouwen-Duiveland,Verspreide huizen Oosterland,61847.88093965519,407891.00078448287
Schouwen-Duiveland,Verspreide huizen Ouwerkerk,58316.56537244898,405336.8969336736
Schouwen-Duiveland,Verspreide huizen Scharendijke,49133.59325362319,416482.48886231886
Schouwen-Duiveland,Verspreide huizen Serooskerke,46005.88844827585,413680.9243448276
Schouwen-Duiveland,Verspreide huizen Sirjansland,61751.09068181819,410346.5120909091
Schouwen-Duiveland,Verspreide huizen Zonnemaire,55442.55330952382,415276.433047619
Schouwen-Duiveland,Verspreide huizen in het Kleigebied,41965.62293548386,412883.3204774194
Schouwen-Duiveland,Verspreide huizen in het Noorden en Westen,53846.91133201066,408792.09007126006
Schouwen-Duiveland,Verspreide huizen in het Oosten,55698.756250000006,408375.32825
Schouwen-Duiveland,Verspreide huizen in het Zandgebied,40041.19114545458,414724.7579727277
Schouwen-Duiveland,Verspreide huizen in het Zuiden,53509.511111111126,406559.93915873027
Schouwen-Duiveland,Verspreide huizen ten westen van Renesse,41287.937588235305,416947.87752941175
Schouwen-Duiveland,Verspreide huizen ten zuiden van Ellemeet,46950.97849315069,415882.10458904103
Schouwen-Duiveland,Westenschouwen,38976.79362647059,410876.6024058827
Schouwen-Duiveland,Zierikzee binnen de vesten,53388.80834710564,407818.650120418
Schouwen-Duiveland,Zonnemaire,55707.365822404376,414784.33836612024
Schouwen-Duiveland,Zuidhoek,53735.06951971319,407217.9974659502
Simpelveld,Baneheide,196554.11502739726,314403.94712328765
Simpelveld,Bocholtz,198696.96567124716,314454.6170945116
Simpelveld,Bocholtzerheide,197579.81340969165,314286.8268325991
Simpelveld,Huls,196244.58527777778,317276.1382160494
Simpelveld,Hulsveld,196484.7034233871,316575.37381048384
Simpelveld,Molsberg-Rodeput,197492.2681066426,316627.94426842284
Simpelveld,Prickart-Broek,198348.62338931297,315308.20233587787
Simpelveld,Simpelveld,196860.9970922131,316137.7556297815
Simpelveld,Verspreide huizen,196412.50887159535,315845.06670038914
Sint Anthonis,Landhorst,183026.35566839363,403338.3217512954
Sint Anthonis,Ledeacker,188620.1532988507,405393.0048218391
Sint Anthonis,Oploo,188641.7152210744,402275.93597520643
Sint Anthonis,Sint Anthonis,189182.21805941424,404252.0627216533
Sint Anthonis,Stevensbeek,191652.26695575216,401755.97991592914
Sint Anthonis,Verspreide huizen De Peel,181992.32999236637,403447.605129771
Sint Anthonis,Verspreide huizen Ledeacker,188464.85776999994,405236.8820200001
Sint Anthonis,Verspreide huizen Oploo,186918.30722830692,400830.8477861389
Sint Anthonis,Verspreide huizen Sint Anthonis,189207.3060066621,403958.18792850384
Sint Anthonis,Verspreide huizen Stevensbeek,191956.12092391317,401889.1631195653
Sint Anthonis,Verspreide huizen Wanroij's Broek,185861.56727642278,406970.8093983741
Sint Anthonis,Verspreide huizen Westerbeek,188245.49660344826,398937.481887931
Sint Anthonis,Wanroij,184829.71099017854,407705.74852053606
Sint Anthonis,Westerbeek,187946.22372670812,399425.61197515536
Sint-Michielsgestel,Berlicum,155875.203092703,410147.7754731545
Sint-Michielsgestel,Den Dungen,153999.8055551641,408654.9112147885
Sint-Michielsgestel,Gemonde,152953.46671383132,403329.65177424497
Sint-Michielsgestel,Halder,150615.00057142857,406723.03554285696
Sint-Michielsgestel,Maaskantje,153928.28630645148,407947.99043108546
Sint-Michielsgestel,Middelrode,157159.41411960134,408485.6923754157
Sint-Michielsgestel,Sint-Michielsgestel,152678.02771364196,405946.653328742
Sint-Michielsgestel,Theereheide,151647.636324963,405592.97824299685
Sint-Michielsgestel,"Venkant, Beekkant en Beekvliet",153131.18963236446,406159.29796543624
Sint-Michielsgestel,Verspreide huizen Beekveld-Hersend,155254.43270666667,409925.55326666654
Sint-Michielsgestel,Verspreide huizen Genenberg,153522.1481705882,405506.9794588236
Sint-Michielsgestel,Verspreide huizen Heikantse Hoeve,158613.1509381443,409677.6963505155
Sint-Michielsgestel,Verspreide huizen Maaskantje,152899.18073076915,408031.3555192307
Sint-Michielsgestel,Verspreide huizen Middelrode,157133.46932638885,408801.747
Sint-Michielsgestel,Verspreide huizen Poeldonk,153977.98461038954,409593.72557142854
Sint-Michielsgestel,Verspreide huizen Sint-Michielsgestelse polders,151711.95213076923,407419.93616923084
Sint-Michielsgestel,Verspreide huizen Spurk en 't Woud,154885.0562281554,407576.066932039
Sint-Michielsgestel,Verspreide huizen Theereheide en Zegenwerp,151222.5727936508,405480.6505238095
Sint-Michielsgestel,Verspreide huizen ten noorden van Berlicum,156603.60842857143,411049.72656873317
Sint-Michielsgestel,Verspreide huizen ten oosten van Gemonde,154178.23825806446,403432.60212258063
Sint-Michielsgestel,Verspreide huizen ten westen van Gemonde,152530.92363698632,402667.833691781
Sint-Michielsgestel,Westakkers,156475.29623841066,409286.4649337749
Sint-Michielsgestel,Westerbroek en Beekveld,155680.09289678477,409685.925671192
Sittard-Geleen,Baandert,189208.48309465373,335037.8616565391
Sittard-Geleen,Born,184409.51776708066,338030.9880722051
Sittard-Geleen,Broeksittard,190402.20515248374,335013.286351664
Sittard-Geleen,Buchten,184694.2819059465,339273.79411696707
Sittard-Geleen,Einighausen,185894.1133487093,334607.1186256568
Sittard-Geleen,Geleen-Centrum,185658.02718914958,330980.77691251214
Sittard-Geleen,Geleen-Noord,186317.12881671093,331959.2019859717
Sittard-Geleen,Geleen-Zuid,186010.71271423536,329621.3142727113
Sittard-Geleen,Graetheide,183464.21301754384,336721.26798245613
Sittard-Geleen,Grevenbicht,182113.63857649095,339014.05984874675
Sittard-Geleen,Guttecoven,185298.21357809365,336184.9074819267
Sittard-Geleen,Holtum,185441.10106718147,339882.96526154695
Sittard-Geleen,Hondsbroek,185023.1710838814,338461.8779516981
Sittard-Geleen,Industriegebied,184585.59654108714,339902.3760083291
Sittard-Geleen,Industriegebied D.S.M. en Graetheide,183798.72182857138,331696.47562857147
Sittard-Geleen,Industrieterrein Bergerweg-Rosengarten,187197.30259740257,334421.0677064935
Sittard-Geleen,Industrieterrein Noord,188643.1118555556,336703.75159999996
Sittard-Geleen,Kemperkoul,190707.81452532613,334195.26121866144
Sittard-Geleen,Kluis,185981.7987672447,330357.020461657
Sittard-Geleen,Kollenberg-Park Leyenbroek,188842.30704316762,333452.0519672941
Sittard-Geleen,Limbricht,186617.94446790515,335893.181757244
Sittard-Geleen,Limbrichterveld,187823.1015564517,335615.78450694104
Sittard-Geleen,Lindenheuvel,185364.25808413464,332716.8705303721
Sittard-Geleen,Munstergeleen,188499.03117194268,331770.82990960195
Sittard-Geleen,Obbicht,182664.4246184009,337673.50898073503
Sittard-Geleen,Omgeving Limbrichterbos-Wolfrath,186706.64917857145,338306.0655
Sittard-Geleen,Omgeving Schwienswei,189817.5476469291,335693.054825312
Sittard-Geleen,Omgeving Watersley,189380.37354225354,333824.1356830987
Sittard-Geleen,Ophoven,188018.54869390873,333599.7139744198
Sittard-Geleen,Oud-Geleen en Haesselderveld,186892.40318933662,331447.0101153178
Sittard-Geleen,Overhoven,188670.29999888453,335504.2649102063
Sittard-Geleen,Papenhoven,182792.5562820239,339195.31369400246
Sittard-Geleen,Sanderbout,187381.97293851944,333371.3018724161
Sittard-Geleen,Sittard-Centrum,188650.58807463685,334505.99055812403
Sittard-Geleen,Stadbroek,189742.92796922024,334905.7324131327
Sittard-Geleen,Vrangendael,189844.78455708156,334420.109623176
Sittard-Geleen,Wintraak,190099.26440000004,331561.59261818184
Sliedrecht,Baanhoek-Bedrijven,110100.67494642858,426446.0086964286
Sliedrecht,Baanhoek-Oost,110979.68097575758,426337.78024242446
Sliedrecht,Baanhoek-West,110290.78161221808,426881.1979362556
Sliedrecht,Bedrijventerrein Het Plaatje,111573.97228571428,426236.6111428571
Sliedrecht,Bedrijventerrein Kerkerak,112097.49078723408,425857.7275957446
Sliedrecht,Bedrijventerrein Nijverwaard,112068.68998944458,427071.12923416885
Sliedrecht,Bedrijventerrein Noordoost-Kwadrant,114422.58371518993,426623.2530822786
Sliedrecht,Bedrijventerrein Stationspark,112933.24605633809,426848.77539436636
Sliedrecht,Benedenveer,110892.13629139074,426556.9460728481
Sliedrecht,Buitenuitbreiding-Oost,112606.18594642852,425672.48712023813
Sliedrecht,Buitenuitbreiding-West,112233.68400000012,426127.5426395757
Sliedrecht,De Grienden,114388.36972487433,426101.04790452245
Sliedrecht,De Hoven,111711.69034055731,426539.0207120743
Sliedrecht,De Weren,111072.01891320298,426848.4997628371
Sliedrecht,Het Buitengebied,113222.26770588235,427486.5395000001
Sliedrecht,Kerkbuurt-Oost,112720.71308988753,425892.1448913866
Sliedrecht,Kerkbuurt-West,112335.91821354152,426258.0691458332
Sliedrecht,Lintbebouwing-West,111466.45999999999,428565.055
Sliedrecht,Middenveer,113314.99865742578,425685.36616633664
Sliedrecht,Molendijk,111788.73714720811,426391.3379644669
Sliedrecht,Prickwaert en Weresteijn,111754.79943561641,426751.67278356175
Sliedrecht,Rivierdijk-Midden,113946.84168421058,425719.83615789475
Sliedrecht,Rivierdijk-Oost,114633.96479861117,425858.4928333332
Sliedrecht,Rivierdijk-West,113383.61749579826,425543.70718067075
Sliedrecht,Rivierenbuurt-Noord,112431.50667903558,426610.8471799641
Sliedrecht,Rivierenbuurt-Zuid,112378.43901670196,426429.6785782894
Sliedrecht,Sportpark,113960.40999999999,426759.1533333333
Sliedrecht,Staatsliedenbuurt,113147.18260152257,426443.1622182745
Sliedrecht,Stationsweg,112673.30083916082,426452.3532167831
Sliedrecht,Vogelbuurt-Noord,113777.13574002306,426374.0699988588
Sliedrecht,Vogelbuurt-Zuid,113650.3497831908,425979.220383258
Sliedrecht,Winklerplein-Noord,113095.00412931886,426146.7364225076
Sliedrecht,Winklerplein-Zuid,112906.01950638958,425968.18375079875
Sluis,Aardenburg,19397.775372331354,366640.13956105895
Sluis,Breskens,27663.999446774196,379945.72116009466
Sluis,Cadzand,17180.61585561498,377351.0027433156
Sluis,Cadzand-Bad,16153.718298369564,378484.3988353258
Sluis,Eede,19415.497892255888,363701.96932323225
Sluis,Groede,24054.92369413919,378355.72161721595
Sluis,Hoofdplaat,34754.30599390243,377115.84100609727
Sluis,IJzendijke,31550.807254476884,371681.4290018847
Sluis,Nieuwvliet,21540.682867924545,377720.3914830189
Sluis,Nieuwvliet-Bad-Oost en -West,20142.98223712947,379264.4246224647
Sluis,Nummer Eén en omgeving,30529.36208411215,378101.234
Sluis,Oostburg,22944.61653700902,372590.81060309714
Sluis,Overige verspreide huizen Hoofdplaat,34060.572621212115,376501.61239393934
Sluis,Retranchement,15532.217093137257,375031.9819901964
Sluis,Schoondijke,27339.027555027267,375545.1389969319
Sluis,Sint Anna ter Muiden,13988.266239999999,371426.05864
Sluis,Sint Kruis,23161.321417910454,366514.1274776118
Sluis,Sluis,15553.82022439028,370763.79075122013
Sluis,Verspreide huizen Aardenburg,20549.718079136946,368007.3450361541
Sluis,Verspreide huizen Breskens,26462.913928462676,380449.0690776252
Sluis,Verspreide huizen Cadzand,16260.081505681812,377762.9137121212
Sluis,Verspreide huizen Eede,20707.27851363636,364001.137868182
Sluis,Verspreide huizen Groede,24253.753573584916,378450.98629433947
Sluis,Verspreide huizen IJzendijke,32800.70092187501,371571.4800281251
Sluis,Verspreide huizen Nieuwvliet,20309.59861679224,378636.9217072125
Sluis,Verspreide huizen Nummer Eén en Slijkplaat,30663.776783783782,377070.20410810807
Sluis,Verspreide huizen Oostburg,23055.32150177938,372498.07374733087
Sluis,Verspreide huizen Retranchement,15411.682097560979,376344.4577536585
Sluis,Verspreide huizen Schoondijke,27139.66740449438,375410.9155056181
Sluis,Verspreide huizen Sint Kruis,23317.45393103448,366355.9098448276
Sluis,Verspreide huizen Sluis,16044.036887537994,369327.9535471123
Sluis,Verspreide huizen Waterlandkerkje,27722.356034722223,370908.2391458333
Sluis,Verspreide huizen Zuidzande,19560.630178861786,374263.47539024375
Sluis,Waterlandkerkje,27244.95460126582,371409.27148734155
Sluis,Zuidzande,20150.524562500003,374215.86359210487
Smallingerland,Bedrijvenpark,205168.45953225798,569376.3348709678
Smallingerland,Boornbergum,199014.54854701972,566722.9291695365
Smallingerland,Buitengebied Drachten,200870.21512845586,568277.0932863058
Smallingerland,Burmaniapark,201518.89358870964,571226.5911021506
Smallingerland,Centrum,202604.67966004374,569036.9872509202
Smallingerland,De Bouwen,203009.98451624456,568483.183902022
Smallingerland,De Drait,200884.19449284518,568206.6481012232
Smallingerland,De Folgeren,201763.3870790988,570544.9490381997
Smallingerland,De Haven,200673.62181750973,569882.8250184959
Smallingerland,De Singels,202112.92304278744,568380.1773418618
Smallingerland,De Swetten,201990.44837096767,569790.7568523291
Smallingerland,De Tike,198307.31272180448,574022.3435789472
Smallingerland,De Trisken,199719.97698291743,567767.2382654401
Smallingerland,De Veenhoop,193299.0537554426,567545.6117395699
Smallingerland,De Venen,203772.94430477486,568704.8529890226
Smallingerland,De Wiken,203670.09122702165,569727.4581300812
Smallingerland,De Wiken-Oost,204374.59109615406,569234.2465521976
Smallingerland,De Wilgen,198305.8359362415,568382.7732550333
Smallingerland,Drachtstercompagnie,205638.7440727554,571648.5120030956
Smallingerland,Fennepark,202541.39163868615,570953.7836441606
Smallingerland,Goëngahuizen,189348.6235440449,566886.8935211943
Smallingerland,Himsterhout,200526.1157313238,567075.7093197906
Smallingerland,Houtigehage,205535.09959749988,574146.5959624999
Smallingerland,Kortehemmen,200692.55281481482,566261.4151666668
Smallingerland,Nijega,197941.90839690706,572433.16285567
Smallingerland,Noordoost,202904.1189631579,569860.8727541346
Smallingerland,Opeinde,199968.0547857147,571977.7910256068
Smallingerland,Oudega,195420.57718397965,570960.5275532345
Smallingerland,Rottevalle,202920.25522884022,573417.1107225709
Smallingerland,Smalle Ee,197331.70145000002,568697.63975
Smallingerland,Vrijburg,201926.99281608546,571737.1050629871
Soest,'t Hart,147639.39374994207,466107.9422236654
Soest,Boerenstreek,147068.8056477541,465088.19770567404
Soest,De Birkt,151238.09732407413,464086.98427777784
Soest,De Eng,149012.25685951393,465567.98990219296
Soest,De Eng Noord West,148580.26046022723,465290.27712499996
Soest,De Eng Zuid,148972.47161643833,464402.02576712315
Soest,De Grachten,146698.55083490562,465466.2763915095
Soest,De Zoom,147601.64414965155,464382.6744621046
Soest,Duinen Gebied,150494.0100286738,462808.73010394274
Soest,Eemgebied,149929.10249180326,465824.7191803279
Soest,Hees,147940.84673611118,463646.29265972227
Soest,Het Soesterveen,146344.90029761905,464798.5985714284
Soest,Industrieterrein Soest,147267.71799328868,465744.3627879201
Soest,Klaarwater,147949.72749917177,465169.9723059086
Soest,Klein Engendaal,148403.32950170647,463887.8920750853
Soest,Klein Engendaal Noord,148692.08394230768,464145.4383269234
Soest,Leusderheide,150286.74578795192,459861.80868433736
Soest,Paltz,148042.01359154936,461409.2060563381
Soest,Pijnenburg,145592.08626086958,464685.57186956523
Soest,Smitsveen,148390.13083824702,464624.9175904389
Soest,Soest Midden,149501.55033688873,465558.7964160003
Soest,Soest Zuid,149543.92891346136,463851.3731943112
Soest,Soestdijk,148407.45531438867,466539.73157158215
Soest,Soestduinen,148947.91156250006,462109.78935000004
Soest,Soesterberg Kom,147883.8113879889,458764.422598188
Soest,Soesterberg Noord,147667.37104923077,459517.85852
Soest,Soesterberg Oost,148743.5937534806,458886.9580180184
Soest,Vlasakkers,149079.355375,461616.094
Soest,Wieksloot,147190.29016666664,463953.52906060603
Someren,Lierop,175505.94565987468,381107.7559263323
Someren,Someren,177704.2239616875,377255.32801241404
Someren,Someren-Eind,179063.8632005324,374372.50333230017
Someren,Somerense Heide,176697.27660139868,373335.6583461537
Someren,Verspreide huizen Diepenhoek,178364.39190434787,373084.98270869575
Someren,Verspreide huizen Hersel,174832.53583333327,382862.90286956524
Someren,Verspreide huizen Hoeven,176092.89519428572,376725.72634857136
Someren,Verspreide huizen Lungendonk,174821.30774358974,384939.04217948724
Someren,Verspreide huizen Meerven,175279.54630357152,380323.88675
Someren,Verspreide huizen Slieven,177866.651730461,378140.4059922927
Someren,Verspreide huizen Sluis 12/13,180284.44436363634,373159.63039393944
Someren,Verspreide huizen Somerense Heide,175745.62081114558,373630.279616099
Son en Breugel,'t Eigen en Hoogstraat,163630.4963925061,392322.1810079852
Son en Breugel,'t Zand,161309.72342989396,391022.58522563323
Son en Breugel,Breugel,163479.9764253731,391716.98344962706
Son en Breugel,De Gentiaan,161496.9941802999,392948.25597721094
Son en Breugel,Industrieterrein Ekkersrijt,161037.192626033,390163.80878305796
Son en Breugel,Son,162246.7729800631,391455.0068709336
Son en Breugel,Verspreide huizen Breugel,164793.2128830341,391727.35119811114
Son en Breugel,Verspreide huizen Son,161601.41987702705,393511.4262189189
Stadskanaal,Alteveer,263059.5506586534,563800.1077692289
Stadskanaal,Alteveer Buitengebied,263439.81992982456,562951.5645701757
Stadskanaal,Ceresdorp,261691.1522748811,554197.330836491
Stadskanaal,De Hagen,260978.01493030737,556418.017022691
Stadskanaal,Dideldom,261198.63271020597,555086.9176227739
Stadskanaal,Holte,266454.7549411764,564590.809
Stadskanaal,Industriegebied Vleddermond,261732.38456220084,555636.4949186586
Stadskanaal,Kopstukken,267478.26765573764,553694.2913934429
Stadskanaal,Maarsstee,260763.13428057524,556833.9685309374
Stadskanaal,Maarsveld,261145.9614950698,557889.818733065
Stadskanaal,Maarswold,260241.54642506153,557395.7094578216
Stadskanaal,Mussel,266064.4834053393,553612.8825218425
Stadskanaal,Mussel Buitengebied,266497.0497192981,553503.6106666669
Stadskanaal,Musselkanaal Centrum,264470.90934963746,550766.7934729386
Stadskanaal,Musselkanaal Noord,263144.93927210785,552269.3934030614
Stadskanaal,Musselkanaal Zuid,264982.5935767996,550199.4728131772
Stadskanaal,Onstwedde,265810.82381799497,562327.1790255654
Stadskanaal,Onstwedde Buitengebied Noord,267243.2475446428,563368.4159821431
Stadskanaal,Onstwedde Buitengebied Zuid,265638.47276419215,559993.4092882083
Stadskanaal,Parkwijk,260009.30849737013,556511.108726842
Stadskanaal,Stadskanaal Centrum,260154.68582877837,556874.4458400314
Stadskanaal,Stadskanaal Noord,256761.08606615738,560244.3046819317
Stadskanaal,Stadskanaal Noord Centrum,258889.86397489332,558245.7654715946
Stadskanaal,Stadskanaal Noord Landskant,257314.29422041736,559475.2538654271
Stadskanaal,Vledderveen,264055.75242975214,556054.6960082648
Stadskanaal,Vogelwijk en De Borgen,261668.55182443387,556721.9938343909
Stadskanaal,Waterland,259839.9758039645,557831.685999998
Staphorst,De Slagen,211346.54216161623,516940.416171717
Staphorst,IJhorst,216154.5889346734,519492.9886532666
Staphorst,Industrieterrein Staphorst,211636.23228947376,517107.94274210505
Staphorst,Rouveen Streek-Noord,208991.5620072815,515842.73533980525
Staphorst,Rouveen Streek-Zuid,209612.07654393237,513192.07336146326
Staphorst,Rouveen kern,208720.573346087,514535.1866156521
Staphorst,Staphorst plan-Oost,210737.46097641517,518062.2872971693
Staphorst,Staphorst plan-West,210232.74858695653,517735.0350289855
Staphorst,Staphorst streek-Oost,211568.26404370187,518530.2842904887
Staphorst,Staphorst streek-West,209664.15658126705,517151.35494490404
Staphorst,Staphorst-Noord,210475.52017006872,518396.12999397464
Staphorst,Staphorst-Zuid,210907.92979285136,517338.23751015426
Staphorst,Verspreide huizen Berger Achthoven en omgeving,211120.0103235295,515919.62955882336
Staphorst,Verspreide huizen Bisschops- en Munnikenslag,211525.5408636364,514291.0785454547
Staphorst,Verspreide huizen Dedemsvaart,210789.4448823529,511458.41494117654
Staphorst,Verspreide huizen Geerenland,207426.20561538465,516228.36007692316
Staphorst,Verspreide huizen Heidehoogten,209321.89418965514,518580.8453275863
Staphorst,Verspreide huizen IJhorst,216677.8726435644,519084.2384851483
Staphorst,Verspreide huizen Lankhorst,212281.60845,520620.1830555557
Staphorst,Verspreide huizen Leyen,212494.98784285717,518328.0243928571
Staphorst,Verspreide huizen Oldmaten,206743.07195061725,514324.9171975309
Staphorst,Verspreide huizen Punthorst,214530.3212048517,513439.61316981114
Staphorst,Verspreide huizen Rechterensweg en omgeving,207896.68419323678,520660.83155555546
Staphorst,Verspreide huizen Zwartewatersklooster en Holtrust,204372.72707407404,512910.1728888888
Stede Broec,Bovenkarspel-Centrum,145361.2964254808,523383.300061699
Stede Broec,Broekerhaven,145945.98278857142,522712.3764
Stede Broec,Centrum Grootebroek,143851.48209453656,523527.51950736286
Stede Broec,Kloosterhof en Oostersluis,144074.41809438396,522504.77678480436
Stede Broec,Lutjebroek,142665.06134054044,523429.4652021621
Stede Broec,Plan Zuid en Princenhof,145256.5150329757,522615.1388601502
Stede Broec,Rozeboom,145066.5181003168,523710.2438986273
Steenbergen,Boompjesdijk,80918.611875,404025.51175
Steenbergen,De Heen,77706.99165573771,402736.5858688524
Steenbergen,Dinteloord,84554.50303803511,405642.0125307129
Steenbergen,Graaf Hendrik- en Triangelpolder,82976.09517948718,401156.80007692304
Steenbergen,Heense polders,76769.35123287671,402800.0744931507
Steenbergen,Het Oudland,81442.02772881355,397796.40339830506
Steenbergen,Industrieterrein Reinierpolder,79893.7426111111,400883.46719444444
Steenbergen,Kruisland,87187.6026202381,398312.57664285705
Steenbergen,Kruislandse polders,86399.1038832685,398228.3561789884
Steenbergen,Nieuw-Vossemeer,74027.7628545743,400800.636965118
Steenbergen,Steenbergen-Centrum,80891.28884869193,400253.68166048045
Steenbergen,Steenbergen-Noord,81363.06629320236,400854.6814823913
Steenbergen,Steenbergen-Zuid,80721.06602401286,399257.63140299916
Steenbergen,Verspreide huizen in het Oosten,86415.23487499998,403638.1032291667
Steenbergen,Verspreide huizen in het Westen,81621.59098795181,404674.63575903623
Steenbergen,Verspreide huizen waaronder Pelsendijk en Rolaf,74547.29731527093,400296.160142857
Steenbergen,Welberg,81905.8668356998,399231.9888580123
Steenbergen,Westelijke polders,78418.08530847456,400115.8295525425
Steenwijkerland,Baarlo,192901.46827272724,527888.9324090909
Steenwijkerland,Baars,202869.91608695654,536590.0448478261
Steenwijkerland,Basse,198583.4631081081,535473.1745405406
Steenwijkerland,Belt-Schutsloot,200693.72017050692,520568.3086313364
Steenwijkerland,Blauwehand,201335.8722039707,523066.8395298014
Steenwijkerland,Blokzijl,193862.9532655007,526682.8582130367
Steenwijkerland,Buitengebied Basse,198517.3234210526,535625.7417763157
Steenwijkerland,Buitengebied Belt Schutsloot,200486.36608745297,520664.16267612134
Steenwijkerland,Buitengebied Blankenham,187879.20984615386,533693.4972307693
Steenwijkerland,Buitengebied Eesveen,205041.01004615385,537735.4161923077
Steenwijkerland,Buitengebied Kallenkote,207886.0660625,534931.443
Steenwijkerland,Buitengebied Onna,207218.72659090906,532212.0254090909
Steenwijkerland,Buitengebied Ossenzijl,191414.02165476186,535658.2144761904
Steenwijkerland,Buitengebied Steenwijk,206828.17038461537,532837.7714615385
Steenwijkerland,Buitengebied Steenwijkerwold,200365.30399999997,534386.3695890412
Steenwijkerland,Buitengebied Tuk,202402.77319354838,534597.3186451613
Steenwijkerland,Buitengebied Wanneperveen,203257.13513339407,523364.73465700255
Steenwijkerland,Buitengebied Willemsoord,201233.6611714286,538279.694847619
Steenwijkerland,Buitengebied Witte Paarden,201437.4295,535968.9596666667
Steenwijkerland,Buitengebied Zuidveen,204977.44924999998,531524.1849166667
Steenwijkerland,Centrum Steenwijk,204153.07018015656,533564.8517036557
Steenwijkerland,Clingenborgh,204472.9781744993,533106.2611725975
Steenwijkerland,De Boterberg,193955.1568388424,537591.8203587648
Steenwijkerland,De Bult,204398.55643396536,536535.3110352353
Steenwijkerland,De Pol,201822.75654334776,537590.1269432714
Steenwijkerland,De gagels,205667.53625945945,533437.7886670271
Steenwijkerland,Dijkdorp Blankenham,189651.91611111115,530967.8492839508
Steenwijkerland,Dinxterveen,205559.6148793104,524621.2828362067
Steenwijkerland,Dolderkanaal,202935.04604524872,533787.506199095
Steenwijkerland,Dwarsgracht,198984.40301607604,526460.4143832311
Steenwijkerland,Eeserwold,205613.80211111112,535543.9295
Steenwijkerland,Eesveen,205805.12430379746,537685.49078481
Steenwijkerland,Giethoorn-Noord kern,201768.95709890107,528217.9738324175
Steenwijkerland,Giethoorn-Zuid,202087.6126772069,526236.7361277654
Steenwijkerland,Groot Verlaat,202606.2050876289,532760.2493298968
Steenwijkerland,Heetveld,197256.50195394733,519779.16729605256
Steenwijkerland,IJsselham,193630.95483333332,536110.4401333333
Steenwijkerland,Kalenberg,193329.5786224328,532297.2824139197
Steenwijkerland,Kallenkote,207668.65895495494,534332.4622702702
Steenwijkerland,Kerkbuurt,189379.32020895524,530932.8755373135
Steenwijkerland,Klosse,204770.4284285714,528166.4489999999
Steenwijkerland,Kuinre,185683.50086533662,533559.1456284289
Steenwijkerland,Marijenkampen,200191.62055555554,536648.9194285714
Steenwijkerland,Meentherand,204772.04217391304,534778.8711304349
Steenwijkerland,Moespot-Leeuwte,194074.34382500002,522680.08395
Steenwijkerland,Nederland,193960.54545454544,529768.4545454546
Steenwijkerland,Nieuwe gagels,206159.73903100775,533962.0077658914
Steenwijkerland,Oldemarkt,194618.27539115638,537190.4875688776
Steenwijkerland,Onna,206254.94338461538,532155.305423077
Steenwijkerland,Oostermeenthe,205100.65358051567,534305.4523856279
Steenwijkerland,"Oostwijken, De Beitel",204733.70292576883,533494.2207751854
Steenwijkerland,Ossenzijl,190853.20892783493,535771.0093324742
Steenwijkerland,Overig Giethoorn-Noord,202027.32145543947,529229.9028446904
Steenwijkerland,Paasloo,196593.68519257978,536315.2962212226
Steenwijkerland,Paddenpoel en Kornputkwartier,206558.79641239345,533013.2220021372
Steenwijkerland,Roekebos,205625.556,525974.5300714286
Steenwijkerland,Ronduite,199406.5335,522477.8208928571
Steenwijkerland,Schaarkampen,194389.32246551718,521674.37765517255
Steenwijkerland,Scheepsdiep,193059.64014285716,526144.2019999999
Steenwijkerland,Scheerwolde,197373.11829885052,530157.1004712643
Steenwijkerland,Sint Jansklooster,196725.02816370112,521338.6324893239
Steenwijkerland,Steenwijk West,203660.62275845528,533111.623933974
Steenwijkerland,Steenwijkerdiep,203442.83725906743,533601.3507435236
Steenwijkerland,Steenwijkerwold,200535.49850452485,535365.8985
Steenwijkerland,Torenlanden,203995.12959523805,533792.9208079366
Steenwijkerland,Tuk,202669.63883333307,534740.6325344444
Steenwijkerland,Tussen Sint Jans Klooster en Heetveld,197325.8795294118,520631.47936470585
Steenwijkerland,Verspreide huizen Barsbeek,197767.64543548386,519133.29337096773
Steenwijkerland,Verspreide huizen Giethoorn-Noord,200782.0715625,529717.7069583335
Steenwijkerland,Verspreide huizen Jonen,197585.57145454548,525945.0920909091
Steenwijkerland,Verspreide huizen Kadoelen en omgeving,196493.88217499998,519842.10612499993
Steenwijkerland,Verspreide huizen Kalenberg,194194.74776923077,533784.403
Steenwijkerland,Verspreide huizen Kuinre,184310.1156060606,534881.4786666667
Steenwijkerland,Verspreide huizen Leeuwte (gedeeltelijk),195729.48672815532,522488.1007572815
Steenwijkerland,Verspreide huizen Lindedijk en Rondebroek,186705.87273076922,534869.6518076924
Steenwijkerland,Verspreide huizen Oldemarkt,193539.86206060607,537287.8785151517
Steenwijkerland,Verspreide huizen Scheerwolde en Wetering,197920.66924074074,530350.2747407408
Steenwijkerland,Verspreide huizen Sint Jansklooster,195579.30375000002,521282.7188
Steenwijkerland,Verspreide huizen Vollenhove,195279.85047761197,519853.16641791054
Steenwijkerland,Verspreide huizen Zomerdijk,205327.28913793102,521386.7940689655
Steenwijkerland,Verspreide huizen polder Gelderingen IJsselham,198414.2940882353,532982.3224705883
Steenwijkerland,Verspreide huizen polder Giethoorn-Zuid,200931.34430011365,525984.4747163927
Steenwijkerland,Verspreide huizen polder Halfweg,197950.0594,528716.3465333334
Steenwijkerland,Verspreide huizen ten noorden van Blokzijl,194220.21638364714,527263.4766127709
Steenwijkerland,Verspreide huizen ten zuiden van Blokzijl,194927.33027692308,525770.6691846154
Steenwijkerland,Vollenhove,193368.43709807753,521438.68266151083
Steenwijkerland,Wanneperveen,204606.00694019135,524357.7770382776
Steenwijkerland,Wetering,195750.18111196955,530736.0497306086
Steenwijkerland,Willemsoord,200212.0708754579,537593.3168827841
Steenwijkerland,Witte Paarden,201704.93603846157,535976.6428076923
Steenwijkerland,Woldmeenthe,204309.42320570265,534426.6034399185
Steenwijkerland,Zuidveen,203827.28611610483,532442.1803370788
Stein,Berg,181995.1407987421,334979.7911425577
Stein,Catsop,181735.74027203067,327965.93434865895
Stein,Centrum,181872.5854675741,331027.19364371506
Stein,Elsloo,182003.78003858202,328953.5033234271
Stein,Kerensheide,182055.66534733743,331800.05933515995
Stein,Kleine Meers en Veldschuur,180161.7497815126,330664.50047899166
Stein,Maasband,179727.74453125,331852.45221874997
Stein,Meers,179846.66968372095,330385.240555814
Stein,Nattenhoven,182215.04024657534,335850.76379452046
Stein,Nieuwdorp,182023.88162087675,330256.20739518804
Stein,Oud-Stein,181333.3328875669,331112.96523259976
Stein,Urmond ten oosten van Julianakanaal,182224.89861979446,333564.4705542701
Stein,Urmond ten westen van Julianakanaal,181585.7960777311,333591.97252731083
Stichtse Vecht,Angstelkade,128305.82909090909,468356.3894545455
Stichtse Vecht,Antilopespoor,130781.63629987596,460574.14083271375
Stichtse Vecht,Begraafplaats Maarssen,130524.371,461789.107
Stichtse Vecht,Bethunepolder-Noord,133185.4770483871,463764.61800000013
Stichtse Vecht,Bethunepolder-zuid,131926.6151111111,462434.3044248368
Stichtse Vecht,Bisonspoor,130499.97802183386,460869.88794541534
Stichtse Vecht,Bloemstede,130687.72584417346,459941.3697642278
Stichtse Vecht,Boomstede,130509.85027705628,459507.3001890333
Stichtse Vecht,Breukelen Midden,128404.31525990446,465185.04849128023
Stichtse Vecht,Breukelen Noord,128482.34191896413,465963.7580226029
Stichtse Vecht,Breukelen Zuid,128575.66730691468,464727.2908109619
Stichtse Vecht,Broeckland,128668.80323404264,464321.44271714624
Stichtse Vecht,Centrum ten noorden van de Vecht,131319.66365163928,461520.8217377046
Stichtse Vecht,Centrum ten zuiden van de Vecht,131244.71538240567,461315.2365996413
Stichtse Vecht,Componistenbuurt,131493.62152941816,460898.6047233802
Stichtse Vecht,Corridor,127971.274476415,464961.7442452826
Stichtse Vecht,Cronenburgh,129554.16080952382,469039.9527878786
Stichtse Vecht,Driehoven,129864.45356607126,469189.63542857114
Stichtse Vecht,Duivenkamp,130342.0285987262,460460.0122717625
Stichtse Vecht,Fazantenkamp,129924.2927031251,460226.2800208338
Stichtse Vecht,Friezenbuurt,131506.82350230406,460565.90588018455
Stichtse Vecht,Groenlust,125461.14506550225,462564.3337554586
Stichtse Vecht,Hoefijzer,130261.18565755119,469542.781304972
Stichtse Vecht,Hoeker Polder,131094.64989113144,472426.2506062622
Stichtse Vecht,Hogebrug,131230.34857095723,460785.9579174916
Stichtse Vecht,Industrieterrein Maarssenbroek,131125.34889312988,459960.9464771002
Stichtse Vecht,Kamelenspoor,130197.34277500003,461133.92094464274
Stichtse Vecht,Kanaalzone Noord Breukelen,128234.8,466920.6133333333
Stichtse Vecht,Kanaalzone sector Nieuwersluis,128600.922426115,467998.34521650296
Stichtse Vecht,Kerklaan,129130.63575,470443.8956805554
Stichtse Vecht,Kievitsbuurt,130899.24250712835,465327.4864690554
Stichtse Vecht,Kockengen Dorp,125164.62975334324,462375.1715869243
Stichtse Vecht,Landgoed Nijenrode,128766.43894938723,463628.9949141121
Stichtse Vecht,Lanenkwartier,131152.6975672269,461990.9622605038
Stichtse Vecht,Loenen Dorpskern,130088.289782258,469046.9002419354
Stichtse Vecht,Loenersloot Binnenweg,128703.7981612903,470863.1805161291
Stichtse Vecht,Loenersloot Dorp,128600.98271523177,471395.111940397
Stichtse Vecht,Maarsseveen,133773.4723759214,461294.10530712537
Stichtse Vecht,Mijnden,130056.24298148145,468426.86107407423
Stichtse Vecht,Molenpolder,134932.741372093,461688.0048962435
Stichtse Vecht,Nieuwer Ter Aa,127187.81912041892,467060.6108638743
Stichtse Vecht,Nieuwersluis,129094.28958979552,467637.4428009049
Stichtse Vecht,Nigtevecht Dorp,130499.03698351652,476365.4968846157
Stichtse Vecht,Nigtevecht Garsten,130090.80632216575,476034.7537247339
Stichtse Vecht,Omgeving Goudestein,131010.01640540548,461691.0298513512
Stichtse Vecht,Op Buuren,132421.12074252174,460042.0029785818
Stichtse Vecht,Otterspoorbroek,130265.40444167309,462186.4072623317
Stichtse Vecht,Oud-Zuilen,133120.67792094863,460097.66653359705
Stichtse Vecht,Oudover,130382.01085896134,469119.6040163817
Stichtse Vecht,Park Vechtenstein,131702.374,461110.037
Stichtse Vecht,Pauwenkamp,129938.30222516558,460913.81801986747
Stichtse Vecht,Polder Aetsveld,131768.39667399283,477067.38094239944
Stichtse Vecht,Polder Angstelkade,128039.70772727272,468754.2907272727
Stichtse Vecht,Polder Breukelen Proosdij,129370.14914804172,464597.3619293879
Stichtse Vecht,Polder Breukelerwaard,127326.44831046024,465133.76081693417
Stichtse Vecht,Polder Dorssewaard,131443.6151269947,472188.34963538084
Stichtse Vecht,Polder Garsten,129422.26571875003,472520.81615625
Stichtse Vecht,Polder Garsten Noord,130538.8071094416,474872.2183848424
Stichtse Vecht,Polder Groot Oud Aa,124963.98638509387,464754.28555121354
Stichtse Vecht,Polder Het Honderd,128872.76988509842,467070.2181462687
Stichtse Vecht,Polder Holland,129647.13343752947,469435.4263355785
Stichtse Vecht,Polder Klein Oud Aa,126902.63232692306,465374.3232500001
Stichtse Vecht,Polder Kockengen,125357.13853304573,461478.3323096962
Stichtse Vecht,Polder Kortrijk,127683.40977966107,463385.70669491513
Stichtse Vecht,Polder Mijnden,129370.32051554245,467265.71198556945
Stichtse Vecht,Polder Nijenrode,129728.46708333338,462951.9388500001
Stichtse Vecht,Polder Oud Over,130731.80306239687,469933.4684210814
Stichtse Vecht,Polder Oukoop,126931.66995666426,468553.5287963435
Stichtse Vecht,Polder Portengen,126618.39288775505,461527.8144183673
Stichtse Vecht,Polder Spengen,123143.55996774191,463368.7656935484
Stichtse Vecht,Polder Sticht,129493.60463955598,468009.0776474666
Stichtse Vecht,Poldergebied Loenersloot,128350.29260118297,470795.8071449206
Stichtse Vecht,Portengense Brug,125744.32368617158,463708.22845379374
Stichtse Vecht,Reigerskamp,129608.63599290776,460723.7845591013
Stichtse Vecht,Reizende man,130880.40872540986,461162.3385819673
Stichtse Vecht,Rode Dorp,128050.32222222221,464724.85805555567
Stichtse Vecht,Scheendijk,130032.08186649214,465807.61519342114
Stichtse Vecht,Schilderskwartier,131450.164517347,461721.77045612247
Stichtse Vecht,Spechtenkamp,129672.4017060185,461288.37115740706
Stichtse Vecht,Staatsliedenbuurt,131778.72539628818,461812.44985262095
Stichtse Vecht,Tienhoven-Oud Maarsseveen,134314.58309589053,464219.3321095892
Stichtse Vecht,Valkenkamp,129335.36804054058,461226.39026756753
Stichtse Vecht,Verbindingswegen,130757.55494791658,460671.14152083354
Stichtse Vecht,Vierde kwadrant Kockengen,125378.76781428567,462712.09367142833
Stichtse Vecht,Vreeland,131322.631,471266.44
Stichtse Vecht,Vreeland Dorp,130683.27444155277,471460.1685350596
Stichtse Vecht,Welgelegen,125101.4779321266,462686.2619321267
Stichtse Vecht,Zandweg-Oostwaard,132025.57117905933,460989.3875675267
Stichtse Vecht,Zebraspoor,129800.77433940176,461510.04083745216
Stichtse Vecht,Zeeheldenbuurt,131386.9336205451,462249.20593920344
Stichtse Vecht,Zogwetering,131128.8349126637,462467.0615545853
Stichtse Vecht,Zwanenkamp,129340.18309777352,461770.4034724109
Sudwest-Fryslan,Abbega,167348.3644,559156.03038
Sudwest-Fryslan,Allingawier,158850.32781578944,561887.4721052629
Sudwest-Fryslan,Arum,160933.1482722892,571454.3672216868
Sudwest-Fryslan,Blauwhuis,164717.3946748252,559552.7557727272
Sudwest-Fryslan,Boazum,175660.61917721515,566886.0918164555
Sudwest-Fryslan,Bolsward binnen De Wallen,164126.27086012167,564000.847010426
Sudwest-Fryslan,Bolsward-Noord,163801.97455397752,564268.0017954551
Sudwest-Fryslan,Bolsward-Noordoost,164764.03629981095,564693.4828266714
Sudwest-Fryslan,Bolsward-Zuidoost,164628.72564681232,563731.1214362727
Sudwest-Fryslan,Bolsward-Zuidwest,163562.91877580073,563839.2112277577
Sudwest-Fryslan,Bomenbuurt,173827.39645134538,561156.5129162214
Sudwest-Fryslan,Britswert,174222.1334038461,569661.7975384615
Sudwest-Fryslan,Burgwerd,165599.84779824558,566772.3387982454
Sudwest-Fryslan,Cornwerd,155262.42382692307,566278.877653846
Sudwest-Fryslan,De Domp,174882.3990130435,560497.2395706521
Sudwest-Fryslan,De Rat-Cloosterkamp,171266.22988222228,558021.1152977778
Sudwest-Fryslan,Dearsum,177072.57904918035,566715.3093934428
Sudwest-Fryslan,Dedgum,162082.06415000005,559576.428775
Sudwest-Fryslan,Duinterpen,173597.31162013285,559067.7391026989
Sudwest-Fryslan,Easterein,170491.82426555027,567846.4401267937
Sudwest-Fryslan,Easterwierrum,178091.61815723265,569363.1055345908
Sudwest-Fryslan,Exmorra,160097.85553672313,563180.7897288137
Sudwest-Fryslan,Ferwoude,157976.24110714282,557633.8228214288
Sudwest-Fryslan,Folsgare,169573.06856617646,561151.309242647
Sudwest-Fryslan,Gaast,156559.11785416663,558847.4665416669
Sudwest-Fryslan,Gaastmeer,165534.44349056607,553052.3073333333
Sudwest-Fryslan,Gauw,176909.93320143883,563550.4481942445
Sudwest-Fryslan,Goënga,175524.49093333335,563083.1418666667
Sudwest-Fryslan,Greonterp,163897.52380952382,558897.8571428572
Sudwest-Fryslan,Hartwerd,167260.3950588235,564774.3710588235
Sudwest-Fryslan,Heeg,169891.63903436917,553659.9000979686
Sudwest-Fryslan,Heidenschap,162083.45184337345,551736.572283132
Sudwest-Fryslan,Hemdijk,171991.63790978244,560630.8483777174
Sudwest-Fryslan,Hemelum,159800.63601475998,543814.2584575645
Sudwest-Fryslan,Het Eiland,174138.4413176855,560583.660276201
Sudwest-Fryslan,Hichtum,164153.03772972972,566139.545081081
Sudwest-Fryslan,Hidaard,169435.3167777778,565652.2246000001
Sudwest-Fryslan,Hieslum,161846.4837142857,557664.2891428571
Sudwest-Fryslan,Hindeloopen,155993.4114093686,550524.9749877797
Sudwest-Fryslan,Hinnaard,171436.74975000002,569934.2679999999
Sudwest-Fryslan,Hommerts,172559.84433070867,554704.2802440946
Sudwest-Fryslan,IJpecolsga,169403.7528,549316.8088
Sudwest-Fryslan,IJsbrechtum,171268.05703621727,561548.6051569413
Sudwest-Fryslan,Idsegahuizum,154945.1352354822,562271.9597899556
Sudwest-Fryslan,Idzega,166224.98783333335,554760.9348333334
Sudwest-Fryslan,Iens,170101.30254545456,571041.0938484847
Sudwest-Fryslan,Indijk,170722.75955982972,551269.3763412171
Sudwest-Fryslan,Itens,172273.89380530972,568254.1620707962
Sudwest-Fryslan,Jutrijp,172612.7355833333,556533.5866296296
Sudwest-Fryslan,Kimswerd,158311.54724206353,572688.5779166667
Sudwest-Fryslan,Kornwerderzand,146487.21874136847,561617.0760615764
Sudwest-Fryslan,Koudum,159140.93463740087,547530.2527199378
Sudwest-Fryslan,Koufurderrige,172895.27790625,551540.441875
Sudwest-Fryslan,Kûbaard,167268.26878651683,570297.9956179776
Sudwest-Fryslan,Lemmerweg-Oost,173235.21138119747,559841.3019754051
Sudwest-Fryslan,Lemmerweg-West,172722.26585490463,559895.4918685289
Sudwest-Fryslan,Lollum,164686.5806299213,571019.1948425195
Sudwest-Fryslan,Longerhouw,161097.2872142857,564810.8016785714
Sudwest-Fryslan,Loënga,174199.07570000004,562606.2593933335
Sudwest-Fryslan,Lytsewierrum,173572.59225000002,566379.0020312499
Sudwest-Fryslan,Makkum,156218.88692185143,563479.0889417891
Sudwest-Fryslan,Molkwerum,155772.36996747967,545960.889479675
Sudwest-Fryslan,Nijezijl-Roodhem,170379.71768698058,558381.2165844879
Sudwest-Fryslan,Nijhuizum,161535.4364347826,555052.4562173914
Sudwest-Fryslan,Nijland,167636.51853665686,562646.2823695015
Sudwest-Fryslan,Noorderhoek I,173066.04998125683,561288.6197420066
Sudwest-Fryslan,Noorderhoek II,173098.53771785033,561861.208324376
Sudwest-Fryslan,Noordoosthoek,173502.27753590015,561137.0022986472
Sudwest-Fryslan,Offingawier,177111.4657141712,560376.6058040254
Sudwest-Fryslan,Omgeving Leeuwarderweg en bungalowpark,174042.74869070214,561033.601586338
Sudwest-Fryslan,Oosthem,169318.32531506856,558854.741308219
Sudwest-Fryslan,Oppenhuizen,175719.26805315254,558344.2412370172
Sudwest-Fryslan,Oud IJlst,170851.87629629628,558082.5683555555
Sudwest-Fryslan,Oudega,165938.3121264706,556263.2671588234
Sudwest-Fryslan,Parrega,161149.5165276074,558884.5181472395
Sudwest-Fryslan,Piaam,156525.78845833332,561082.7543750001
Sudwest-Fryslan,Pingjum,158502.17011600008,569893.3213279998
Sudwest-Fryslan,Poppenwier,179188.2959787234,566336.7800425533
Sudwest-Fryslan,Raerd,179888.7275878379,567997.514851351
Sudwest-Fryslan,Reahûs,171636.7050361446,565565.8677228915
Sudwest-Fryslan,Rien,173132.61774137933,567653.2890517241
Sudwest-Fryslan,Sandfirden,163836.83333333334,555696.4166666666
Sudwest-Fryslan,Scharl,156176.08017647057,541386.2808529412
Sudwest-Fryslan,Scharnegoutum,174547.6935082707,563888.5542766917
Sudwest-Fryslan,Schettens,161420.8378372093,566129.5350348839
Sudwest-Fryslan,Schraard,159357.54853333338,565929.37016
Sudwest-Fryslan,Sibrandabuorren,177336.12368711643,564527.5525705524
Sudwest-Fryslan,Smallebrugge,171686.4,552622.2
Sudwest-Fryslan,Sneek binnen de grachten,173381.1253101258,560580.4548681908
Sudwest-Fryslan,Sperkhem en industrieterrein Houkesloot,174014.69916666226,560146.6517254943
Sudwest-Fryslan,Stadsfenne,174644.40958303018,561512.8186127278
Sudwest-Fryslan,Stationsbuurt,172947.55961391295,560570.0403339121
Sudwest-Fryslan,Stavoren,153228.69243775657,543964.5544016392
Sudwest-Fryslan,Tersoal,178515.4409559748,565298.4180566036
Sudwest-Fryslan,Tinga,172374.15977249749,559253.6883791708
Sudwest-Fryslan,Tirns,171013.9326964286,563581.814375
Sudwest-Fryslan,Tjalhuizum,169974.80033333332,562385.8703333334
Sudwest-Fryslan,Tjerkwerd,162619.85228571424,561587.8781190475
Sudwest-Fryslan,Uitwellingerga,176528.7935848817,557421.4871241228
Sudwest-Fryslan,Verspreide huizen,176518.433833632,556964.4936678997
Sudwest-Fryslan,Verspreide huizen Abbega,167373.1700421624,559502.491686324
Sudwest-Fryslan,Verspreide huizen Arum,161840.33470149257,570971.9261194031
Sudwest-Fryslan,Verspreide huizen Boazum,175848.2203513514,567250.5715135137
Sudwest-Fryslan,Verspreide huizen Bolsward,163083.24194468083,564331.9766766363
Sudwest-Fryslan,Verspreide huizen Burgwerd,164993.52366666665,567105.9872666667
Sudwest-Fryslan,Verspreide huizen Easterein,170641.02338596492,567927.9326666666
Sudwest-Fryslan,Verspreide huizen Exmorra,160235.03682142854,563317.3661071428
Sudwest-Fryslan,Verspreide huizen Ferwoude,158273.96482926828,557432.8181463416
Sudwest-Fryslan,Verspreide huizen Gaast,158251.82468750002,559683.4040625001
Sudwest-Fryslan,Verspreide huizen Gaastmeer,164866.37230675897,553496.5327796752
Sudwest-Fryslan,Verspreide huizen Gauw,177254.33333333334,563591.6666666666
Sudwest-Fryslan,Verspreide huizen Goënga,176121.25908333334,563018.470125
Sudwest-Fryslan,Verspreide huizen Heeg,170266.7713728476,554081.866841598
Sudwest-Fryslan,Verspreide huizen Hemelum,160210.1827327947,543372.401609462
Sudwest-Fryslan,Verspreide huizen Hindeloopen,156697.10579069768,549773.6388604649
Sudwest-Fryslan,Verspreide huizen Hommerts,173687.84,554731.6791111111
Sudwest-Fryslan,Verspreide huizen IJlst,171481.00318750003,557755.1477916667
Sudwest-Fryslan,Verspreide huizen Jutrijp,172410.01284615384,556835.2040769231
Sudwest-Fryslan,Verspreide huizen Kimswerd,157845.61204,572655.2934999999
Sudwest-Fryslan,Verspreide huizen Koudum,159970.10769601385,546743.7520702797
Sudwest-Fryslan,Verspreide huizen Koufurderrige,172575.7809558197,551009.9013882391
Sudwest-Fryslan,Verspreide huizen Kûbaard,167094.8756666667,570575.5825833334
Sudwest-Fryslan,Verspreide huizen Lollum,164313.0156470588,571220.7209705882
Sudwest-Fryslan,Verspreide huizen Makkum,156977.2072440987,563690.679132228
Sudwest-Fryslan,Verspreide huizen Molkwerum,156450.35330107526,545051.9841075266
Sudwest-Fryslan,Verspreide huizen Nijland,168080.50442500005,562999.0746625002
Sudwest-Fryslan,Verspreide huizen Oppenhuizen,175861.75,557453.5
Sudwest-Fryslan,Verspreide huizen Oudega,166137.74675229946,555709.153906824
Sudwest-Fryslan,Verspreide huizen Parrega,160627.52432307694,558505.8657846154
Sudwest-Fryslan,Verspreide huizen Pingjum,158062.18649295776,569985.2494084507
Sudwest-Fryslan,Verspreide huizen Scharnegoutum,174048.6697076923,564114.0109230769
Sudwest-Fryslan,Verspreide huizen Schettens,161313.57033333334,565972.1074166668
Sudwest-Fryslan,Verspreide huizen Stavoren,154016.6744336735,544013.1280255103
Sudwest-Fryslan,Verspreide huizen Tirns,170991.68443478263,563948.6122173913
Sudwest-Fryslan,Verspreide huizen Tjerkwerd,162946.5967096775,561644.8521935486
Sudwest-Fryslan,Verspreide huizen Witmarsum,160688.69183783783,568324.6492972975
Sudwest-Fryslan,Verspreide huizen Wolsum,165998.4701388889,561403.7833888889
Sudwest-Fryslan,Verspreide huizen Wommels,168504.8849036145,569507.4905060241
Sudwest-Fryslan,Verspreide huizen Workum,158267.53223890436,553588.2203924486
Sudwest-Fryslan,Verspreide huizen Zurich,152577.72172727273,565999.3822363637
Sudwest-Fryslan,Verspreide huizen-Greonterp,163799.68421052632,558327.4210526316
Sudwest-Fryslan,Verspreide huizen-Oosthem,169283.57716216214,558212.608972973
Sudwest-Fryslan,Waaksens,165139.9563939394,569226.0797575758
Sudwest-Fryslan,Warns,156414.79011270992,543432.8699160672
Sudwest-Fryslan,Westhem,165746.548,558802.707117647
Sudwest-Fryslan,Witmarsum,160434.8361264132,568313.5885539572
Sudwest-Fryslan,Wiuwert,175397.88683687948,569124.6413546099
Sudwest-Fryslan,Wolsum,165619.625,561084.6666666666
Sudwest-Fryslan,Wommels,168482.45086412062,568997.7373441389
Sudwest-Fryslan,Wons,157386.79013043476,566376.4156811598
Sudwest-Fryslan,Workum,158917.36259511785,554509.4530168361
Sudwest-Fryslan,Woudsend,171243.82116204986,550605.6616011081
Sudwest-Fryslan,Zurich,155462.69647826086,569426.4172065218
Sudwest-Fryslan,Zwetteplan,173929.42236353215,562039.7320768351
Terneuzen,Binnenstad-Java,46358.0562940928,373069.2148946901
Terneuzen,Buitengebied Axel,52169.63664563112,366574.57879611664
Terneuzen,Buitengebied Biervliet,36024.05420224721,373443.99385393254
Terneuzen,Buitengebied Hoek,42576.691736585366,371068.4734219512
Terneuzen,Buitengebied Koewacht,55440.658060317495,362045.8711714285
Terneuzen,Buitengebied Overslag,51270.78005,359488.770275
Terneuzen,Buitengebied Philippine,40338.87729999999,367115.1700181819
Terneuzen,Buitengebied Sas van Gent,45081.03021343872,364780.7498458495
Terneuzen,Buitengebied Sluiskil,46401.06414516129,367753.60883870965
Terneuzen,Buitengebied Spui,49377.23657142858,368415.86585714284
Terneuzen,Buitengebied Terneuzen,49586.0622,371758.97229999996
Terneuzen,Buitengebied Westdorpe,47545.69242105263,363323.5174035089
Terneuzen,Buitengebied Zaamslag,52755.143892152024,371722.6168062582
Terneuzen,Buitengebied Zuiddorpe,49937.13374226804,360837.9164123712
Terneuzen,Driewegen,47590.26214285714,370274.90026984125
Terneuzen,Handelspoort,47730.1817892562,369588.47217355366
Terneuzen,Katspolder,48133.006238039736,371281.0661551931
Terneuzen,Kern Axel,51856.19082847569,365244.42540368845
Terneuzen,Kern Biervliet,36447.24117966577,372356.53276044584
Terneuzen,Kern Hoek,42886.926932260925,370284.1048073918
Terneuzen,Kern Koewacht,55809.69237621062,360971.45257375564
Terneuzen,Kern Overslag,50372.88709589042,358145.21998630126
Terneuzen,Kern Philippine,41370.34506743944,367236.6041074815
Terneuzen,Kern Sas van Gent,43762.947807645774,361210.7202602009
Terneuzen,Kern Sluiskil,46639.93321753883,366637.037415456
Terneuzen,Kern Spui,49650.50153947368,368697.8983157895
Terneuzen,Kern Westdorpe,46119.05016291244,361530.3906946517
Terneuzen,Kern Zaamslag,52211.88174086026,370236.8403612908
Terneuzen,Kern Zuiddorpe,51277.495296195644,361527.56459239137
Terneuzen,Lievenspolder,46676.01516731509,372403.3096038908
Terneuzen,Noorderdokken,46187.720602209905,372242.27980110503
Terneuzen,Noordpolder,47307.81191320994,372712.23518506833
Terneuzen,Othene,48860.54220176998,372197.1278241779
Terneuzen,Oude Vaart,47105.739352720484,371217.5891144467
Terneuzen,Oudelandse Hoeve,47823.367045530824,370838.61429511046
Terneuzen,Serlippenspolder,47954.86084780661,372607.9825837072
Terneuzen,Triniteit,46861.9407716838,371839.5452704079
Terneuzen,Zeldenrust,48292.982477941245,370211.34892728773
Terneuzen,Zevenaar,46913.61192682927,370502.7890081301
Terneuzen,Zuiderpark,47422.574008814954,371659.9206229185
Terneuzen,Zuidpoort,47917.661649999995,368145.0301
Terschelling,De Boschplaat,154951.75699999998,604110.363
Terschelling,Formerum,149864.50068786123,600378.3130404622
Terschelling,Hoorn,152018.8310386905,601192.5246607143
Terschelling,Koegelwieck,152106.37736035325,601729.3669724668
Terschelling,Lies,150944.76413114753,600900.7238934429
Terschelling,Midsland,148279.14780037306,599629.2776100747
Terschelling,Oosterend,154554.45853731342,602036.0194253732
Terschelling,Verspreide huizen Formerum-Zuid,149505.60927647055,600551.5088764704
Terschelling,Verspreide huizen Hoorn-Zuid,152523.64884337346,601435.9285903614
Terschelling,Verspreide huizen Lies-Zuid,150547.54409090907,600636.7200000002
Terschelling,Verspreide huizen Midsland-Noord,147608.54666554063,601504.4772557751
Terschelling,Verspreide huizen Midsland-Zuid,147832.8808243426,599791.9194684415
Terschelling,Verspreide huizen Oosterend-Zuid,154314.67206666665,602013.3516666666
Terschelling,Verspreide huizen West-Terschelling,145105.1196040755,598343.89159322
Terschelling,West-Terschelling,143659.21533392504,597458.9134675191
Texel,De Cocksdorp,120393.11133787454,574516.2507820161
Texel,De Koog,113355.34729572773,568012.0102393031
Texel,De Waal,117165.82401470594,565242.7354485294
Texel,Den Burg,115501.44828830371,563384.6786919971
Texel,Den Hoorn,112284.93828086417,559980.1397160491
Texel,Oosterend,120684.85404437402,566657.2478256737
Texel,Oudeschild,118717.933218035,561419.1245693133
Texel,Verspreide huizen De Koog en het Duingebied,113138.11067097865,565448.8532850541
Texel,"Verspreide huizen De Kuil, Hoornder Nieuwland",114573.58424060154,558437.2785375938
Texel,Verspreide huizen Op Het Oude Land,116758.41860940482,563580.6246199615
Texel,Verspreide huizen in de polder Het Noorden,121033.13962433855,569170.880899471
Texel,Verspreide huizen in de polders Burger Nieuwland,115565.45390999995,566790.4173299999
Texel,Verspreide huizen in de polders Eierland en Eendracht,118583.2838703254,573115.1117625707
Teylingen,'s-Gravendamseweg,94298.98425845806,473056.07514541125
Teylingen,Hoogh Teylingen,93842.71617848251,471308.6491735072
Teylingen,Oosteinde,95386.04289314256,469306.3833655093
Teylingen,Oosthout,93827.0032110446,470764.24679164094
Teylingen,Sassenheim,95785.63420664027,470962.0658139318
Teylingen,Toegangsweg,93860.90815773813,471961.1089999995
Teylingen,Verspreide huizen Sassenheim,94266.8246603895,469518.1640236688
Teylingen,Verspreide huizen Voorhout,95163.04087999996,472076.5386099997
Teylingen,Verspreide huizen Warmond,95740.00878375188,467561.77121503156
Teylingen,Voorhout,93025.37995373667,470819.71324080776
Teylingen,Warmond,94346.26903108788,467965.7556473722
Tholen,Anna Jacobapolder,67944.26515625001,406282.97031249997
Tholen,Oud-Vossemeer,72671.8712843951,398612.79138134816
Tholen,Poortvliet,68734.6279352641,395804.96558432735
Tholen,Scherpenisse,66032.57129542298,396104.7052884885
Tholen,Sint Philipsland,70338.32202648313,403883.5640275425
Tholen,Sint-Annaland,65910.7322094738,402026.7404273681
Tholen,Sint-Maartensdijk,64073.18239442458,396313.9144519573
Tholen,Stavenisse,59851.88218803418,400679.452374847
Tholen,Tholen,73867.50791165588,394659.343252718
Tholen,Verspreide huizen Oud-Vossemeer,72051.295892562,399072.4780909091
Tholen,Verspreide huizen Poortvliet,68527.14146231159,396290.1725577889
Tholen,Verspreide huizen Scherpenisse,64708.19947802199,394924.9749725276
Tholen,Verspreide huizen Sint Philipsland,68423.69177142855,405817.90028571413
Tholen,Verspreide huizen Sint-Annaland,65268.39022784809,401584.1579620255
Tholen,Verspreide huizen Sint-Maartensdijk,63711.439372448964,397980.6291989798
Tholen,Verspreide huizen Stavenisse,59624.75228282831,400554.21789899
Tholen,Verspreide huizen Tholen,71832.15308269032,392746.5553965543
Tiel,Binnenstad,158323.83501816186,433158.3852272974
Tiel,Burgemeesterswijk,157481.91018487362,432831.50137955195
Tiel,De Lok,158303.85643044166,433872.7104484443
Tiel,Drumpt,156661.62098329794,434288.1656920677
Tiel,Elzenpas,157318.63858608826,433951.44965773507
Tiel,Hertogenwijk,157770.22989473635,432441.03262450907
Tiel,Het Ooij,158812.6552888876,434126.1026807412
Tiel,Industrieterrein Kellen,158220.17542517823,435587.3411520193
Tiel,Industrieterrein Medel,159525.32377862599,436299.8035496182
Tiel,Kapel-Avezaath,154291.0710563381,432432.69146009366
Tiel,Kapel-Avezaath e.o.,155113.43103012056,433216.14143373485
Tiel,Latenstein,158929.7701130145,433828.6145058451
Tiel,Passewaaij e.o.,157072.69608524686,431479.57646013773
Tiel,Passewaaij-Noord-Oost,156229.2314089515,431571.28886469995
Tiel,Passewaaij-Noord-West,155651.86373475473,431585.31068834505
Tiel,Passewaaij-Zuid-Oost,156043.47556247612,430981.2843786606
Tiel,Passewaaij-Zuid-West,155322.61193568973,431139.5808247154
Tiel,Rauwenhof,156364.3836387733,433456.92471620644
Tiel,Rauwenhof e.o.,155879.12920689653,432982.1439655172
Tiel,Santwijck,158275.71801295836,433589.4330021597
Tiel,Stationsbuurt,157686.42580265648,433375.34937191656
Tiel,Sterrebos,158055.80558664928,432865.9696148911
Tiel,Tiel-West,156936.53856131257,432447.87573575095
Tiel,Veluwe,157053.48733333335,435155.92192307697
Tiel,Wadenoijen,153955.86820608116,431714.27480405365
Tiel,Wadenoijen e.o.,153020.77456097558,430871.6648109757
Tiel,Wadenoijenlaan e.o.,156632.83116879378,432215.4721560292
Tiel,Westroijen,157930.8715012565,434345.9698125814
Tiel,Zennewijnen,156695.97555813953,430177.9780697674
Tiel,Zennewijnen e.o.,155844.69329999998,429969.2069
Tilburg,Abdij- en Torenbuurt,131685.74075372948,397289.0639535639
Tilburg,Achthoeven,138430.28682486634,402636.01724732545
Tilburg,Afrikaanderbuurt Midden,133213.8091570591,395258.0801687556
Tilburg,Afrikaanderbuurt Oost,133757.29694157615,395218.0964999998
Tilburg,Afrikaanderbuurt West,132855.31763659147,395346.48153383465
Tilburg,Amarant Piusoord,128391.58867326735,396932.2093564355
Tilburg,Armhoef Noord-Oost,135684.07373161765,396835.0525661765
Tilburg,Armhoef Noord-West,135503.3884243244,396745.466116216
Tilburg,Armhoef Zuid,135640.74025000018,396514.5803162394
Tilburg,Auteursbuurt,130445.87993264243,398307.8875790156
Tilburg,Bedrijventerrein AaBe,135402.64977999998,395832.3046199999
Tilburg,Bedrijventerrein Albion,130674.37572368424,399547.324618421
Tilburg,Bedrijventerrein Enschot,137029.41872093023,398782.1972790699
Tilburg,Bedrijventerrein Het Laar,132099.9834304636,394819.83690066246
Tilburg,Bedrijventerrein Kraaiven,132105.45522,399523.1788500002
Tilburg,Bedrijventerrein Kraaiven PDV,132706.4884210526,399199.4059473682
Tilburg,Bedrijventerrein Kraaiven West,130801.99811111111,399922.5094444445
Tilburg,Bedrijventerrein Kreitenmolen,139343.5736544716,402029.223487805
Tilburg,Bedrijventerrein Rhijnkant,138048.174625,400485.4872083334
Tilburg,Bedrijventerrein Schepersven,136696.5373333333,399170.5183333333
Tilburg,Bedrijventerrein Vossenberg,129293.17885427139,400273.08431658277
Tilburg,Bedrijventerrein Vossenberg PDV,130113.9215862069,399844.98413793114
Tilburg,Bedrijventerrein Vossenberg Scheg,130139.45026717556,400771.6876412213
Tilburg,Bedrijventerrein Vossenberg Scheg Oost,130426.663,400318.8188333334
Tilburg,Bedrijventerrein Vossenberg West I,128233.87008333333,401061.23193055554
Tilburg,Bedrijventerrein Vossenberg West II,127452.51879487182,401553.54676923074
Tilburg,Berkel Noord,138064.77763854264,400305.52072291437
Tilburg,Berkelse Akkers,138716.31403457452,400180.539587766
Tilburg,Besterd,134531.18806362766,397396.549388414
Tilburg,Binnenstad Oost,134202.12257053575,396545.0140861599
Tilburg,Binnenstad West,133762.50465867645,396466.89120062493
Tilburg,Bokhamer,132550.55619223,397377.84954447555
Tilburg,Bokhamer West,132288.1520535715,397472.25282738113
Tilburg,Bomenbuurt Midden,133112.74466018163,396657.5151874192
Tilburg,Bomenbuurt Oost,133440.6416418918,396728.07222972973
Tilburg,Bomenbuurt West,132767.2284758843,396733.7943086815
Tilburg,Bosscheweg,136420.02832222215,397625.288788889
Tilburg,Bouwmeestersbuurt Noord,133277.88440659342,397481.593262951
Tilburg,Bouwmeestersbuurt Zuid,132989.97116171016,397260.96905947954
Tilburg,Broekhoven I,134508.86104214122,395577.2732505689
Tilburg,Broekhoven I West,134262.66796376806,395821.7684782611
Tilburg,Broekhoven II Oost,134742.4506313727,395308.7795411769
Tilburg,Broekhoven II West,134319.12553512398,395149.245126033
Tilburg,Buitengebied B-E Noord-Oost,138909.16964,400649.36541999993
Tilburg,Buitengebied B-E Noord-West,137459.36631645568,400579.9508607596
Tilburg,Buitengebied B-E Zuid,137579.50441176468,395367.4419411765
Tilburg,Buitengebied B-E Zuid-West,137495.94886363635,397408.7422272727
Tilburg,Buitengebied Gilzerbaan Oost,129283.7285202703,395946.2655067566
Tilburg,Buitengebied Gilzerbaan West,127278.07185454549,396378.9416272727
Tilburg,Buitengebied Koolhoven,126564.1207,397904.38840000005
Tilburg,Buitengebied Kraaiven Oost,132860.42916666667,400452.1441666667
Tilburg,Buitengebied Noord-Oost,135113.1727230769,401586.52940000006
Tilburg,Buitengebied Noord-West,129191.8530967742,401944.9948064516
Tilburg,Buitengebied Udenhout Noord,136908.6946324786,403699.20112820505
Tilburg,Buitengebied Udenhout Zuid-Oost,139554.84029999998,401544.77863333345
Tilburg,Buitengebied Udenhout Zuid-West,137116.3547976191,401627.1835833333
Tilburg,Buitengebied Witbrant,128535.48350000002,397325.56375
Tilburg,Buitengebied Zuid-Oost,136552.59999999998,395145.21376923076
Tilburg,Burgemeestersbuurt,132187.49237283948,396143.9032024702
Tilburg,Campenhoef Midden,128090.51158662082,398614.31978902215
Tilburg,Campenhoef Oost,128441.31385090906,398538.6571309091
Tilburg,Campenhoef West,127754.75259383743,398532.77179551835
Tilburg,Dalem Noord I,126817.93228342259,400205.6882433153
Tilburg,Dalem Noord II,126766.98419612588,399812.1570895884
Tilburg,Dalem Zuid I,126834.46813517669,399316.49368663604
Tilburg,Dalem Zuid II,126806.32789583963,398929.2100811731
Tilburg,Dalemweide,126588.6822,400762.7684
Tilburg,De Blaak Noord-Oost,131535.91986655947,395448.92840675276
Tilburg,De Blaak Noord-West,131175.1603041824,395935.3202984788
Tilburg,De Blaak Zuid-Oost,131174.62105447467,395009.9653112844
Tilburg,De Blaak Zuid-West,130769.10175104602,395198.98415585735
Tilburg,De Katsbogten,130912.17533333333,394095.52823333343
Tilburg,De Kievit Noord-Oost,128276.4932818183,399978.2426969696
Tilburg,De Kievit Noord-West,127543.69833812946,400083.7101043164
Tilburg,De Kievit Zuid-Oost,127942.61416388888,399781.64911944437
Tilburg,De Kievit Zuid-West,127450.45035756391,399660.5732239686
Tilburg,De Kuil,137508.2246821389,402252.7065778131
Tilburg,De Mortel,138962.94879538912,402401.8317146972
Tilburg,De Oude Warande,130162.52441176471,397199.9461764706
Tilburg,Den Bogerd,138940.7125671643,402775.04860447766
Tilburg,Dongewijk Noord,127474.01263497464,398938.5709320881
Tilburg,Dongewijk Zuid,127491.2950080645,398555.6939059138
Tilburg,Eikenbosch,138118.10868376063,399590.52954914514
Tilburg,Elisabethziekenhuis,135317.64183870968,394577.5972903226
Tilburg,Enschot Midden,137491.22676887875,398568.045645309
Tilburg,Enschot Oost,137927.28638113188,398880.0869867923
Tilburg,Enschot West,136820.8173333333,398068.2132777779
Tilburg,Enschot Zuid,137616.6256,398225.6669454545
Tilburg,Enschotse Akkers,137189.50419078945,398902.3844605262
Tilburg,Ezelvense Akkers,134351.0244005631,394792.50065573637
Tilburg,Fatima Noord,135358.02220948454,396032.1317578613
Tilburg,Fatima Oost,135142.0913367682,395710.3152419677
Tilburg,Fatima West,134858.8615806101,395661.0433801748
Tilburg,Friezenlaan,131591.50033003316,396308.11988613894
Tilburg,Gesworen Hoek Oost,129714.18023784486,399302.0815164254
Tilburg,Gesworen Hoek West,129183.34076163874,399560.7265865926
Tilburg,Gesworen Hoek Zuid,129399.32590981967,399318.63619639294
Tilburg,Goirke Noord,133781.37518543954,398535.75453021965
Tilburg,Goirleseweg West,132524.69090243906,394759.3321707316
Tilburg,Groenewoud Midden,134290.42598875143,394365.7059617545
Tilburg,Groenewoud Oost,134758.68010606058,394276.541715909
Tilburg,Groenewoud West,133959.0920502284,394513.99883561634
Tilburg,Groenewoud Zuid,135150.38549999997,394395.02150000003
Tilburg,Groenstraat,137965.2506178862,402887.1229674796
Tilburg,Heerevelden Oost,128424.34998850577,399372.11393563246
Tilburg,Heerevelden West,128147.59392827873,399400.45976434415
Tilburg,Heikant Noord-Oost,134604.45932799322,400219.97403789207
Tilburg,Heikant Noord-West,134082.6554845604,400380.3733919236
Tilburg,Heikant Oost,134446.2198080808,399766.2354531025
Tilburg,Heikant West,134031.4272673735,399995.0047055357
Tilburg,Heikant Zuid-Oost,134353.18301608998,399373.4822220436
Tilburg,Heikant Zuid-West,133778.6250154761,399529.8281071429
Tilburg,Het Laar,132233.20409810127,395153.69570253155
Tilburg,Het Wandelbos / Drijflanen,130170.9131443447,398318.3198512378
Tilburg,Het Zand Noord-Oost,132247.42216955437,398472.9377079205
Tilburg,Het Zand Noord-West,131688.39272781773,398606.8203681054
Tilburg,Heyhoef,128476.83593203891,398831.9050906149
Tilburg,Hoefstraat Noord,134349.02204802266,398426.7273601697
Tilburg,Hoefstraat Zuid,134655.7086950431,397969.9565247844
Tilburg,Hoevenseweg,135519.99946067415,396092.98732584267
Tilburg,Hoogvenne Oost,135098.0804640959,396206.8000212768
Tilburg,Hoogvenne West,134624.69301622562,396247.29550896666
Tilburg,Huibeven Midden,129028.83541541781,398803.12131437496
Tilburg,Huibeven Oost,129356.40257034806,398780.06863842683
Tilburg,Huibeven West,128871.84349168406,399250.1027661118
Tilburg,Ind.terrein Kanaalzone Noord,133925.12393034823,398784.91541791026
Tilburg,Ind.terrein Kanaalzone Noord-Oost,134564.91643678152,398488.0014942529
Tilburg,Ind.terrein Kanaalzone Oost,135151.03858762886,397627.9416494845
Tilburg,Ind.terrein Kanaalzone Zuid,135398.56246296296,397228.192425926
Tilburg,Ind.terrein Loven Noord,135947.95262130557,398504.2631233019
Tilburg,Ind.terrein Loven Zuid,135772.64209768383,397546.5159578208
Tilburg,Jagersbuurt Oost,132133.731811895,398186.34758229594
Tilburg,Jagersbuurt West,131571.7640807799,398307.86699535756
Tilburg,Jeruzalem Noord,135779.14521764708,396263.96517352946
Tilburg,Jeruzalem Zuid,135852.3683190788,396089.48214802623
Tilburg,Kanaalzone Bosscheweg,135491.72777659583,397069.23604255327
Tilburg,Kasteel Oost,133463.8915818431,398050.0326877578
Tilburg,Kasteel West,133049.6746424871,398002.60129965487
Tilburg,Kastelenbuurt Noord,131733.7611374269,396852.9639580898
Tilburg,Kastelenbuurt Zuid,131416.35227173913,396704.65921195695
Tilburg,Kleurenbuurt Noord,131054.72225814546,398515.49862280756
Tilburg,Kleurenbuurt Zuid,130998.3493155488,398185.620704268
Tilburg,Koningshoeven,136034.3999285714,395584.63692857133
Tilburg,Koningsoord,137586.40254237287,399757.0781815983
Tilburg,Koningsplein,134286.04745847182,396095.84726356587
Tilburg,Koolhoven Buiten,127045.78995633185,398249.83855458477
Tilburg,Koolhoven Noord,126535.29694108026,398470.8310065467
Tilburg,Koolhoven Oost,127380.43150136995,398018.1378273972
Tilburg,Koolhoven Zuid,126483.45375828739,398132.38770027616
Tilburg,Kromhoutpark,132736.91456183753,396290.8765017666
Tilburg,Kruidenbuurt Oost,131113.23688376968,398870.5554335079
Tilburg,Kruidenbuurt West,130649.63416945115,399015.96158114576
Tilburg,Kruidenbuurt Zuid,130470.18812347187,398703.9064205376
Tilburg,Landbouwbuurt,134615.40039856802,394776.2544200475
Tilburg,Lange Rekken,126021.18199999999,401080.706
Tilburg,Leeuwerik Midden,127640.05423284827,400560.40392931394
Tilburg,Leeuwerik Oost,128238.08588037385,400294.9319439253
Tilburg,Leeuwerik West,127106.52140942038,400846.48640579736
Tilburg,Leeuwerik Zuid,127183.87121523189,400422.30147351016
Tilburg,Leijhoeven,135703.3491683849,395126.99776632286
Tilburg,Leijpark,135724.05839999995,395755.67356666655
Tilburg,Lijnse Hoek Oost,134339.129676236,399084.2475948959
Tilburg,Lijnse Hoek West,133655.55178952575,399096.2620592883
Tilburg,Loven Noord,134788.53279973293,397284.60959279037
Tilburg,Loven Oost,135101.97650598802,397179.09777245513
Tilburg,Loven Zuid,134820.90352670636,396982.16760089045
Tilburg,Luchthavenbuurt Oost,131666.02084331814,397889.71501228865
Tilburg,Luchthavenbuurt West,131356.59724458205,397947.9448374613
Tilburg,Melis Stokestraat,134776.55592424248,398215.6814646465
Tilburg,Moerenburg,136274.16373170732,396713.07312195125
Tilburg,Moerse Dreef,128761.36669230771,399833.8031538462
Tilburg,Nassaubuurt,132829.4006778522,397989.2925436242
Tilburg,Notre Dame,132295.09055015497,396723.4375894523
Tilburg,Oostkamer Oost,137066.4918333333,400094.9023000001
Tilburg,Oostkamer West,136399.68783333336,399787.3736666667
Tilburg,Oude Dijk,133914.3109191176,396006.5525845585
Tilburg,Padua,134407.726664437,397794.7383344479
Tilburg,Pastorieklamp Oost,133988.50452141528,397869.5370689016
Tilburg,Pastorieklamp West,133739.04759815946,397962.3249302148
Tilburg,Piushaven,134540.8811364176,395926.2630083908
Tilburg,Quirijnstok Noord-Oost,135259.17796721315,399613.8261381735
Tilburg,Quirijnstok Noord-West,134961.89358316633,399786.49400801584
Tilburg,Quirijnstok West,134966.70957666216,399361.86680325633
Tilburg,Quirijnstok Zuid-Oost,135090.03499082566,398955.64380733937
Tilburg,Quirijnstok Zuid-West,134753.27252755902,398887.20338976383
Tilburg,Quirijnstokpark,135376.4739940867,399361.0494632946
Tilburg,Rauwbraken,137531.86933719015,399180.30998843006
Tilburg,Reeshofweide,126686.291,400622.201
Tilburg,Rooi Pannen,132622.31163114746,397858.3377663932
Tilburg,Rosmolen,134854.84538202244,397666.1238876405
Tilburg,Rugdijk-Hazennest,134938.4281851852,400323.5669753086
Tilburg,Ruiven,138607.41037209297,399694.66997674434
Tilburg,Schildersbuurt Noord,132788.32210377353,396028.63363679254
Tilburg,Schildersbuurt Zuid,132833.9110572084,395823.9595949658
Tilburg,Schrijversbuurt,132563.44083203733,395728.95872472797
Tilburg,Sint Anna Noord,133278.42620101,396186.6604292926
Tilburg,Sint Anna Zuid,133263.53043101347,395950.833785103
Tilburg,Sint Pieterspark,134179.25688373993,398163.68988861784
Tilburg,Smariusterrein,133114.023,398779.70050000004
Tilburg,Spoorlaan,133691.4964198473,396869.0137022901
Tilburg,Spoorzone Noord-Oost,134149.97489285714,396947.7471785713
Tilburg,Spoorzone Noord-West,133409.64509900988,397041.7184554454
Tilburg,Sportweg,132333.09877401128,397004.62946327677
Tilburg,Staatsliedenbuurt Oost,132441.4883801065,395403.93777797534
Tilburg,Staatsliedenbuurt West,132004.4889903227,395792.78085322527
Tilburg,Stadsrand Dalem Noord,126464.82016915426,399856.4475970149
Tilburg,Stadsrand Dalem Zuid,126367.10674193544,399334.2645053761
Tilburg,Stappegoor Noord,133484.85893754777,394768.82197414566
Tilburg,Stappegoor Zuid,132780.42325688075,394558.26086238533
Tilburg,Station Universiteit,131938.2320710901,397530.9686492893
Tilburg,Stokhasselt Noord-Oost,133552.99873144546,400445.0627109373
Tilburg,Stokhasselt Noord-West,133249.58069470405,400464.34849532694
Tilburg,Stokhasselt Oost,133488.06879695432,400021.405573604
Tilburg,Stokhasselt West,133184.0326666666,400094.517738095
Tilburg,Stokhasselt Zuid,133141.73166871173,399188.775386503
Tilburg,Stokhasselt Zuid-Oost,133359.8527248995,399610.16282931657
Tilburg,Stokhasselt Zuid-West,133096.88165030675,399682.0396533742
Tilburg,Talentsquare,133429.9324422701,396928.59758904093
Tilburg,Textielbuurt Oost,133442.02837543254,398439.2240242211
Tilburg,Textielbuurt West,133096.4182396397,398448.05928468483
Tilburg,Theresia Midden,133957.15876912585,397327.7925949454
Tilburg,Theresia Oost,134286.3406072873,397369.96757624886
Tilburg,Theresia West,133660.44262243,397307.99969158863
Tilburg,Tiendschuur,132318.057889119,397828.72076684
Tilburg,Tivoli,135000.12621995705,396602.04005150165
Tilburg,Tradepark 58 Noord,131804.06757142858,394290.8522857143
Tilburg,Tradepark 58 Zuid,131532.65242857145,393635.22526190476
Tilburg,Trouwlaan,133565.2169225024,395779.8054967314
Tilburg,Tweestedenziekenhuis,132306.02476470592,398725.28777941177
Tilburg,Uitvindersbuurt,133201.78777571674,395618.16920320404
Tilburg,Universiteit,131098.1165,397318.413
Tilburg,Universiteit Campus,131604.68851801808,397100.8048738738
Tilburg,VGL-terrein,132876.406650334,396907.8534008912
Tilburg,Veemarktkwartier,134501.23994594594,396643.69636756764
Tilburg,Vijverlaan,131440.47584374997,397619.78082291665
Tilburg,Visserijbuurt,134721.8732444445,394582.1136101013
Tilburg,Vogeltjesbuurt Oost,135070.61472202165,394907.06616606493
Tilburg,Vogeltjesbuurt West,134884.7238985766,394984.3792277582
Tilburg,Voltterrein,134204.22917034713,395418.9500378547
Tilburg,Wandelbos Noord-West,130072.34392788625,398845.3596430755
Tilburg,Westend,132560.86019196425,396004.156625
Tilburg,Westermarkt,131964.48966471275,397808.18689449003
Tilburg,Wijkevoort,125495.66264705884,396252.9245294118
Tilburg,Witbrant Oost,128990.38071674875,397857.30251477833
Tilburg,Witbrant West,128127.55854807704,398105.82463461545
Tilburg,Zeeheldenbuurt,133982.97803342625,395610.5961225629
Tilburg,Zeshoeven,138025.94459120507,402050.8954136808
Tilburg,Zuiderpark,133759.4289356726,394832.6259883041
Tubbergen,Albergen kern,248729.4120531676,487870.99057692284
Tubbergen,Fleringen kern,251596.38358673465,489210.3538826526
Tubbergen,Geesteren kern,246698.01846782633,493475.50375912996
Tubbergen,Harbrinkhoek kern,245611.90286189268,489428.99264194386
Tubbergen,Langeveen kern,245251.31659935892,498312.94907692296
Tubbergen,Mariaparochie,244861.98107142872,488939.9632678572
Tubbergen,Reutum kern,254221.35192617448,490136.48120469786
Tubbergen,Tubbergen-Dorp,250136.3884492738,492020.84251139243
Tubbergen,Vasse kern,253141.8775218657,495096.3746034986
Tubbergen,Verspreide huizen Albergen,247982.90941521383,487304.86315372476
Tubbergen,Verspreide huizen Fleringen,251341.6520194805,488693.70633116865
Tubbergen,Verspreide huizen Geesteren,245851.2204965424,493649.88764038746
Tubbergen,Verspreide huizen Haarle,253547.12713559324,491905.54884745757
Tubbergen,Verspreide huizen Harbrinkhoek,245560.83696981127,489174.7516792453
Tubbergen,Verspreide huizen Hezingen,256640.42378217823,495530.79619801976
Tubbergen,Verspreide huizen Langeveen,245991.1181527094,497442.53413300496
Tubbergen,Verspreide huizen Mander,252458.3332037038,495903.87483333325
Tubbergen,Verspreide huizen Manderveen,249653.36501568626,496358.02780000016
Tubbergen,Verspreide huizen Reutum,254013.62202848098,489046.1033386077
Tubbergen,Verspreide huizen Tubbergen,250184.57273012557,492013.36442050105
Tubbergen,Verspreide huizen Vasse,253171.51870114947,493976.9891264368
Twenterand,'t Sumpel,229803.071490566,498125.5991132073
Twenterand,Beter Wonen,234873.79418586788,498000.5750445471
Twenterand,Broekmaten,230348.48444329886,498389.56946833566
Twenterand,Buurtschap Linde,231559.97998360652,496567.63649180316
Twenterand,Buurtschap Magele,232082.4333556034,498601.8508943966
Twenterand,Buurtschap Meer,228792.96365420552,497650.3995233644
Twenterand,Centrum-Vriezenveen,239336.08977393794,491906.25431245525
Twenterand,Den Ham,230323.33915468355,497760.1111120868
Twenterand,Geerdijk-Oost,235389.17483916087,499427.94190909085
Twenterand,Geerdijk-West,234478.13028571426,499794.78262337664
Twenterand,Industrieterrein,235123.72924183003,496577.2065555556
Twenterand,Industrieterrein Vriezenveen-West,237582.54426530612,491846.04677551024
Twenterand,Kloosterhaar Kern,241853.41499999998,501113.7935
Twenterand,Midden,239251.09667451,492470.5234215683
Twenterand,Nieuwoord,234810.9214698277,498447.3097995691
Twenterand,Oosteinde en Slot,240862.69494678496,493192.400915743
Twenterand,Toekomstig bestemmingsplan Noord,238244.15560714272,492264.10466587316
Twenterand,Verspreide huizen De Pollen,242104.54314351847,494886.4304212962
Twenterand,Verspreide huizen De Westerhoeve,236500.57404285716,493310.2051999999
Twenterand,Verspreide huizen Vroomshoop-Oost,236434.61373869347,497531.7573819093
Twenterand,Verspreide huizen Weitemanslanden,242841.0048387097,491825.7960645161
Twenterand,Verspreide huizen Westerhaar-Vriezenveensewijk-Oost,241955.637239521,498318.53147904185
Twenterand,Verspreide huizen Westerhaar-Vriezenveensewijk-West,238249.69315384614,496144.2857307693
Twenterand,Verspreide huizen ten noorden van Vriezenveen,238063.11925000002,493320.8974928572
Twenterand,Verspreide huizen ten zuiden van Vriezenveen,241205.84326530618,490947.9120204081
Twenterand,Vriezenveensewijk,238991.25930589676,496787.26129606925
Twenterand,Vroomshoop-Oost,235597.48769490223,497423.5256541175
Twenterand,Vroomshoop-West,234835.8784705883,497321.4181564018
Twenterand,West ten oosten Kanaal,237759.43296946556,491259.90361068706
Twenterand,West ten westen Kanaal,237381.5819224806,491022.1158165374
Twenterand,Westeinde,238418.5861064301,491794.2602904657
Twenterand,Westerhaar-Oost,239295.96412962972,498592.9489166666
Twenterand,Westerhaar-West,238816.0719771547,497896.5331360334
Twenterand,Westerweilanden-Elzenhoek,238523.47102680063,491228.75940703537
Tynaarlo,Bunne,231545.16779999997,570545.8078461539
Tynaarlo,De Groeve,243988.19282069392,570523.4055159799
Tynaarlo,De Punt,236333.70346978283,570094.4337323558
Tynaarlo,Donderen,232676.99962025316,568305.2947215191
Tynaarlo,Eelde,233636.7099250991,572914.4688852543
Tynaarlo,Eelderwolde,232529.97372388057,576931.7028805973
Tynaarlo,Midlaren,241012.2611529412,570052.6637529412
Tynaarlo,Oosterbroek en vliegveld,235788.9100707965,571996.8621592917
Tynaarlo,Oudemolen,239068.75006896554,563379.1116551724
Tynaarlo,Paterswolde,233629.0003205897,574132.2596258874
Tynaarlo,Schuilingsoord,242938.44417518246,565906.216810219
Tynaarlo,Taarlo,238010.86069416892,561386.405587069
Tynaarlo,Tynaarlo,237299.75843711093,566363.0634346202
Tynaarlo,Verspreide huizen Bunne,230473.70678125,569654.62084375
Tynaarlo,Verspreide huizen De Groeve,244114.25990192583,570555.7921923678
Tynaarlo,Verspreide huizen De Punt,237614.61068421052,570509.7467368422
Tynaarlo,Verspreide huizen Donderen,231970.6356190476,567936.7551428572
Tynaarlo,Verspreide huizen Eelde,233548.98964310976,571556.8204486601
Tynaarlo,Verspreide huizen Eelderwolde,231859.94441742462,577716.9803124412
Tynaarlo,Verspreide huizen Midlaren,241517.45884330687,570387.4603252669
Tynaarlo,Verspreide huizen Oudemolen,238536.70618181818,563531.4496363637
Tynaarlo,Verspreide huizen Paterswolde,232762.38133333332,574315.2380555556
Tynaarlo,Verspreide huizen Schuilingsoord,243573.72891428572,565939.8603714285
Tynaarlo,Verspreide huizen Taarlo,237344.5426923077,561698.5832307693
Tynaarlo,Verspreide huizen Tynaarlo,237298.6185169352,567194.6209416449
Tynaarlo,Verspreide huizen Vries,235025.35327173906,567122.698445652
Tynaarlo,Verspreide huizen Westlaren,241219.601321839,567156.7038390803
Tynaarlo,Verspreide huizen Winde,230743.66666666666,571878.0
Tynaarlo,Verspreide huizen Yde,234919.25831818182,569924.3206818182
Tynaarlo,Verspreide huizen Zeegse,239850.57600787864,565456.6322951586
Tynaarlo,Verspreide huizen Zeijen,231912.24197222223,563747.2813333332
Tynaarlo,Verspreide huizen Zuidlaarderveen,245951.61489285715,569643.6718214286
Tynaarlo,Verspreide huizen Zuidlaren,242673.6051111111,568396.710111111
Tynaarlo,Vries,234715.87943266763,565676.8246958526
Tynaarlo,Westlaren,240665.61121518986,567173.6008037972
Tynaarlo,Westlaren Noord,240198.3280554212,568429.9220917131
Tynaarlo,Westlaren-West,239995.67816573876,567506.9799308904
Tynaarlo,Winde,231182.61080109037,571749.6828380557
Tynaarlo,Yde,235597.4497458563,570474.2929447514
Tynaarlo,Zeegse,239303.1152729324,565264.8662449283
Tynaarlo,Zeijen,232713.7440890411,562792.71025
Tynaarlo,Zuid-Es,242654.63980467682,566529.4369580467
Tynaarlo,Zuidlaarderveen,246374.49384684686,569103.3086936936
Tynaarlo,Zuidlaren,241670.19163216485,568207.9446600628
Tytsjerksteradiel,Aldtsjerk,188508.68917424243,586555.099689394
Tytsjerksteradiel,Burgum,195485.03777885027,578767.0862019205
Tytsjerksteradiel,Earnewâld,192449.30541933843,571663.5962952499
Tytsjerksteradiel,Eastermar,200192.89288026985,576978.7117048902
Tytsjerksteradiel,Garyp,194016.35679885876,575621.0209985735
Tytsjerksteradiel,Gytsjerk,188614.04704210526,583973.4928306222
Tytsjerksteradiel,Hurdegaryp,191991.56909116678,581050.7018022693
Tytsjerksteradiel,Jistrum,200299.61831034484,580819.4185632183
Tytsjerksteradiel,Mûnein,190426.1876031746,585287.5315515872
Tytsjerksteradiel,Noordburgum,196146.23074355087,582143.5630819423
Tytsjerksteradiel,Oentsjerk,189256.93910743797,585064.8812365707
Tytsjerksteradiel,Ryptsjerk,190148.46795527157,582148.7639808307
Tytsjerksteradiel,Sumar,195955.263781893,576933.7680967076
Tytsjerksteradiel,Suwâld,191149.19033039646,577069.28730837
Tytsjerksteradiel,Tytsjerk,190216.41554867258,580745.6667286135
Tytsjerksteradiel,Verspreide huizen Aldtsjerk,188501.50268571428,586627.1879714286
Tytsjerksteradiel,Verspreide huizen Burgum,196091.26560957835,580286.3050743305
Tytsjerksteradiel,Verspreide huizen Earnewâld,191460.39561240684,572086.4897063386
Tytsjerksteradiel,Verspreide huizen Eastermar,201441.25592647053,577411.4033161765
Tytsjerksteradiel,Verspreide huizen Garyp,194167.02732374103,575018.5053741005
Tytsjerksteradiel,Verspreide huizen Gytsjerk,188032.0240638298,583879.5677021276
Tytsjerksteradiel,Verspreide huizen Hurdegaryp,193849.0674305555,581885.6712361112
Tytsjerksteradiel,Verspreide huizen Jistrum,200160.81502580646,580934.5350322579
Tytsjerksteradiel,Verspreide huizen Mûnein,190675.11428000004,584651.41856
Tytsjerksteradiel,Verspreide huizen Noordburgum,195921.1990808081,581847.3994848485
Tytsjerksteradiel,Verspreide huizen Oentsjerk,188188.24622916663,585310.3958124999
Tytsjerksteradiel,Verspreide huizen Ryptsjerk,190482.08430769233,582630.2846410256
Tytsjerksteradiel,Verspreide huizen Sumar,197176.96430188682,576358.9638754717
Tytsjerksteradiel,Verspreide huizen Suwâld,189312.33020588232,577263.7797941176
Tytsjerksteradiel,Verspreide huizen Tytsjerk,188691.39384705876,579002.5414705882
Tytsjerksteradiel,Verspreide huizen Wyns,185142.76264655174,586473.0116034484
Uden,Bitswijk,170759.46893370472,409043.36130975024
Uden,Bogerd-Vijfhuis,170192.31704321544,408552.02180380304
Uden,Buitengebied Maashorst,170578.63874637688,410206.38889492763
Uden,Buitengebied Uden-Oost,173169.2808,408715.79199999996
Uden,Buitengebied Uden-West,168500.30681066663,408554.15491466643
Uden,Buitengebied Uden-Zuid,170458.24751923067,405339.6801057693
Uden,Buitengebied-Odiliapeel,177536.8109147287,405967.2691705424
Uden,Buitengebied-Volkel,173653.6684027238,406029.4217859924
Uden,Buurtschap Hoeven,171519.83291919195,409006.28695959615
Uden,Centrum,170698.15089131944,407738.46130177716
Uden,Eikenheuvel,170555.27753711774,406318.8814803492
Uden,Flatwijk,170568.51806194696,407325.6520247791
Uden,Hoenderbos-Velmolen,171542.41475872858,406215.8252522147
Uden,Hoeven,172286.1850421545,409319.4730245901
Uden,Hoevenseveld,171109.899216013,408405.85109674674
Uden,Kom Volkel,173541.33804234245,406119.2258477481
Uden,Loopkant-Liessent-Goorkens,172777.5252220157,407313.1301669595
Uden,Melle,172137.34400174636,408601.5360832363
Uden,Moleneind-Groenewoud,170101.4233938931,407764.8982030538
Uden,Odiliapeel,177108.23873732708,406071.62671735784
Uden,Raam,172123.67704785493,407970.49618811824
Uden,Schutveld,171421.08158893266,407719.8251304348
Uden,Sportpark Volkelseweg,172083.9359282699,407287.9555949367
Uden,Vliegbasis Volkel,176107.5573858921,407792.6557925311
Uden,Vluchtoord,172990.08090654205,409479.038317757
Uden,Zoggel,170791.55638189864,406986.17702207476
Uitgeest,Bedrijventerrein,109614.43909581579,505234.60968555923
Uitgeest,Buitengebied,110126.22555113203,504392.79321416677
Uitgeest,De Kleis,108361.324504416,503738.2529744855
Uitgeest,De Koog,108862.71867623292,505205.5605280282
Uitgeest,Oude Dorp,109066.55154732693,504443.85132340004
Uitgeest,Waldijk,108732.84944197524,503213.48175555514
Uithoorn,Bedrijventerrein,117812.09502124153,472649.67551792675
Uithoorn,Bilderdam,109723.356,469623.31
Uithoorn,Dorpscentrumcentrum,117144.0806101468,471941.14543524716
Uithoorn,Glastuinbouwgebied,112156.28721348316,471726.87798876397
Uithoorn,Langs de Vuurlinie,114752.74995278988,473102.3117423751
Uithoorn,Legmeer,115878.94927723851,473579.3958602378
Uithoorn,Meerwijk,115294.121995169,472137.1865714997
Uithoorn,Thamerdal,116590.95483669845,472415.5224002375
Uithoorn,Veenweidegebied,112507.5182345679,470452.3412098766
Uithoorn,Veilinggebied,114716.6497107438,474283.8148181818
Uithoorn,Zijdelwaard,116883.9749513251,473317.5379673806
Urk,Buitengebied,170674.75004081635,521065.3153265307
Urk,De Reede,170070.98261301985,519362.4426419535
Urk,De Staart,171337.49478918934,519693.58015555533
Urk,De Top,169856.95900483942,519855.1860967942
Urk,Havens en industrieterrein,170400.36342314794,518754.4457482149
Urk,Industrieterrein II,171475.16246229495,518531.0353213114
Urk,Urk-Kom,169202.42639152374,519429.72352068604
Urk,Urk-Noord,169131.99912820524,519843.5855104894
Urk,Urkerhard,170710.98006116436,519802.8976131169
Urk,Urkerland,171764.5744273614,519525.7416734949
Utrecht,2e Daalsebuurt en omgeving,135355.9478082245,456971.13691337587
Utrecht,"Abstede, Tolsteegsingel e.o.",137566.58019828415,455057.1645443267
Utrecht,Bedrijvengebied Kanaleneiland,135890.09894220077,452875.28527897416
Utrecht,Bedrijvengebied Oudenrijn,131941.11268026126,454407.21705220186
Utrecht,Bedrijvengebied Papendorp,133977.94954594594,453437.98393513536
Utrecht,Bedrijvengebied Strijkviertel,132339.87566666666,453739.1423333333
Utrecht,Bedrijventerrein De Wetering,131539.31946502044,458094.8591728397
Utrecht,Bedrijventerrein Lageweide,132070.56688901348,458824.8306053802
Utrecht,Bedrijventerrein en omgeving,134489.28714938497,459945.4791581722
Utrecht,Bleekstraat en omgeving,136818.11677083344,454671.01596180524
Utrecht,Bokkenbuurt,137437.95673557682,453999.56785817293
Utrecht,Breedstraat en Plompetorengracht en omgeving,136712.10872167427,456392.1390539797
Utrecht,Buiten Wittevrouwen,137491.40715584447,456099.145234947
Utrecht,De Meern-Noord,130902.98110727473,455342.163958564
Utrecht,De Meern-Zuid,130811.80607377015,454578.8798061312
Utrecht,Dichterswijk,136120.06689609215,454744.29432973405
Utrecht,"Domplein, Neude, Janskerkhof",136767.08028819074,456014.13525243755
Utrecht,"Egelantierstraat, Mariëndaalstraat e.o.",134923.57901534328,457284.72006604454
Utrecht,Elinkwijk en omgeving,134352.50950605134,458028.19898834644
Utrecht,Galgenwaard en omgeving,138543.0401691645,454750.85467023606
Utrecht,Geuzenwijk,135046.83324513616,458080.34993941005
Utrecht,Grauwaart,132615.61090774278,456399.08077100496
Utrecht,Haarrijn,130056.07356521745,458731.92056521727
Utrecht,Haarzuilens en omgeving,128021.85161065565,458930.7192254098
Utrecht,Halve Maan-Noord,134040.78237909987,455854.8872409641
Utrecht,Halve Maan-Zuid,134083.18974894186,455252.6543319805
Utrecht,Het Zand-Oost,131969.90409815658,456448.4940166567
Utrecht,Het Zand-West,131162.08773509052,456585.7624300454
Utrecht,Hoge Weide,133236.1796612613,455853.4805630636
Utrecht,Hooch Boulandt,136563.1178489431,455038.3697434606
Utrecht,Hoog-Catharijne NS en Jaarbeurs,135970.1533762688,455721.6099099642
Utrecht,"Huizingalaan, K. Doormanlaan en omgeving",138019.17098789895,456908.7996666672
Utrecht,Julianapark en omgeving,134700.6769337519,457707.62705299776
Utrecht,Kanaleneiland-Noord,134604.68865211535,454292.92650327494
Utrecht,Kanaleneiland-Zuid,135136.77275143217,453406.434905203
Utrecht,L. Napoleonplantsoen en omgeving,137803.88472409308,454303.2915498803
Utrecht,"Laan van Nieuw-Guinea, Spinozaweg e.o.",134535.434161447,456091.0899970592
Utrecht,"Lange Elisabethstraat, Mariaplaats en omgeving",136556.15585326063,455818.4150332894
Utrecht,Lange Nieuwstraat en omgeving,136966.70082668416,455285.3680889455
Utrecht,Langerak,132452.67032473697,455281.6294463192
Utrecht,Lauwerecht,136270.9598871323,457162.1707164668
Utrecht,Leeuwesteyn,133635.04047205686,456170.5043032088
Utrecht,Leidsche Rijn-Centrum,132909.46978825066,456603.04778767115
Utrecht,Leidseweg en omgeving,135280.36442830245,455528.08992767293
Utrecht,Lombok-Oost,135493.12948311924,455976.46129019285
Utrecht,Lombok-West,135069.47359573373,455897.57812054735
Utrecht,Lunetten-Noord,137792.38638196175,453142.1599584037
Utrecht,Lunetten-Zuid,137703.68238174767,452549.34555815096
Utrecht,Maarschalkerweerd en Mereveld,138732.87169965872,453599.7258406311
Utrecht,Máximapark,130154.72943592901,456885.71638585895
Utrecht,Neckardreef en omgeving,136719.98862964497,458935.21266137675
Utrecht,"Nieuw Engeland, Th. a. Kempisplantsoen en omgeving",135027.43949392333,456334.7352129721
Utrecht,Nieuw Hoograven-Noord,136958.29968028265,453339.51928514836
Utrecht,Nieuw Hoograven-Zuid,136731.9658518569,452658.54440362536
Utrecht,Nieuwegracht-Oost,137118.42151798567,455626.0895525175
Utrecht,"Nijenoord, Hoogstraat en omgeving",135808.0467658886,457390.2711383741
Utrecht,Nobelstraat en omgeving,137032.4463968501,456166.057374803
Utrecht,Ondiep,135473.4406738331,457595.729828626
Utrecht,Oog in Al,134402.6487558018,455482.34926760045
Utrecht,Oud Hoograven-Noord,136748.05786884602,453585.69067718484
Utrecht,Oud Hoograven-Zuid,136423.69059729346,452865.926529505
Utrecht,Oudwijk,137777.90742828778,455643.22697099694
Utrecht,Parkwijk-Noord,132063.70134640552,455906.97979608085
Utrecht,Parkwijk-Zuid,132550.6918218389,455715.256825033
Utrecht,Pijlsweerd-Noord,135852.83556283193,456963.970312389
Utrecht,Pijlsweerd-Zuid,135992.00626513347,456655.0772191543
Utrecht,Poldergebied Overvecht,137201.81829878208,459134.21863535856
Utrecht,Prins Bernhardplein en omgeving,133972.60608604722,458436.2869613082
Utrecht,Queeckhovenplein en omgeving,134104.51646435843,458884.9041384928
Utrecht,Rijnenburg,131831.16224999996,451135.4971521737
Utrecht,Rijnsweerd,138923.16943163142,455556.83267843246
Utrecht,Rijnvliet,133005.8422806235,454497.3236369709
Utrecht,Rivierenwijk,136363.9374035497,453933.6798528487
Utrecht,Rubenslaan en omgeving,137827.0502764107,454710.6005059815
Utrecht,Schaakbuurt en omgeving,134629.81300821612,458527.965808793
Utrecht,"Schepenbuurt, Cartesiusweg e.o.",134158.16606226665,456990.79485429684
Utrecht,Schildersbuurt,138295.35254017153,455108.0466187978
Utrecht,Springweg en omgeving Geertebuurt,136752.45136177485,455289.13992491574
Utrecht,Staatsliedenbuurt,136450.4314265063,457325.08978916006
Utrecht,Sterrenwijk,137337.39963037983,454789.0725772151
Utrecht,Taag- en Rubicondreef en omgeving,136595.74292759976,458151.3128309106
Utrecht,Terwijde-Oost,131924.37118841457,457171.69329339394
Utrecht,Terwijde-West,131067.34085421206,457523.2876303618
Utrecht,Tigrisdreef en omgeving,135535.8198666585,459649.0578812506
Utrecht,Tolsteeg en Rotsoord,137015.3719811327,454010.8655124157
Utrecht,Transwijk-Noord,135129.38837706958,454500.35883339355
Utrecht,Transwijk-Zuid,135746.98907891675,453554.7681562611
Utrecht,Tuindorp en Van Lieflandlaan-West,137228.83624359083,457744.0679648747
Utrecht,Tuindorp-Oost,137888.47204938985,457617.5039568331
Utrecht,Tuinwijk-Oost,136956.8890731169,457022.543791728
Utrecht,Tuinwijk-West,136713.77415533992,457288.60809355683
Utrecht,Utrecht Science Park,140399.4487972086,455084.3263976062
Utrecht,"Vechtzoom-noord, Klopvaart",134945.0352206747,459425.0897551337
Utrecht,Vechtzoom-zuid,135455.516230705,458830.9435778414
Utrecht,Veldhuizen,129464.66069733769,454948.3235636587
Utrecht,Vleuten,129481.8226786128,457864.3361638741
Utrecht,Vleuterweide-Noord/Oost/Centrum,129282.26901875221,456531.4704477508
Utrecht,Vleuterweide-West,128620.61367498788,456637.14468428853
Utrecht,Vleuterweide-Zuid,129058.89999444447,455850.861194444
Utrecht,Vogelenbuurt,136639.508997891,456768.50011017255
Utrecht,Voordorp en Voorveldsepolder,138460.62381185422,457753.8313983718
Utrecht,Watervogelbuurt,137132.62522405272,454571.71777131286
Utrecht,"Welgelegen, Den Hommel",134681.29969316284,455014.40908410586
Utrecht,Wijk C,136277.79475555554,456311.06254879077
Utrecht,Wilhelminapark en omgeving,138217.20311374884,455673.2733353116
Utrecht,Wittevrouwen,137520.84610347173,456622.2160518764
Utrecht,Wolga- en Donaudreef en omgeving,137331.58926222526,458491.0837330173
Utrecht,Zambesidreef en omgeving,136006.06010393685,459182.703557452
Utrecht,Zamenhofdreef en omgeving,136164.00697999992,458516.31895733025
Utrecht,"Zeeheldenbuurt, Hengeveldstraat en omgeving",137801.27375637612,456878.5542932922
Utrecht,Zuilen-Noord,133488.19780863644,459007.05402981036
Utrechtse Heuvelrug,Amerongen,160035.6646312112,446023.185543478
Utrechtse Heuvelrug,Breedeveen,157057.85672972974,448563.38367567566
Utrechtse Heuvelrug,De Horst en De Akker,148582.79738636367,450924.5399772728
Utrechtse Heuvelrug,De Wijngaard,152252.75155210026,448837.1364463015
Utrechtse Heuvelrug,Doorn-Centrum,152022.4657889231,449961.8669520005
Utrechtse Heuvelrug,Doorn-West,151429.32100676437,450457.42203494936
Utrechtse Heuvelrug,Doorn-Zuid,151878.16693112947,449366.1765592284
Utrechtse Heuvelrug,Driebergen-Noord,148738.53086888662,452400.13144744997
Utrechtse Heuvelrug,Drift-Sportlaan en Bornia,146860.2637609756,453114.5305951219
Utrechtse Heuvelrug,Hoenderdaal en Emmalaan,146731.61632508837,451657.3699531803
Utrechtse Heuvelrug,Kom Driebergen en Seminarie,148153.6204309393,451834.273590608
Utrechtse Heuvelrug,Landelijk Gebied noordzijde,148174.09066666669,453349.46616666665
Utrechtse Heuvelrug,Landelijk Gebied zuidzijde,147616.2580900901,449330.90591891896
Utrechtse Heuvelrug,Leersum,157728.40415748974,447049.059370963
Utrechtse Heuvelrug,Loolaankwartier en Beukenstein,147245.90186879828,452319.6546868799
Utrechtse Heuvelrug,Maarn waaronder Klein Amsterdam,153986.2441719627,452894.7125738321
Utrechtse Heuvelrug,Maarsbergen,156422.44309883742,452081.94300000026
Utrechtse Heuvelrug,Oudeweg,149194.61232569575,450153.65190671
Utrechtse Heuvelrug,Valkenheide,156995.34241666662,450205.03822619043
Utrechtse Heuvelrug,Verspreide huizen Heuvelrug,160843.65391489366,446213.4885957447
Utrechtse Heuvelrug,Verspreide huizen Lekdijk,157250.18972164945,444407.653814433
Utrechtse Heuvelrug,Verspreide huizen Overberg en De Haar,162607.1545845071,449384.0310714285
Utrechtse Heuvelrug,Verspreide huizen in de Geldersche Vallei,156760.6122101911,452857.25261146494
Utrechtse Heuvelrug,Verspreide huizen in de Geldersche Vallei Overberg,160571.21217142857,450234.7205047621
Utrechtse Heuvelrug,Verspreide huizen in het Lage Gebied Darthuizen,155136.81893333336,446999.24413333344
Utrechtse Heuvelrug,Verspreide huizen in het Lage Land,151781.71333802817,448821.26847183093
Utrechtse Heuvelrug,Verspreide huizen op de Heuvelrug,155495.71975122555,451822.0328884802
Utrechtse Heuvelrug,Verspreide huizen op de Heuvelrug-Oost,154687.8329649123,449365.65453216364
Utrechtse Heuvelrug,Verspreide huizen op de Heuvelrug-West,150385.25824221448,451703.59641868545
Utrechtse Heuvelrug,Welgelegen-Rosarium,148290.87662406566,451083.48747085227
Utrechtse Heuvelrug,Wildbaan-Dennenburg,147246.74974125353,451244.97857725975
Vaals,Harles,196641.822,310291.3648529412
Vaals,Holset,197333.03488372092,309659.2197209302
Vaals,Lemiers,197656.2239923664,310830.76138422394
Vaals,Mamelis,196441.77641379306,311997.22144827584
Vaals,Raren,198291.50631004374,309296.60714847175
Vaals,Vaals,199406.4703957443,309328.6121452615
Vaals,Verspreide huizen Cottessen-Camerig,193698.48311392407,308621.4938101265
Vaals,Vijlen,195631.6213727269,311038.06768113223
Vaals,Wolfhaag,198349.51127941176,307851.4117794118
Valkenburg aan de Geul,Berg,182908.6621628551,319184.85102985054
Valkenburg aan de Geul,Broekhem Noord,186237.13098757752,320375.58367236017
Valkenburg aan de Geul,Broekhem Zuid,185630.84593660533,320103.819510225
Valkenburg aan de Geul,De Heek,188147.85327777776,320711.51449999993
Valkenburg aan de Geul,De Kluis,187975.233,319075.953
Valkenburg aan de Geul,De Valkenberg,185587.9185,320512.18450000003
Valkenburg aan de Geul,Emmaberg,187313.57601,320659.20318
Valkenburg aan de Geul,Euverem,187450.32033333334,319439.594
Valkenburg aan de Geul,Gerendal,187912.65025,317020.69224999996
Valkenburg aan de Geul,Geulhem,183090.32134375,319868.727375
Valkenburg aan de Geul,Hekerbeek,186875.03849104446,320040.74568035133
Valkenburg aan de Geul,Houthemerveld,183514.41185714284,321036.041
Valkenburg aan de Geul,IJzeren,186324.43284962405,316579.29485714284
Valkenburg aan de Geul,Keutenberg - Sousberg,189265.80146428573,317206.83557142864
Valkenburg aan de Geul,Oud-Valkenburg,187875.7354606742,318446.87243820226
Valkenburg aan de Geul,Plenkert,185798.9330172414,319608.0036206898
Valkenburg aan de Geul,Rasberg,181191.67984615386,318933.3246923076
Valkenburg aan de Geul,Ravensbosch,186096.93985714283,321733.7131428571
Valkenburg aan de Geul,Schin op Geul,189032.16783733337,318275.4812266668
Valkenburg aan de Geul,Schoonbron,189596.13926050416,318065.7631764705
Valkenburg aan de Geul,Sibbe,185937.77423929962,317300.1354377432
Valkenburg aan de Geul,Sint Gerlach,183775.4680196079,320355.1271254901
Valkenburg aan de Geul,Strabeek,184845.74232352935,320314.1831176471
Valkenburg aan de Geul,Strucht,188677.8606633664,317981.55329702963
Valkenburg aan de Geul,Terblijt,183303.42132000002,318398.047
Valkenburg aan de Geul,Valkenburg,186347.73467356438,319337.39845165855
Valkenburg aan de Geul,Vilt,184669.76255288452,318813.7930841346
Valkenburg aan de Geul,Vilter Heide,184957.247,319087.587
Valkenburg aan de Geul,Vilterveld,185249.9944,317641.54280000005
Valkenburg aan de Geul,Vroenhof,183096.5148059701,320569.5791592039
Valkenburg aan de Geul,Walem,188747.32436403504,319139.0879385962
Valkenswaard,Agnetendal,158323.48056072352,374016.4135142119
Valkenswaard,Borkel,158675.55219702603,367675.849078067
Valkenswaard,Brouwershof,157759.12720615792,373843.5024082999
Valkenswaard,Centrum,160032.6904723796,373601.17472237995
Valkenswaard,De Belleman,158098.65795783134,374118.5626024096
Valkenswaard,Dommelen,158086.9591528821,373084.51009774423
Valkenswaard,Geenhoven,159938.75674589266,374326.1003389924
Valkenswaard,Het Gegraaf,159176.93477569445,374711.5170104166
Valkenswaard,Hoge Akkers,159851.8106597795,372806.74129407713
Valkenswaard,Industrieterrein Schaapsloop,161507.5147692307,373148.7395865385
Valkenswaard,Keersop,157418.58952631577,374852.6055263158
Valkenswaard,Keersopperbeemden,157713.56745028144,374592.84324368666
Valkenswaard,Kerkakkers,159201.94330198446,373716.7321587575
Valkenswaard,Schaft,159925.57245333333,367659.5974266667
Valkenswaard,Schepelweijen,158094.24939040453,374743.99419755425
Valkenswaard,Turfberg-Noord,160906.26404447114,374202.9210180287
Valkenswaard,Turfberg-Zuid,160760.12845292097,373503.2173257734
Valkenswaard,Verspreide huizen Klein Borkel en Achterste Brug,157379.72078651685,367197.24344943825
Valkenswaard,Verspreide huizen Malpiebergse- en Opperheide,160405.445880597,367835.4344328359
Valkenswaard,Verspreide huizen Turfbergse Heide Nederheide,160404.175493464,372077.65644117654
Veendam,Bareveld,253112.6597656808,563690.1636466829
Veendam,Borgercompagnie (gedeeltelijk),251208.7309263158,570224.1117789475
Veendam,Boven-Wildervank,253354.42034196865,565403.1983454232
Veendam,Buitenwoel,253938.6711760297,570703.441699127
Veendam,Ommelanderwijk,256700.375138554,568053.4372730926
Veendam,Veendam en omgeving station,255113.15401590077,569569.851028268
Veendam,Veendam-Centrum,254527.60836378083,569974.9370797252
Veendam,Veendam-Middenweg en omgeving,254863.15642163355,571469.3409315675
Veendam,Veendam-Oude Ae,255013.78854568905,570735.0680774391
Veendam,Veendam-Sorghvliet,253624.89474764979,568832.7591504217
Veendam,Veendam-Zuid,254501.721802469,569258.0883308648
Veendam,Veendam-industriegebied,255547.37619067772,569402.4231059322
Veendam,Verspreide huizen,254133.24917500003,567808.5683499997
Veendam,Wildervank,254031.3591057715,567568.0228867226
Veendam,Wildervanksterdallen,255591.05847368418,564486.8289736841
Veendam,Zuidwending,258625.1247403314,568735.2484972377
Veenendaal,'t Goeie Spoor en omgeving,166133.39925490203,448188.33598039194
Veenendaal,'t Hoorntje,166138.26285292092,449382.2541079033
Veenendaal,Beatrixstraat en omgeving,166315.1622936321,448686.12893867947
Veenendaal,Bezuiden de Dijkstraat,164428.48645454546,447932.8556818182
Veenendaal,Bezuiden de Middelbuurtseweg,167065.8583142857,446217.34757142863
Veenendaal,Boslaan en omgeving,166199.0328196287,447309.22334217525
Veenendaal,Componistenbuurt,164963.54027169413,449777.07287603343
Veenendaal,De Batterijen,167056.08504444454,450774.0612925926
Veenendaal,De Blauwe Hel,168217.88546428567,447429.68100000004
Veenendaal,De Compagnie,166904.57876344083,450123.8936272402
Veenendaal,De Compagnie-Oost,167799.11982857145,449850.5565238094
Veenendaal,De Faktorij en De Vendel,165886.4018036253,450175.17678549833
Veenendaal,De Gelderse blom,166740.44745283027,449821.20812772145
Veenendaal,De Groene Velden,167481.05671428572,447785.3929047619
Veenendaal,De Pol,166715.35309067988,449464.2015239301
Veenendaal,Dichtersbuurt,164501.15243616924,448649.38894940383
Veenendaal,Dragonder-Noord,167414.90308430252,449392.29388565884
Veenendaal,Dragonder-Oost,167905.73050945386,448405.50801365584
Veenendaal,Dragonder-Zuid,167430.29620197075,448526.88793455355
Veenendaal,Engelenburg,166719.44470541907,448035.0461250579
Veenendaal,Fort Buurtsteeg,166520.9916153846,450886.5998076923
Veenendaal,Franse Gat,165630.74052221456,447848.73005809943
Veenendaal,Het Ambacht,166468.3453310627,447600.7296362395
Veenendaal,Koopcentrum,166600.2766588854,448686.8272236442
Veenendaal,Molenbrug,165925.3020629522,448865.8340557162
Veenendaal,Nijverkamp,167425.60500313967,446597.82756671903
Veenendaal,Oudeveen en De Schans en omgeving,165495.89418864102,449504.82238165446
Veenendaal,Petenbos,166100.13897418012,446556.87598883413
Veenendaal,Petenbos-Oost,166432.24213845984,446220.8840469649
Veenendaal,Salamander,165453.93772137412,446964.90704580146
Veenendaal,Schepenbuurt,165041.1544218183,448328.5651890904
Veenendaal,Schrijverswijk,166891.97614977977,448587.2984193838
Veenendaal,Spitsbergen,168058.65902659573,449370.9843244681
Veenendaal,Veenendaal-Oost,168484.57788224192,448192.2012594453
Veenendaal,Vijgendam en omgeving,167032.04183434657,448934.04361246206
Veenendaal,Vogelbuurt,164869.1422917727,449127.1856819334
Veere,Aagtekerke,24688.879903636363,396950.85732727265
Veere,Biggekerke,25796.987704999996,391518.7339275
Veere,Breezand,32270.945148418494,400953.5426009731
Veere,Buiten de Veste,34952.51106521739,397147.3926630436
Veere,De Ruiser,24341.864438202254,391002.1553258426
Veere,Dishoek,25485.772275316445,388835.8282088608
Veere,Domburg,23995.12189171605,398731.57276272174
Veere,Duno,27820.88159692899,400295.71792514407
Veere,Gapinge,32752.832970149244,396519.1144577115
Veere,Grijpskerke,28346.355743785854,395538.897082218
Veere,Joossesweg,20964.80035476191,393719.73277857155
Veere,Koudekerke,27576.702323417714,389630.4479563289
Veere,Kustlicht,22240.42113375796,392778.3578768578
Veere,Meliskerke,24765.17821153847,393441.49344999983
Veere,Oostkapelle,27695.861721420657,399104.32058934483
Veere,Randduin,27394.581864919346,399947.15825201623
Veere,Serooskerke,30721.99416341465,397101.1032134146
Veere,Veere,35626.00812893983,396828.4967564471
Veere,Verspreide huizen Aagtekerke,24294.418735849056,396525.30314465426
Veere,Verspreide huizen Domburg,23861.606223602506,398447.6963354041
Veere,Verspreide huizen Gapinge,33133.80822641509,396559.9725094339
Veere,Verspreide huizen Grijpskerke,28484.393150442473,394890.39550442464
Veere,Verspreide huizen Meliskerke,25529.43476146788,394006.2854036697
Veere,Verspreide huizen Serooskerke,30911.302914285734,396939.0601428573
Veere,Verspreide huizen Veere,34659.0135614035,395965.0810438596
Veere,Verspreide huizen Vrouwenpolder,31788.08429281769,400251.83685082867
Veere,Verspreide huizen Westkapelle,20840.056207547168,395251.3776289307
Veere,Verspreide huizen Zoutelande,22758.698051118205,392738.3042460063
Veere,Verspreide huizen buiten recreatiegebied Biggekerke,26189.617499999997,391646.21507954545
Veere,Verspreide huizen buiten recreatiegebied Koudekerke,27917.472573943658,389521.91254225356
Veere,Verspreide huizen in het Noorden,27696.633888,399693.74624799995
Veere,Verspreide huizen in het Zuiden,27944.04325,398497.2103112243
Veere,Verspreide huizen in recreatiegebied van Biggekerke,24621.79566666666,390608.4857333334
Veere,Verspreide huizen recreatiegebied van Koudekerke,25849.60718110237,388189.17285826773
Veere,Vrouwenpolder,32152.13719742489,400051.63917596557
Veere,Westkapelle,19986.436775981558,395213.72103521944
Veere,Zanddijk,35226.15606074765,395988.2375537381
Veere,Zoutelande,23105.690673529396,391956.03641691164
Veldhoven,'t Look,155114.6234964026,380912.321059952
Veldhoven,Cobbeek en Centrum,156044.55375478268,381207.9917073911
Veldhoven,D'Ekker,156261.00988724994,380424.3383891525
Veldhoven,De Kelen,155186.8745439658,382534.0850673138
Veldhoven,De Polders,156295.4735347384,382494.2531990632
Veldhoven,Heikant-Oost,155640.9358552997,381967.4217069125
Veldhoven,Heikant-West,154983.02225642637,381802.4571586202
Veldhoven,Meerveldhoven,157080.95736866348,380689.6177215271
Veldhoven,Oerle,153883.95020253139,381471.4231569621
Veldhoven,Veldhoven,155696.9198534032,379431.43934891646
Veldhoven,Verspreide huizen Groote Aard en Vliet,152482.6508037383,381020.4979345795
Veldhoven,Verspreide huizen Scherpenering en Landsaard,154992.9872941177,382923.1599317646
Veldhoven,Verspreide huizen Zittard,153650.97050170656,379873.641802048
Veldhoven,Verspreide huizen ten zuiden van de E3-weg,155681.71305882354,378138.39674509794
Veldhoven,Zandoerle,153019.86116981134,380575.95798113197
Veldhoven,Zeelst,157007.15155148826,381694.9474135151
Veldhoven,Zonderwijk,155393.30656084014,380214.7034694254
Velsen,Bastionbuurt,105728.87861556232,494163.60990832077
Velsen,Bellatrixbuurt,101046.72405289252,496116.9712099174
Velsen,Biezenbuurt,104546.29270167848,494822.8118390997
Velsen,Blekersbuurt,103477.37686783615,492239.1834573098
Velsen,Bloemenbuurt,104388.36327613944,493905.1091447724
Velsen,Bomenbuurt,103257.40963016529,496551.3585103304
Velsen,Canopusbuurt,101130.71234136561,496335.9619651942
Velsen,Driehuis-Dorp,103925.14497120911,495479.5365988489
Velsen,Duinenbuurt,103317.98920000001,494332.5717555557
Velsen,Duinvlietbuurt,104533.64705545921,498653.9811386482
Velsen,Eltabuurt,103723.31193069305,492581.6688217824
Velsen,Florarondebuurt,105102.5831271855,494169.9865935513
Velsen,Gildenbuurt,104319.76750000015,498884.42625382735
Velsen,Heidebuurt,103047.13651602027,497441.3241349073
Velsen,Herculesbuurt,101340.55694006309,496637.3251282857
Velsen,Hofgeest,105339.25158345664,494830.4491373709
Velsen,Kapelbuurt,104298.08232151603,495731.3126943766
Velsen,Keetbergbuurt,100537.05406242197,496112.98489388323
Velsen,Kerkerinkbuurt,104327.67222406634,494347.3670684651
Velsen,Kerkpadbuurt,104223.24827428568,494663.42856285715
Velsen,Kikvorsbuurt,102195.82436797753,496983.85080898897
Velsen,Kriemhildebuurt,103853.09157703925,495890.78999395727
Velsen,Kruisbergbuurt,100936.3663576719,495862.7029079367
Velsen,Lagersbuurt,103363.3601756098,497327.56540975685
Velsen,Maadbuurt,105529.38019532911,494650.04533120996
Velsen,Moerbergbuurt,101792.58074074076,496861.1674074074
Velsen,Natuurkundigenbuurt,102351.83999719094,497187.65112359566
Velsen,Neethofbuurt,103386.37843478261,493067.2285424434
Velsen,Noord-Spaarndammerpolder,106534.02170961043,495951.96444340225
Velsen,Oud-IJmuiden,101155.20798900348,497459.8162776096
Velsen,Paterskerkbuurt,102841.07144510982,496963.0423053892
Velsen,Pijlkruidbuurt,105246.71163650075,493974.130349925
Velsen,Reyndersbuurt,100160.243626782,499927.09390285285
Velsen,Rijkersparkbuurt,103762.65945344132,493018.4422105262
Velsen,Rivierenbuurt,102297.8895409837,496771.6371522248
Velsen,Santhaesbuurt,104034.52557894745,493931.496207336
Velsen,Santpoort-Dorp,104623.52653048777,494235.3841097559
Velsen,Saturnusbuurt,101711.61955410594,496498.92018419
Velsen,Schildersbuurt,102848.20598455597,496737.086092664
Velsen,Schiplaanbuurt,101426.73855220868,495920.02578313265
Velsen,Spanjaardsbergbuurt,103996.28259537587,494355.1861098263
Velsen,Springerbuurt,106066.76908833528,493633.1488890152
Velsen,Staalbuurt,103251.10266666666,498778.35299999994
Velsen,Stadhuisbuurt,102912.10338190479,497162.08344895585
Velsen,Tjotterbuurt,105513.98993915599,493718.7904612361
Velsen,Tussenbeeksbuurt,103482.68666992396,496879.28413355054
Velsen,Van Gelderbuurt,104366.67034235976,498328.3580928439
Velsen,Velsen-Dorp,104712.68289552238,497361.62108955206
Velsen,Velsen-Oost,105032.05422687145,497209.28806251707
Velsen,Velserbeek,103977.21560789476,497081.92009210517
Velsen,Velseroord,103120.7947784737,496861.35710953904
Velsen,Verzetsheldenbuurt,101909.5942151639,497288.9461854514
Velsen,Vissersbuurt,101586.14970181826,496935.6922854547
Velsen,Vogelbuurt,103573.20504296866,496431.576722657
Velsen,Watervlietbuurt,104863.35215534453,498594.6783987229
Velsen,Weidbuurt,105987.08267157583,494294.57534167904
Velsen,West-Indische buurt,104601.92926239067,494518.258530612
Velsen,Westbroekbuurt,106784.43876238319,493166.31129089964
Velsen,Westerwijkbuurt,103767.44371313966,498803.6801306544
Velsen,Wijkermeerbuurt,104846.43268115942,498229.7168347827
Velsen,Zeeheldenbuurt,102563.63178846148,497422.87287692283
Velsen,Zuid-Spaarndammerpolder,108097.22576852053,493820.762727607
Velsen,Zuidzijdebuurt,99951.92510546911,496760.241213018
Venlo,'t Zand,209808.25004220768,377455.39550718735
Venlo,Aan de Stuw,205944.57074137926,370479.04318965523
Venlo,Annakamp-Oost,207556.99594096572,375070.11908944545
Venlo,Annakamp-West,207202.88047747753,374981.8276276275
Venlo,Arenborg,211540.44278723412,377256.4476241134
Venlo,Auxillatrix,210826.21450980395,372631.2576470588
Venlo,Bedrijventerrein Windhond,207401.27437037037,372064.35533333337
Venlo,Binnenstad-Noord,209913.27951518397,376343.38512689824
Venlo,Blerick-Centrum,208228.48221470206,375671.1862219564
Venlo,Bloemenbuurt,210990.471114144,374672.57352853596
Venlo,Bolenberg,205376.3605,368946.21575000003
Venlo,Bosserhof,207965.51948845934,373287.65871712205
Venlo,Brandemolen en Veld,210416.81538947366,388633.2448210526
Venlo,Casinoflat,210811.5179016394,374863.1725901634
Venlo,Craneveld,209858.40885773723,376745.6081272873
Venlo,De Krosselt,209371.00583050848,379157.6056101695
Venlo,De Tichelarij,210774.7440675239,376635.4354807069
Venlo,Dr. Poelsplein e.o.,210312.29993996272,374559.3606979361
Venlo,Ecopark,204177.6606710526,378298.248618421
Venlo,Floriade Park,205788.13622222224,379911.01544444455
Venlo,Fresh Park,206842.98814285715,379983.7191428572
Venlo,Gebied patersweg,204789.9636226416,368585.0020943396
Venlo,Geloérveld / Pannenberg,206363.44974400007,370291.402128
Venlo,Geloö,206986.192173913,370595.2567608696
Venlo,Genooy,209091.35802325577,378465.73279069766
Venlo,Genooybergen,209414.8382571428,378025.5488
Venlo,Groeneveld,210465.7396155532,375167.1927765606
Venlo,Groenstraat-Noord,211087.60119999957,375912.61326315836
Venlo,Groenstraat-Zuid,210911.3965876289,375613.1829278351
Venlo,Groot Boller,207309.9053974358,377670.02205128194
Venlo,Grote Hei,211479.96600000001,373999.8431888889
Venlo,Hagerbroek,209646.9607713097,374395.32564969035
Venlo,Hagerhof-West,208730.2069500779,375024.9662979704
Venlo,Hagerhof-oost,209174.26221399594,374714.4301511155
Venlo,Hasselderheide,209658.85835460995,382076.4105248227
Venlo,Hasselt en Het Vorst,208897.16238095242,380816.8848027212
Venlo,Havengebied,208164.3582970297,377787.1669900991
Venlo,Heierhoeve,203451.99293069297,379051.38597029704
Venlo,Herungerberg,212216.2535983937,377024.4380642573
Venlo,Hogekamp,209995.79990504702,375453.0742495954
Venlo,Horsterweg,208164.42102020784,376759.44623457047
Venlo,Jezuïtenbuurt,210506.92842469126,374689.86178271595
Venlo,Kaldenkerkerweg-Oost,208880.4710447761,372022.4823283582
Venlo,Kaldenkerkerweg-West,208170.17275845507,372696.9009515323
Venlo,Kazerneterrein,208759.07081481477,376288.7418888889
Venlo,Kern 't Ven,210974.51290045175,377758.47782997246
Venlo,Kern Arcen,210161.99696161615,387881.5124191916
Venlo,Kern Belfeld,205943.1195326806,369351.1266531791
Venlo,Kern Boekend,205815.23308301886,376702.0950830191
Venlo,Kern Hout-Blerick,206600.41164295672,374734.4675955372
Venlo,Kern Lomm,209427.59138127565,384551.4659958199
Venlo,Keulse Barriére,210936.64020370372,373141.28135185177
Venlo,Klingerberg-Noord,206616.44661100185,376896.8941768169
Venlo,Klingerberg-Zuid,206660.29031967308,376441.30949942896
Venlo,Kloosterdorp,206345.58690664993,371846.45714705816
Venlo,Krekelsberg,207160.2386551724,372124.0527241379
Venlo,Krekelveld,209627.63104046247,374863.810317919
Venlo,Lage Heide,207839.37417582422,372063.78889743617
Venlo,Lingsfort,211901.3804,387742.33322352945
Venlo,Maalbeek,206534.3553170732,368294.83386991854
Venlo,Maasveld I,206685.60281460686,372942.627455055
Venlo,Maasveld II,207256.00955416638,373462.8024354165
Venlo,Maaswaard,208956.64140000028,375427.73200571496
Venlo,Meuleveld,207225.21928488373,374392.8138808139
Venlo,Molenbossen,207833.0333895242,374817.41055482643
Venlo,Nieuw-Steyl,206834.30178260902,371897.08219110157
Venlo,Noorderpoort,209944.22706382975,378591.871531915
Venlo,Onderste en Bovenste Molen,209767.79677083332,373821.53352083336
Venlo,Op de Heide,208501.06788193603,371764.99828571494
Venlo,Postwegflat,211281.7280000001,374809.82699999964
Venlo,Q4,209497.77551690792,376245.3105048321
Venlo,Rijnbeek,210737.21285358566,376082.17253187107
Venlo,Rosarium,209787.05446582226,376035.1687037965
Venlo,Schandelo,210568.9254622642,381880.6182641509
Venlo,Sinselveld,209233.98920476594,375169.7734201234
Venlo,Smeliënkamp,208143.0497897433,376239.67837948725
Venlo,Snelle Sprong,209078.8,370876.93
Venlo,Spikweinen,209961.03636585362,384462.011707317
Venlo,Spoorsingel,209305.53642211057,375333.0519623121
Venlo,Stalberg (midden),211149.89057594945,375140.22492405085
Venlo,Stalberg-Noord,211294.09183116883,375642.90546753246
Venlo,Stalberg-West,210567.8289984803,375713.4153556219
Venlo,Stalberg-oost,211715.0437010869,375132.5236684783
Venlo,Tegelen-Centrum,207212.4527096491,372729.63328679337
Venlo,Trade-Port-Noord,204012.2100263158,380369.67100000003
Venlo,Trade-Port-Oost,206872.62034375,379030.19621875003
Venlo,Ubroek,208538.09422891555,376938.62762048194
Venlo,Ulingsheid,209474.69630769227,372472.3436538462
Venlo,Vastenavondkamp-Noord,207409.22457309059,376578.0994653941
Venlo,Vastenavondkamp-Zuid,207601.89736849756,376183.31766891276
Venlo,Veegtes,210458.49445126372,377920.4989675093
Venlo,Velden-Oost,209453.52065947023,380724.685822375
Venlo,Velden-West,209050.58306773793,380923.999251435
Venlo,Venkoelen,212083.56671523178,378687.0512715232
Venlo,Verspreide huizen Boekend,205615.7469499999,376250.29436666664
Venlo,Verspreide huizen Hout-Blerick,206120.27719999987,374273.24159354874
Venlo,Verspreide huizen Lomm,211032.00224000003,384963.83592
Venlo,Verspreide huizen Velden,210416.3304102564,380908.6343076923
Venlo,Verspreide huizen arcen,211577.54865717955,389479.0871009055
Venlo,Vierpaardjes,210121.1906311473,374292.09558469936
Venlo,Vogelbuurt,210540.64657922977,374168.7476865006
Venlo,Vossener-Centrum,206844.4971747572,375567.8507145628
Venlo,Vossener-Noord,206973.6856721854,375858.21913245023
Venlo,Vossener-West,206602.74009319907,375719.925418136
Venlo,Vossener-Zuid,206803.20976506016,375281.67745783133
Venlo,Winkelcentrum,209442.11115459818,375795.76019895624
Venlo,Withuis,210283.17055816966,376983.68245454354
Venlo,Witveld,205784.81933333332,370106.38508333336
Venlo,Wylrehof,208951.59620018132,373910.2360547429
Venlo,Zaarderheiken,204716.06484615384,380709.2047307693
Venlo,Zonneveld,207137.39717333345,375241.7519533332
Venlo,bedrijventerrein Hagerhof,208867.0212105263,374356.94410526304
Venlo,gazenkamp,207605.48743335198,375598.70230182033
Venray,Blitterswijck,205019.82952011505,393576.51498850575
Venray,Bomenbuurt,196222.762372043,392664.4296451609
Venray,Brabander,195042.7196529559,394259.41811675
Venray,Brukske 1,196665.7706672949,392489.4747031101
Venray,Brukske 2,197261.30945807783,392738.087178937
Venray,Burggraaf,196212.87934437077,393691.8430298015
Venray,Castenray,199875.38450964188,389212.234280992
Venray,Centrum,195744.50654331237,393197.4944507951
Venray,Geijsteren,200862.6560985221,395939.4494482758
Venray,Heide,193904.2624595745,390855.4513234042
Venray,Keizersveld,196913.84624657527,394710.22230593587
Venray,Landweert 1,196609.44207894738,393825.24390789453
Venray,Landweert 2,197154.9027681477,393831.5360075848
Venray,Landweert 3,196960.29619520556,394279.52590525104
Venray,Leunen,196068.16446063822,391155.19362127647
Venray,Merselo,192509.24773305102,393605.68210381345
Venray,Noordwest,195361.85003793737,393527.54917412525
Venray,Oirlo,199929.8121794773,391375.66198112036
Venray,Oostrum,198723.31598391358,393387.92101379123
Venray,Oranjebuurt,196194.94733206832,393108.39356736204
Venray,Smakt,197745.03731818174,397417.4959999999
Venray,Smakterheide,196193.29777720745,394464.76750259876
Venray,St. Antoniusveld,197091.58648803196,393223.2530890956
Venray,Veltum 1,195097.18936292446,392381.1787284593
Venray,Veltum 2,194525.53443366612,391983.8140556347
Venray,Veulen,194583.10727601813,388221.7715294117
Venray,Vlakwater,194577.5033378015,393404.5941313673
Venray,Vredepeel,188252.63272897195,395506.6025700934
Venray,Wanssum,202769.8936740331,394294.8830508288
Venray,West midden,195372.33017449675,392856.9263255033
Venray,West zuid,195829.1241229309,392498.9220756509
Venray,Ysselsteyn,190468.52589426865,388902.74966996
Vijfheerenlanden,Achterdijk,131283.05749397588,433667.2184939757
Vijfheerenlanden,Achthoven,128083.51385869566,441976.39438043453
Vijfheerenlanden,Ameide Kern,125863.62974946144,440723.23471428565
Vijfheerenlanden,Ameide Polder,126136.4767878788,440433.51683838374
Vijfheerenlanden,De Hagen,135577.6687920604,445089.56895841163
Vijfheerenlanden,Diefdijk (gedeeltelijk),139330.40762500002,439800.455328125
Vijfheerenlanden,Everdingen,139156.94919387737,441796.5626096936
Vijfheerenlanden,Geer,130823.91462500002,434908.02755000006
Vijfheerenlanden,Hagestein,136740.8746754807,443526.74728365365
Vijfheerenlanden,Hei- en Boeicop Kern,133830.4215322582,439623.37147741916
Vijfheerenlanden,Hei- en Boeicop Polder,132822.76859999998,439864.68591200013
Vijfheerenlanden,Hogewaard,125420.15731097563,440954.2782012196
Vijfheerenlanden,Industrieterrein Hagestein,134838.25317857144,443079.8532499999
Vijfheerenlanden,Industrieterrein Vianen,135143.12204637702,443954.6360615528
Vijfheerenlanden,Kedichem,132008.1754357429,430891.1673995982
Vijfheerenlanden,Lakerveld,130048.58084671531,439431.3250072991
Vijfheerenlanden,Leerbroek Polder,131728.49133333334,435853.7492738093
Vijfheerenlanden,Leerbroek kern,131826.95712759643,435698.42577151366
Vijfheerenlanden,Leerdam-Centrum,134751.908436751,433793.4832097198
Vijfheerenlanden,Leerdam-Noord,134393.77252911634,434432.9794528792
Vijfheerenlanden,Leerdam-Oost,135359.37597512812,433702.73059985443
Vijfheerenlanden,Leerdam-West,133924.5827684306,433426.51668032975
Vijfheerenlanden,Lexmond Kern,130913.93583110193,441730.0066498441
Vijfheerenlanden,Lexmond Polder,131189.43509890116,441636.6536648352
Vijfheerenlanden,Meerkerk Polder,128220.46536812696,436216.96581557824
Vijfheerenlanden,Meerkerk kern,127994.52047315166,436805.2884591435
Vijfheerenlanden,Meerkers Broek,127066.61546107788,438294.9716766468
Vijfheerenlanden,Middelkoop,131828.69108333334,437248.4997777778
Vijfheerenlanden,Monnikenhof en Amaliastein,133810.09569831452,443872.6954568478
Vijfheerenlanden,Nieuwland Kern,129246.81933992097,434940.77363636333
Vijfheerenlanden,Nieuwland Polder,129109.42476271183,433829.5407966101
Vijfheerenlanden,Oude Stad,134775.3785807201,445154.62770383304
Vijfheerenlanden,Overige verspreide huizen Vianen,134441.19221348313,441686.45051685383
Vijfheerenlanden,Schoonrewoerd,136479.28336602208,437169.49202900584
Vijfheerenlanden,Sluis,126807.06475609756,440982.7944146341
Vijfheerenlanden,Tienhoven Kern,124735.06195454542,441510.72774242435
Vijfheerenlanden,Tienhoven Polder,124380.68474999997,440889.9993874999
Vijfheerenlanden,Verspreide huizen Everdingen,138296.6651847826,440947.4385108697
Vijfheerenlanden,Verspreide huizen Helsdingen,132966.16688540246,443363.19183076464
Vijfheerenlanden,Verspreide huizen Leerdam,135373.99579757085,434950.7040161943
Vijfheerenlanden,Verspreide huizen in het Noorden,136639.4492670156,444336.38270942366
Vijfheerenlanden,Verspreide huizen in het Oosten,137714.88757971014,443048.5070507244
Vijfheerenlanden,Verspreide huizen in het Zuidwesten,136167.24135185182,443322.13725925935
Vijfheerenlanden,Vijfheerenlanden,135371.0418935322,445108.2179900499
Vijfheerenlanden,Weverwijk,129450.21610638298,436237.3284893617
Vijfheerenlanden,Zederik,134764.31663164566,444408.13367974723
Vijfheerenlanden,Zijderveld,137781.2169331395,439356.326726744
Vlaardingen,'t Nieuwe Lant,84638.33933333335,437282.5530000001
Vlaardingen,'t Scheur,81086.26690769232,435029.8967384614
Vlaardingen,Babberspolder Noord,83990.8852457205,437463.7055307159
Vlaardingen,Babberspolder Oost,84399.37407659739,437033.3384285726
Vlaardingen,Babberspolder West,83976.33435791753,436794.3146260302
Vlaardingen,Broekpolder gebied,82002.03696189825,437885.4680822619
Vlaardingen,Buitengebied Zuidbuurt,79816.38139999998,436541.94804
Vlaardingen,Centrum,82941.04952470612,436353.53020165826
Vlaardingen,De Vergulde Hand,81073.06170940177,435438.0963333331
Vlaardingen,Deltagebied,82267.91695061733,435092.7430864198
Vlaardingen,Drevenbuurt,83184.45034661927,439342.63972028514
Vlaardingen,Havengebied Oost,84320.77071515162,435630.87869696977
Vlaardingen,Hoevenbuurt,84007.82763385226,439499.97347379517
Vlaardingen,Hofbuurt,83383.07798740445,436693.71000330825
Vlaardingen,Holierhoekse Polder,82795.80613333335,439884.3877333334
Vlaardingen,Hoofdstedenbuurt,83897.71218923366,439079.4458760213
Vlaardingen,Hoogkamer,81073.28079424155,436053.1605003034
Vlaardingen,Hoogstad,82728.86244615383,437061.08527692285
Vlaardingen,Indische Buurt,82361.01537893568,436460.68692616775
Vlaardingen,Kruidenbuurt,83003.75617174176,438918.1890475036
Vlaardingen,Lage Weide,81144.28037137778,436827.30687640357
Vlaardingen,Lickebaert,78816.944375,435864.37987500004
Vlaardingen,Loper Noord,83280.67871556348,438761.7045008943
Vlaardingen,Loper Zuid,83395.76992588592,438506.01734693965
Vlaardingen,Maasboulevard,83288.2789820019,435196.8908886393
Vlaardingen,Oostbuurt,83723.04843101368,435994.9199250172
Vlaardingen,Oranjebuurt,83320.22463655456,437200.74361344567
Vlaardingen,Park Holy Noord,83525.9429827587,439100.06458620646
Vlaardingen,Park Zuidbuurt,81931.27006250001,435864.54587499995
Vlaardingen,Sportpark Holy,84287.80004347819,438533.9202826085
Vlaardingen,Statenbuurt,83557.11161220643,438055.8112403068
Vlaardingen,Vaart Noord,82691.12635593762,438935.4801660316
Vlaardingen,Vaart Zuid,83147.31350828114,438085.0478312648
Vlaardingen,Vettenoordse Polder Oost,82879.6768834356,435704.7453009745
Vlaardingen,Vettenoordse Polder West,82283.28351704545,435580.04906818195
Vlaardingen,Vijfsluizen,84778.2115,436227.017
Vlaardingen,Vogelbuurt Noord,84042.33671879489,438762.5712110785
Vlaardingen,Vogelbuurt Zuid,84205.79819375921,438295.5567418798
Vlaardingen,Wetering,81692.0963902318,436739.1924953137
Vlaardingen,Zuidbuurt,81500.3238014181,435964.593723989
Vlieland,Oost-Vlieland,133982.79693363316,590096.0242947134
Vlieland,Verspreide huizen Vlieland,132826.65676980195,590665.8182252479
Vlissingen,Baskensburg Noord,29766.79439130434,386830.8088782608
Vlissingen,Baskensburg Zuid,29542.568964824124,386221.09095979884
Vlissingen,Bedrijventerrein Oost-Souburg Oost,31341.639071428566,387069.00342857145
Vlissingen,Bedrijventerrein Oost-Souburg West,30891.433999999997,386559.18799999997
Vlissingen,Bloemenlaan e.o. Oost,29127.0109281222,386456.52362982923
Vlissingen,Bloemenlaan e.o. West,28794.01181112736,386433.0694494877
Vlissingen,Bonedijkestraat e.o.,28473.66540429044,386402.2612673271
Vlissingen,Bossenburgh - Weyevliet,28942.542883485316,387600.5474002024
Vlissingen,Boulevards Bankert en Evertsen,28230.958893408133,385814.0085960732
Vlissingen,Buitenhaven,31010.00829761905,386253.9924642858
Vlissingen,Hercules Segherslaan e.o.,28968.16893327841,386913.8696499178
Vlissingen,Het Fort e.o.,28377.64059444443,386851.7915527778
Vlissingen,Kennishaven,30142.256040816323,386204.69581632636
Vlissingen,Kern Oost-Souburg Oost,31209.2137811816,387506.761202407
Vlissingen,Kern Oost-Souburg West,30786.366867056888,387572.5750576929
Vlissingen,Lammerenburg,28252.306479262676,388023.0871981561
Vlissingen,Landelijk gebied Lammerenburg,29320.18869533501,388216.925192551
Vlissingen,Landelijk gebied Oost-Souburg,32017.2816,388484.71379999997
Vlissingen,Molenweg e.o.,31546.18298265178,387915.45914746
Vlissingen,Oude Binnenstad,29040.253770741012,385323.75592273584
Vlissingen,Paauwenburg Noordoost,27672.20719370462,387724.6087227602
Vlissingen,Paauwenburg West,27145.275556048866,387558.9794017757
Vlissingen,Paauwenburg Zuidoost,27741.352916760407,387264.8868008992
Vlissingen,Papegaaienburg - Hofwijk,29408.325782122916,387928.53839292383
Vlissingen,Rammekens,32130.47905128205,386498.19797435915
Vlissingen,Ritthem,32547.77942891049,386177.71880572377
Vlissingen,Rosenburg,28250.69153748228,387444.9360466756
Vlissingen,Scheldekwartier,29303.65140774945,385865.65711339726
Vlissingen,Scheldestraat e.o.,28972.846636513186,385861.340617325
Vlissingen,Schoonenburg,31301.926802105252,388246.84163578966
Vlissingen,Schoonenburg - Groot Abeele,31000.226012958963,388331.5578412527
Vlissingen,Sloegebied,37104.232119718305,387411.3428943662
Vlissingen,Souburg-Noord,31498.478229885048,388577.785402299
Vlissingen,Stadhuisplein e.o.,28671.909777258577,385926.19952492235
Vlissingen,Vredehof Noord,27905.92864487122,386759.2889274046
Vlissingen,Vredehof Zuid,28051.517184174612,386432.73292633
Vlissingen,Vrijburg,30149.509982558156,388584.2110930235
Vlissingen,Welzinge,32762.34180305519,387715.5686161639
Vlissingen,West-Souburg,30126.87036553388,388017.8216083129
Vlissingen,Westduin,26366.27203999998,387394.08736000006
Vlissingen,Westerzicht,29875.290851458933,387400.9752877983
Vlissingen,Zeewijksingel,30601.724814258927,387166.5586360225
Voerendaal,Colmont,193399.24229729729,318170.52372972976
Voerendaal,Craubeek,190773.1891123596,320895.1022921348
Voerendaal,Fromberg,190483.78333333333,317390.53726666665
Voerendaal,Hellebeuk,188596.22143333338,321237.83489999996
Voerendaal,Klimmen,189700.59717570536,320974.33578633383
Voerendaal,Kunderberg,194365.06333333335,320353.7875
Voerendaal,Kunrade,193497.59340089242,320921.03631755407
Voerendaal,Mingersborg,194411.58533333338,317409.6258148148
Voerendaal,Ransdaal,190514.68727896002,319526.15176359355
Voerendaal,Retersbeek,192208.59726315798,322679.87021052634
Voerendaal,Termaar,190158.2603908046,320061.55578735605
Voerendaal,Ubachsberg,194509.97578089888,318365.45941573055
Voerendaal,Verspreide huizen Voerendaal,191624.01721938778,320759.53505612235
Voerendaal,Voerendaal,192930.1812657685,321407.9604556033
Voerendaal,Weustenrade,192135.6895102042,323401.60640816315
Voerendaal,Winthagen,193357.0705,319361.7731388889
Voorschoten,Adegeest,90937.96402245166,461089.20360861515
Voorschoten,Bijdorp,90794.39522113021,459690.4110970515
Voorschoten,Bloemenwijk,90135.09071624708,459977.44703432446
Voorschoten,Boschgeest,89825.25964225693,459735.1670432171
Voorschoten,Buitengebied,89405.3981767613,458607.9363321553
Voorschoten,Centrum,90584.59222204468,460058.09969329054
Voorschoten,Dobbewijk,89756.98711821092,460510.00815654924
Voorschoten,Krimwijk,91568.37388829955,460552.05385376315
Voorschoten,Nassauwijk,90277.33654563686,460388.23121965915
Voorschoten,Noord-Hofland,91577.74090953628,462013.330598804
Voorschoten,Starrenburg,90431.20426802097,459166.6341407724
Voorschoten,Vlietwijk,91135.20219835504,460094.22928737174
Voorst,Bussloo,205822.93691428564,467979.73211428575
Voorst,De Vecht,199517.87661333333,474618.77505333314
Voorst,Gietelo,206020.78631932777,466456.87369747896
Voorst,Klarenbeek (gedeeltelijk),201606.7755957446,464791.7024627657
Voorst,Nijbroek,201008.10494444447,478456.45194444444
Voorst,Posterenk,204884.30802702715,469693.3685045049
Voorst,Steenenkamer,206953.15185245906,473334.8406885249
Voorst,Terwolde,203790.2804795321,477087.7548576996
Voorst,Teuge,200082.84013846153,472162.2581897434
Voorst,Twello-Midden,203761.3282705761,472209.18292435794
Voorst,Twello-Noord,203810.33783247176,472774.9955873834
Voorst,Twello-Zuid,203949.09113219043,471583.3082643589
Voorst,Verspreide huizen Appensche Veld,204479.08417857136,467361.98571428563
Voorst,"Verspreide huizen De Vecht, De Pol en omgeving",200546.78537398367,474669.2447642276
Voorst,Verspreide huizen Gietelo-Bussloo,206132.62903174604,467212.95190476184
Voorst,Verspreide huizen Klarenbeek-Noord,201822.81251041652,466994.97551562503
Voorst,Verspreide huizen Klarenbeek-Zuid,202722.36277450982,464524.7188823529
Voorst,Verspreide huizen Nijbroek,201089.40057807326,478380.1336146181
Voorst,Verspreide huizen Teuge,200101.03799618335,472472.3869732825
Voorst,Verspreide huizen Twello-Noord,203706.98919736847,473538.72263815795
Voorst,Verspreide huizen Twello-Zuid,204506.22364916,471664.8731670168
Voorst,Verspreide huizen Voorst en Wilpse Klei,206436.01508653857,464371.21156730776
Voorst,Verspreide huizen Wilp en Posterenk,205360.52042346937,469556.59603061207
Voorst,Verspreide huizen Wilp-Achterhoek,201540.91140789478,469366.0604407896
Voorst,Verspreide huizen akkerbouwgebied Noord-Empe,204222.49166399994,463354.983592
Voorst,Verspreide huizen langs de IJssel Voorster Klei,207971.96227906973,465283.1018372093
Voorst,Verspreide huizen op de Wilpse Klei,208235.4347142857,469162.58514285705
Voorst,Verspreide huizen op de oeverwal Terwolde,203611.39026485564,478021.0569235991
Voorst,Voorst,206565.0700964797,464883.7578657107
Voorst,Wilp,207017.9161750001,470264.85731363576
Voorst,Wilp-Achterhoek,201960.4417307693,469400.23115384614
Vught,Bergenshuizen,147056.42051333335,405257.44923333323
Vught,Bleijendijk,149503.63608955225,406542.20511940296
Vught,Centrum,148722.0557154055,407500.32400463667
Vught,Cromvoirt,144379.94181402435,407972.35048170714
Vught,De Baarzen,148103.0445336242,405650.59440722276
Vught,De Vughtse Hoeven,147361.7685026061,405665.5048859387
Vught,Gement,145116.33274999997,409952.94156249997
Vught,Loonsebaan,147590.50507299264,407568.55936009745
Vught,Loyola en omgeving,148068.31017722868,408492.04659613315
Vught,Molenstraat en omgeving,148047.3935372862,406421.84500978014
Vught,Schoonveld,148117.12945868957,407126.6890612539
Vught,Taalstraat en omgeving,148567.48899099094,408611.398583584
Vught,Verspreide huizen Cromvoirt,145085.50320634924,406929.2384603176
Vught,Vijverhof,147434.53003232318,406283.99644848425
Vught,Villapark,146964.94194814813,407065.64255185175
Vught,Voorburg en omgeving,148726.18193707467,406563.6827908163
Vught,Vughtse Heide en Lunetten,147038.71420915023,408464.1046361655
Waadhoeke,Achlum,161561.5801304348,573536.380442029
Waadhoeke,Baaium,171457.74905769236,575346.2157115384
Waadhoeke,Berltsum Bedrijventerrein West,172000.41884313722,583560.2476078431
Waadhoeke,Berltsum Kassen,173328.12099999998,583515.4479210527
Waadhoeke,Berltsum Noord,172526.19668543056,584176.5130927156
Waadhoeke,Berltsum Zuid,172603.65648653856,583895.6283192307
Waadhoeke,Bitgum,175127.44622713866,583305.4830766965
Waadhoeke,Bitgummole,176252.42515960106,583230.8677157109
Waadhoeke,Blessum,176731.74824324326,577259.5080810811
Waadhoeke,Boer,166775.7,580925.95
Waadhoeke,Boksum,177879.88308860763,576785.5719620252
Waadhoeke,Buitengebied Achlum,162353.11394444446,574068.9315000001
Waadhoeke,Buitengebied Berltsum,171473.14306000003,583408.9722200001
Waadhoeke,Buitengebied Bitgum,174856.97623333332,583277.8391333334
Waadhoeke,Buitengebied Bitgummole,176965.0340697674,583245.133255814
Waadhoeke,Buitengebied Boksum,177943.54630000002,577173.8412
Waadhoeke,Buitengebied Deinum,177535.8782368421,578637.6976842105
Waadhoeke,Buitengebied Dongjum,165552.14217391305,580134.1496086958
Waadhoeke,Buitengebied Dronryp,172283.2093977273,577734.632056818
Waadhoeke,Buitengebied Franeker,166034.90483519054,577019.6469545623
Waadhoeke,Buitengebied Ingelum,177213.6996190476,582064.7657619048
Waadhoeke,Buitengebied Marsum,177451.03183721795,580066.8745606047
Waadhoeke,Buitengebied Menaam,173493.04158252422,581044.8009223301
Waadhoeke,Buitengebied Minnertsga,168728.7216956522,585036.9200869564
Waadhoeke,Buitengebied Oosterbierum,163337.3296,583685.5560000001
Waadhoeke,Buitengebied Oudebildtzijl,176134.4731824325,591330.4022905406
Waadhoeke,Buitengebied Ried,168535.15764705883,581825.0062352942
Waadhoeke,Buitengebied Sexbierum,161816.00989062502,581412.74475
Waadhoeke,Buitengebied Spannum,169698.46927272726,572349.4452727273
Waadhoeke,Buitengebied St.-Annaparochie,173413.05735319128,589445.2757148938
Waadhoeke,Buitengebied St.-Jacobiparochie,170181.1553513515,589009.7042432431
Waadhoeke,Buitengebied Tzum,166717.75826086954,573779.5960217391
Waadhoeke,Buitengebied Tzummarum,165136.68177884616,583890.6492211538
Waadhoeke,Buitengebied Vrouwenparochie,176523.50683606564,587084.1288852459
Waadhoeke,Buitengebied Winsum,171229.32458333336,573438.8709166666
Waadhoeke,Buitengebied Wjelsryp,169181.15794642858,575613.4540357144
Waadhoeke,Deinum,177605.20543349744,578388.5873349753
Waadhoeke,Dongjum,165455.0719194631,580254.6152885905
Waadhoeke,Dronryp Bedrijventerrein de Alde Mar,171355.03523880598,578906.2085970151
Waadhoeke,Dronryp Midden,172191.9868556999,578557.3984502171
Waadhoeke,Dronryp Oost,172620.73818000007,578773.9796339998
Waadhoeke,Dronryp West,171799.5737250001,578787.0859374999
Waadhoeke,Firdgum,166418.0,584928.84375
Waadhoeke,Franeker 't War,164343.72972972973,578480.4189189189
Waadhoeke,Franeker Alvestudewyk,165667.5662130177,576997.3184792899
Waadhoeke,Franeker Binnenstad,165418.5815154374,577759.2133327613
Waadhoeke,Franeker Bloemketerp en Watertorenbuurt,166127.3791714416,577727.6537249838
Waadhoeke,Franeker Hamburgerrak en st Want,165548.37605446926,578866.9720963688
Waadhoeke,Franeker Industrieter. West en Kie,163883.7956303318,577171.7087251184
Waadhoeke,Franeker Industrieterrein Oost,166736.8582142857,577239.6425714286
Waadhoeke,Franeker Industrieterrein Zuid,165389.66572727272,577312.0387575757
Waadhoeke,Franeker It Stiselplak,164887.16097610292,577978.289007353
Waadhoeke,Franeker Kaatsersbuurt,164584.942545961,578222.5734373259
Waadhoeke,Franeker Keningspark,164122.56865745856,577940.0356353591
Waadhoeke,Franeker Professorenbuurt,165427.45709411762,578288.2960143791
Waadhoeke,Franeker Schalsumerplan en Arkens,166450.31945573774,578244.1307278688
Waadhoeke,Franeker Sexbierumerplan,164864.88440925264,578739.9929626335
Waadhoeke,Franeker Stationsbuurt,165957.72177118645,577374.1491271185
Waadhoeke,Franeker Vliet Tuinen en Frisia,164881.0432934683,577396.1568821662
Waadhoeke,Franeker Witzens,164544.28899082568,578936.3853211009
Waadhoeke,Herbaijum,162237.93119531253,577622.6041796876
Waadhoeke,Hitzum,163735.77723853212,575465.9152660551
Waadhoeke,Ingelum,176985.83010958915,582246.2488493153
Waadhoeke,Klooster Lidlum,164283.57989473685,582289.2341052631
Waadhoeke,Marsum,177757.0536161616,580638.1915010103
Waadhoeke,Menaam Bedrijventerrein Noord,173468.57662264153,581746.8369622643
Waadhoeke,Menaam Oost,173442.72858764188,580863.775994956
Waadhoeke,Menaam West,172976.11834675632,581127.1342393742
Waadhoeke,Minnertsga Bedrijventerrein Boskdykje,169263.6668529412,585497.4320882353
Waadhoeke,Minnertsga Noord,168743.7019401407,585138.6205492956
Waadhoeke,Minnertsga Zuid,168927.29220335433,584890.9354737944
Waadhoeke,Nij Altoenae,172731.95546428568,589983.7457214284
Waadhoeke,Oosterbierum,163347.60855111113,583165.96304
Waadhoeke,Oudebildtzijl,177067.74000597023,590617.6210537313
Waadhoeke,Peins,168880.51034166667,579924.8413999999
Waadhoeke,Pietersbierum,160434.49749382716,580750.3806419753
Waadhoeke,Ried,168664.24553658534,581836.3805512195
Waadhoeke,Schalsum,167491.93683823527,578960.7971617646
Waadhoeke,Sexbierum,161485.51535851642,581227.6734903846
Waadhoeke,Sexbierum Kassen,161885.34029545455,580730.7201136363
Waadhoeke,Sexbierum Waddenglas,162197.0,580358.0
Waadhoeke,Skingen,170415.19282000003,579531.18888
Waadhoeke,Slappeterp,170753.43930303032,581099.0402727273
Waadhoeke,Spannum,169678.7513362069,572866.8256034486
Waadhoeke,St.-Annaparochie Bedr. Nij Toerenburg,173884.39934042547,587815.7195957446
Waadhoeke,St.-Annaparochie Bedrijventer. de Wissel,173529.61607236837,586905.8490394736
Waadhoeke,St.-Annaparochie Noordoost,173289.7397044271,588113.4110000002
Waadhoeke,St.-Annaparochie Noordwest,172606.82502926816,587954.4010634144
Waadhoeke,St.-Annaparochie Zuidoost,173255.39369573657,587641.477217054
Waadhoeke,St.-Annaparochie Zuidwest,172706.5337081909,587443.4319095564
Waadhoeke,St.-Jacobiparochie Noord,169585.76412422353,587587.0128136654
Waadhoeke,St.-Jacobiparochie Zuid,169676.33467999994,587269.4259138467
Waadhoeke,Tzum,166870.30363991766,574588.0852880657
Waadhoeke,Tzummarum Noord,165645.58318518513,583615.0749722222
Waadhoeke,Tzummarum Zuid,165842.44675487417,583256.5663218326
Waadhoeke,Vrouwenparochie,176054.16748076936,588249.606469231
Waadhoeke,Westhoek,167581.12200729924,588004.8161897812
Waadhoeke,Wier,170829.89648514858,585003.6357920793
Waadhoeke,Winsum,171400.8096293277,573854.2517148673
Waadhoeke,Winsum Bedrijventerrein,171116.55620000002,574426.0014249998
Waadhoeke,Wjelsryp,169667.65828658547,575583.2062804877
Waadhoeke,Zweins,169510.28562962965,578076.9233333333
Waalre,Aalst,161153.23693753118,378403.7771700547
Waalre,Ekenrooi,162093.69336002343,378679.6121776748
Waalre,Verspreide huizen,159653.3458185654,377134.73594936705
Waalre,Voldijn,160704.27411498968,379137.272897331
Waalre,Waalre,158930.0822760119,377760.110959054
Waalwijk,Antoniusparochie,133194.2732693548,410413.5305895163
Waalwijk,Baardwijk,134337.5214137931,411522.881553539
Waalwijk,Besoijen,131800.9816568759,410943.9118184829
Waalwijk,Bloemenoord,133973.99253107348,410415.71258050844
Waalwijk,Buitengebeid Capelle,128402.3985,412631.0635000001
Waalwijk,Buitengebied Waalwijk Noord,133876.75632432435,413105.44475675677
Waalwijk,Buitengebied Waspik,124477.76398155741,413179.4828709812
Waalwijk,Capelle / Nieuwe Vaart,127536.79645560442,410411.46982681553
Waalwijk,Centrum,132961.10276003994,411108.32016260776
Waalwijk,De Hoef,134767.2854177215,411392.5346550633
Waalwijk,Eikendonk,135009.51352,410760.07174400013
Waalwijk,Het Hoekske,131976.734,408136.641
Waalwijk,Industrieterrein Haven,131758.11343226238,412214.0384436557
Waalwijk,Industrieterrein Waspik,124171.52359827566,412427.5880247552
Waalwijk,Industrieterrein Zanddonk,132015.98012565437,409929.92429842934
Waalwijk,Laageinde,133844.44935067758,411250.5091956643
Waalwijk,Landgoed Driessen,131050.75804105573,409555.0808322579
Waalwijk,Meerdijk,133613.48472981615,409756.9970903277
Waalwijk,Recreatieoord,134712.98183333335,410020.4298333333
Waalwijk,Sprang,131265.63105774848,408986.4775460526
Waalwijk,Vrijhoeve,129607.40102745514,409500.55803062307
Waalwijk,Waspik Beneden,124439.18319425888,410977.47269822215
Waalwijk,Waspik Boven,125293.4377299814,409688.31098882714
Waalwijk,Zanddonk,132652.37771748452,409859.38557884697
Waddinxveen,'t Weegje,106063.96490181383,448077.29760099575
Waddinxveen,Bedrijventerrein Mercuriusweg,104783.14368072293,449916.07666867453
Waddinxveen,Bomenwijk,104077.671993846,450787.52615282196
Waddinxveen,Centrum,104651.2564416476,450747.610695652
Waddinxveen,Coenecoop,104615.94816599188,449147.4426801613
Waddinxveen,Groenswaard 1,104048.30371774189,451376.63096774096
Waddinxveen,Groenswaard 2,104095.09709238258,451785.87714100425
Waddinxveen,Groenswaard 3,104096.94684153859,452237.2003092299
Waddinxveen,Noordkade,105111.70199765809,451717.510444964
Waddinxveen,Oost,105972.5255576923,450520.4869182693
Waddinxveen,Oostpolderwijk,104836.19785499459,450367.0544930184
Waddinxveen,Oranjewijk Noord,104713.59908238273,451723.551125475
Waddinxveen,Oranjewijk Zuid,104656.5706451613,451282.48559677455
Waddinxveen,Peter Zuidlaan en Horstenbuurt,104316.10244933897,451482.88743832737
Waddinxveen,Triangel,104137.47223334092,449483.3483621587
Waddinxveen,Vondelwijk,104619.85528571413,452195.23731087876
Waddinxveen,West 1,103709.51587962967,452628.44138888904
Waddinxveen,West 2,102066.95184295815,449221.0418994803
Waddinxveen,Zeeheldenbuurt,105270.09511217952,450686.43744551216
Waddinxveen,Zuid,105063.29850096985,449348.76784950774
Waddinxveen,Zuidplas 80,103576.43430347176,450219.55160094076
Waddinxveen,Zuidplas 90,103095.32047761219,449753.61822963774
Wageningen,Benedenbuurt,174835.14310806023,442698.0619654567
Wageningen,Binnenstad,173976.239684176,441976.53426005173
Wageningen,Boomgaarden,173526.36472573836,442735.14419620164
Wageningen,Bovenbuurt,174851.7700984799,443331.24278710596
Wageningen,Business & Science Park,173011.6310433734,442952.4568771083
Wageningen,De Blauwe Bergen en de Bongerd,173997.56293409085,443695.548459091
Wageningen,De Buurt-Oost,174293.40857442492,442713.17469012155
Wageningen,De Buurt-West,173864.43388977565,442533.0247679478
Wageningen,De Dreijen,175069.93737419357,442263.81350322586
Wageningen,De Eng,175129.93726804122,443971.3048608245
Wageningen,De Hooilanden,172872.66997231432,443839.1249955695
Wageningen,De Weiden,173375.69139390092,443172.449302414
Wageningen,Haarweg,172854.32088541685,441950.2798601186
Wageningen,Hamelakkers,175743.76805991743,442358.94846487604
Wageningen,Haverlanden,174132.28652547943,443125.423600305
Wageningen,Het Binnenveld,172609.28055319152,443968.2013404256
Wageningen,Kortenoord-Oost,172980.15679903547,442543.7207299035
Wageningen,Kortenoord-West,172780.8359104478,442084.4017014925
Wageningen,Marijkebuurt,173091.14016874143,442322.18921518186
Wageningen,Mondriaanbuurt,173181.73199099104,443847.39963738696
Wageningen,Nude-buurt,173257.69261969675,441834.3507651518
Wageningen,"Nudepark, Rijnhaven en Industrieweg",173181.2044618182,441451.12029454537
Wageningen,Oude Nude,172131.55873275863,441121.2355603449
Wageningen,Pomona,173890.1209014085,442985.73599295784
Wageningen,Rietveldbuurt,172680.6775642703,443595.5160043571
Wageningen,Roghorst,174283.1839003323,443477.1053322261
Wageningen,Rustenburg,174344.07314138813,441960.8141902312
Wageningen,Tarthorst,173872.87421322323,443423.59861983464
Wageningen,Uiterwaarden,172717.49823864497,440233.75959672127
Wageningen,Veluvia,174595.91978774278,442127.71246038843
Wageningen,Wageningen Campus en Droevendaal,174104.73323304547,443974.2914450731
Wageningen,Wageningen-Hoog,176107.5625920303,444573.9428519925
Wageningen,Wageningse Berg,176978.42594179887,443559.6026560846
Wassenaar,De Deijl,87567.77607997687,462009.4730230148
Wassenaar,De Kieviet,84956.92837606836,460302.0723965816
Wassenaar,De Paauw,87189.95561319077,461661.51878609613
Wassenaar,Dorp Wassenaar,86945.20662449906,462217.2122238127
Wassenaar,Drie Papegaaien,86591.84880519476,461157.1244718611
Wassenaar,Duindigt met Groenendaal,83229.87995394737,457869.6786644737
Wassenaar,Groot Deijleroord en Ter Weer,88284.81259623203,462357.54862061224
Wassenaar,Kerkehout,85431.12035181976,458504.2051074522
Wassenaar,Klingenbosch,84022.59977927932,458828.4518333335
Wassenaar,Maaldrift,89340.53689928053,462954.36676258984
Wassenaar,Nieuw-Wassenaar,84756.58296017059,459004.93404551886
Wassenaar,Oostdorp,87114.86395528464,462874.0860548789
Wassenaar,Oud-Clingendaal,85833.95940779216,459038.00630389573
Wassenaar,Oud-Wassenaar,85738.36956853932,459887.6805595506
Wassenaar,Rijksdorp met De Pan,86589.27466891892,463976.45838513505
Wassenaar,Verspreide huizen Duinrell Wassenaarse Slag,86536.73311857705,462533.77960474335
Wassenaar,Verspreide huizen Eikenhorst,86944.61905882355,459829.34811764717
Wassenaar,Verspreide huizen Meijendel,84421.67591759459,462535.82938778994
Wassenaar,Verspreide huizen Raaphorst en in poldergebied,88141.03802973623,462202.48055081064
Wassenaar,Weteringpark,88115.62276950346,463152.19873404223
Wassenaar,Zijlwatering en haven,87668.22081283927,462749.8316250971
Waterland,'t Spil,131236.02236448592,495886.36266355123
Waterland,Binnengouw,131508.97372834658,495746.4037598426
Waterland,Broek in Waterland,128464.83260610302,493975.04839690065
Waterland,Buitengouw,131604.06987713327,495489.00141638244
Waterland,De Purmer (gedeeltelijk),128199.14976086954,498896.99764130457
Waterland,Havenbuurt en Kerkbuurt,135865.57597539132,496981.92905369203
Waterland,Ilpendam,125469.1093510749,497609.008528725
Waterland,Katwoude,131405.4702726408,498467.9172558774
Waterland,Markgouw,131503.20455000014,496319.04191583296
Waterland,Monnickendam,131087.87154371847,496932.05775455496
Waterland,Ooster Ee,131226.67139780225,495658.19912967016
Waterland,Oranjewijk,130966.63632219586,496403.68982338917
Waterland,Ringshemmen,130797.63172467894,495922.6995035665
Waterland,Uitdam,133680.07110373446,493301.34202489635
Waterland,Verspreide huizen,129068.54848011819,497080.2982181163
Waterland,Verspreide huizen Op de Werven ten zuiden van kanaal,135998.36678881993,496499.84931055916
Waterland,Watergang,125548.97529281759,493859.6993730066
Waterland,Zuiderwoude,131225.02001515156,493818.1040454546
Weert,Altweerterheide,175442.16161999982,359104.12863600004
Weert,Altweerterheide buitengebied,175070.61092592587,359000.0991296296
Weert,Biest,177933.25719362858,363219.82760880946
Weert,Boshoven buitengebied,173104.75678196724,362698.35645082
Weert,Boshoven-Vrakker,175821.9259952202,363599.06071985106
Weert,Centrum-Noord,176576.54972084565,363164.4926139972
Weert,Fatima,176814.2985100771,362669.7059673369
Weert,Graswinkel,178313.2099355809,361616.0588133633
Weert,Groenewoud-Noord,178578.47205949872,363023.2590396652
Weert,Groenewoud-Zuid,178198.46473949583,362475.7823781516
Weert,Hulshoven buitengebied,175917.21285074623,364637.08635820885
Weert,Hushoven,176496.2599135803,363872.7236666666
Weert,Industrieterrein Boshoverbeek-Lozerweg,175032.3476344532,361822.8908365819
Weert,Industrieterrein Boshoverheide,173615.3816909091,361629.5721636365
Weert,Industrieterrein Fatima,176321.15533333327,362528.5119130435
Weert,Industrieterrein Leuken,178922.91859259928,363759.98657376994
Weert,Kampershoek,178858.9609999999,364594.34250920237
Weert,Kampershoek-Noord,178583.55062499997,365244.252125
Weert,Kazernelaan,175935.5804975353,361422.1911125566
Weert,Keent,176888.7294940545,361642.1831589865
Weert,Keent buitengebied,177123.67135416667,360614.15969791677
Weert,Laar,177226.43125454537,365114.31403272745
Weert,Laar buitengebied,177345.91311600257,365330.670937537
Weert,Laarveld,176699.3451019954,364127.29232594237
Weert,Leuken,179198.84139891778,362753.9974072249
Weert,Leuken buitengebied,180058.4560955653,363078.15274361684
Weert,Maaspoort,177654.97925505627,362580.13122921396
Weert,Moesel,177556.93879205544,361614.1756285059
Weert,Moesel buitengebied,178591.79306666664,360840.65838518477
Weert,Molenakker,177641.84709414348,363858.15383330075
Weert,Oud-Boshoven,175277.42199999996,362935.022491018
Weert,Stramproy,178104.11337102004,356142.8878744547
Weert,Stramproy buitengebied,176976.14892897717,355974.0708948865
Weert,Swartbroek,181960.1164730768,360200.87423846155
Weert,Swartbroek buitengebied,181615.2117054263,360793.90045736433
Weert,Tungelroy,179016.48942061278,358085.12533704727
Weert,Tungelroy buitengebied,178940.41532031255,358443.8559062499
Weert,Weert-Centrum,177236.7108838724,362761.67433435674
Weesp,Aetsveld Noord,131497.62102144773,479230.2889517429
Weesp,Aetsveld Zuid,131460.0612339181,478971.8252678363
Weesp,Aetsveldsepolder,132735.17148370825,478635.9293093992
Weesp,Bedrijventerrein Nijverheidslaan,132074.81689435785,480411.36522682
Weesp,Bedrijventerrein Noord,130206.94499999993,480826.0248336347
Weesp,Bedrijventerrein Van Houten,130780.31938235297,479839.82111274515
Weesp,Centrum,131426.73268798157,479929.91089034785
Weesp,De Klomp,132070.3504361618,479285.8191688892
Weesp,Dichtersbuurt,131255.89480835732,480650.5967254183
Weesp,Herensingelkwartier,131308.9655237259,480255.24399999983
Weesp,Hogewey Midden,130676.78623594457,480513.14965529967
Weesp,Hogewey Noord,130595.34693464046,480896.49402178585
Weesp,Hogewey Zuid,130738.14966039821,480208.57966050284
Weesp,Leeuwenveld,131586.2085760869,480795.1251847826
Weesp,Oostelijke Vechtoever,132976.25481223222,479530.47059436084
Weesp,Schildersbuurt,131155.0038909091,480462.438290909
Weesp,Weespersluis,131303.77759112808,481152.0979003167
Weesp,Zuid I,131293.28711645567,479603.8111873408
Weesp,Zuid II,131866.66298475605,479499.4459207317
West Betuwe,Acquoy,137623.48741040466,432366.45783815027
West Betuwe,Aquoy e.o.,137388.5598941177,434271.4202705883
West Betuwe,Asperen Oude Kern,136238.95180879036,432508.0888473147
West Betuwe,Beesd Oost,141720.91098874598,433307.267385852
West Betuwe,Beesd West,141397.98946381029,433263.6846189734
West Betuwe,Beesd e.o.,141698.93536673416,434832.0742782415
West Betuwe,Buitengebied,145705.454875,430604.43525
West Betuwe,Buurmalsen,148526.5566388889,433773.4901944444
West Betuwe,Buurmalsen e.o.,148014.22212879657,433968.7526975275
West Betuwe,Deil,144938.75329918513,432895.06466123386
West Betuwe,Deil e.o.,145175.8886966292,432140.7544157304
West Betuwe,Enspijk,142980.30081111155,432864.1403804605
West Betuwe,Enspijk e.o.,142750.25668656718,431582.9659701492
West Betuwe,Est,150011.39735638292,429314.2378404254
West Betuwe,Geldermalsen Centrum,148694.00676682132,432830.1530893269
West Betuwe,Geldermalsen Middengebied,147988.41070263792,432425.63843645115
West Betuwe,Geldermalsen Oost,149335.65856303196,432922.31326004886
West Betuwe,Geldermalsen West,147370.56550414933,432568.15741908713
West Betuwe,Geldermalsen Zuid,148555.0791459537,432222.285729769
West Betuwe,Geldermalsen e.o.,150055.6725911602,431063.98278453056
West Betuwe,Gellicum,138852.64221621622,432094.7762252251
West Betuwe,Gellicum e.o.,139091.43806060607,431450.90618181817
West Betuwe,Haaften,142907.70350922822,425472.8168422816
West Betuwe,Heesselt,152279.70938043486,425015.05833695666
West Betuwe,Hellouw,140583.49633229812,426484.95845341624
West Betuwe,Herwijnen,137433.19115610654,426306.3696600538
West Betuwe,Heukelum Oude Kern,133689.6290445205,431744.7625342466
West Betuwe,Meteren,147737.71336936936,430752.83931831823
West Betuwe,Meteren - De Plantage,148527.28315046296,431283.7485069444
West Betuwe,Meteren - Kalenberg,147686.72214680843,431383.3263414895
West Betuwe,Meteren e.o.,148091.10985882353,430487.91492941167
West Betuwe,Neerijnen,147651.89119047622,426995.7112698412
West Betuwe,Noord uitbreiding Asperen industrieterrein,136158.82242857144,432929.83142857155
West Betuwe,Ophemert,154941.0261055903,428574.14399689424
West Betuwe,Opijnen,149034.2726694736,426690.38905263186
West Betuwe,Rhenoy,138876.22989102566,432959.6222660256
West Betuwe,Rhenoy e.o.,138546.2558581081,434054.6283918919
West Betuwe,Rumpt,140528.79858208954,432847.40836567164
West Betuwe,Rumpt e.o.,140709.33888966104,432138.2336253008
West Betuwe,Spijk en Boveneind Spijk en Vogelswerf,129524.52031017386,429762.55686707795
West Betuwe,Tricht,146787.45725000004,433552.41023241216
West Betuwe,Tricht e.o.,146167.06625384616,434425.8896923077
West Betuwe,Tuil,144930.0405954545,426151.3492954543
West Betuwe,Uitbreiding Heukelum,133340.01001002948,431401.08869663224
West Betuwe,Varik,153879.41710244998,426209.0916124718
West Betuwe,Verspreide huizen Asperen,135278.8781972406,432814.01507364854
West Betuwe,Verspreide huizen Est,150245.4535142857,428914.4478285714
West Betuwe,Verspreide huizen Haaften,142689.46223333332,426440.29523333354
West Betuwe,Verspreide huizen Heesselt,152690.30516406253,425381.8534375003
West Betuwe,Verspreide huizen Hellouw,140222.34480898877,426962.1223146067
West Betuwe,Verspreide huizen Herwijnen,137042.11070297216,427915.96708276996
West Betuwe,Verspreide huizen Heukelum en Friezenwijk,132859.15983496292,431253.64740637166
West Betuwe,Verspreide huizen Neerijnen,147968.63394827594,428644.2518103447
West Betuwe,Verspreide huizen Oostzijde,149711.23818481847,433327.8579636965
West Betuwe,Verspreide huizen Ophemert,152927.32541584157,428543.90784158424
West Betuwe,Verspreide huizen Opijnen,149313.245,427059.43399999995
West Betuwe,Verspreide huizen Tuil,144846.08211167512,426376.0973857868
West Betuwe,Verspreide huizen Varik,153007.61430555556,426805.18808333325
West Betuwe,Verspreide huizen Vuren,132528.0447095237,428188.6198285711
West Betuwe,Verspreide huizen Waardenburg,145838.8650128205,427876.2682820513
West Betuwe,Verspreide huizen Westzijde,147106.59451704545,432569.08299999987
West Betuwe,Verspreide huizen Zuidzijde,149070.1071871599,431922.38948530506
West Betuwe,Vuren,131612.56817727286,426321.2479738633
West Betuwe,Waardenburg,145958.0431667692,427217.67720532906
West Betuwe,Waardenburg-West,145593.70449549553,426630.6502522521
West Betuwe,Westelijke uitbreiding Asperen,135597.44638991382,432584.7075375152
West Maas en Waal,Buitengebied Alphen,160799.43848179685,426462.1368435986
West Maas en Waal,Buitengebied Altforst,166631.89281818183,429221.0908636363
West Maas en Waal,Buitengebied Appeltern,168131.95095569617,427483.8590316456
West Maas en Waal,Buitengebied Beneden-Leeuwen,164451.96574832828,432022.90367754345
West Maas en Waal,Buitengebied Boven-Leeuwen,165908.3100793465,432584.96230871615
West Maas en Waal,Buitengebied Dreumel,158383.0054783808,429066.8846715793
West Maas en Waal,Buitengebied Maasbommel,165189.83798003208,426939.23315162037
West Maas en Waal,Buitengebied Wamel,161313.7150217391,431521.02692028973
West Maas en Waal,Kern Alphen,160788.83955749997,425983.79099749954
West Maas en Waal,Kern Altforst,167312.96667763148,429032.07275657874
West Maas en Waal,Kern Appeltern,168598.30427734382,427115.0835039063
West Maas en Waal,Kern Beneden-Leeuwen,163749.38875573614,432551.07224780263
West Maas en Waal,Kern Boven-Leeuwen,166335.39180368095,432983.52465490834
West Maas en Waal,Kern Dreumel,158045.41009700563,428877.5597172406
West Maas en Waal,Kern Maasbommel,165273.95498898072,425902.9179862258
West Maas en Waal,Kern Wamel,160621.57344389777,432353.3362962599
Westerkwartier,Aduard,226568.97136563438,586019.7723506495
Westerkwartier,Bebouwde kom Enumatil,223221.18628301882,581503.5628018868
Westerkwartier,Bebouwde kom Lettelbert,223555.74297435896,578733.3426923079
Westerkwartier,Bebouwde kom Midwolde,221929.24977272731,577472.6435227274
Westerkwartier,Bebouwde kom Oostwold,225533.72282264306,579973.8326084601
Westerkwartier,Bebouwde kom Tolbert,220206.60318306644,576490.0450194508
Westerkwartier,Bebouwde kom Zevenhuizen,219254.99110668947,571343.535578359
Westerkwartier,Boerakker,217953.7804556962,578169.4396139241
Westerkwartier,Boerenstreek,219174.3008717948,569800.9783846154
Westerkwartier,Briltil,221976.8319401197,584421.2975089819
Westerkwartier,Buitengebied Enumatil,223529.27691176467,581441.8275588235
Westerkwartier,Buitengebied Lettelbert,223914.1865882353,579199.2412352941
Westerkwartier,Buitengebied Midwolde,221235.67486440676,578261.7069322036
Westerkwartier,Buitengebied Roden Zuid,220307.0,570238.0
Westerkwartier,Buitengebied Tolbert,219812.95743761776,577298.6357591989
Westerkwartier,Buitengebied ten noorden van Zevenhuizen,220328.72010714278,573371.78775
Westerkwartier,Buitengebied ten oosten van Leek,222351.83050000004,576104.0011666666
Westerkwartier,Buitengebied ten oosten van Zevenhuizen,219900.51744444438,571113.0392857143
Westerkwartier,Buitengebied ten westen van Zevenhuizen,217911.9676132404,570628.0388222998
Westerkwartier,Buitengebied ten zuiden van Leek,220820.95368559362,573676.4332149872
Westerkwartier,Buitengebied-Oostwold,225300.92778337942,580442.1796493474
Westerkwartier,Centrum Leek en omgeving,221718.01825497978,575475.471821116
Westerkwartier,De Haar,211198.44950067723,571789.3066995555
Westerkwartier,De Haspel,218773.0412173913,568719.4383043478
Westerkwartier,De Wilp (gedeeltelijk),213112.21696245973,570504.5897053814
Westerkwartier,Den Ham,224398.91257894738,587957.0286666666
Westerkwartier,Den Horn,225614.21734117647,582768.4088352942
Westerkwartier,Diepswal,220941.64744680855,574401.0565248225
Westerkwartier,Doezum,212636.99162950818,579678.7975475407
Westerkwartier,Drostinnewijk,220927.88161538463,572658.9114395606
Westerkwartier,Ezinge,225403.85206914894,591958.7039840424
Westerkwartier,Feerwerd,226931.64188505747,591669.2334252873
Westerkwartier,Garnwerd,228699.42327130202,591408.8034837809
Westerkwartier,Grijpskerk,216331.796540808,586580.4379571311
Westerkwartier,Grootegast,214280.09275851122,581037.2486136756
Westerkwartier,Het Peebos,211147.062265625,579265.8843906249
Westerkwartier,Jonkersvaart,216742.90045192305,571884.7920288462
Westerkwartier,Keuningswijk,214625.030631579,570372.9638736842
Westerkwartier,Kommerzijl,217537.79506837603,589250.3262094017
Westerkwartier,Kornhorn,212213.8240517241,577622.9459396552
Westerkwartier,Lauwerzijl,215617.83821311477,592008.2519836065
Westerkwartier,Lucaswolde,215791.0213066667,577890.7493200001
Westerkwartier,Lutjegast,213261.5196979866,583357.2606308724
Westerkwartier,Marum,213759.909815431,573390.2009723386
Westerkwartier,Niebert,217635.68838392856,575189.97715625
Westerkwartier,Niehove,220311.2443066667,589790.8661066667
Westerkwartier,Niekerk,219495.82013323114,582535.4798943339
Westerkwartier,Nienoordsrand,221202.56830718947,576997.7699411765
Westerkwartier,Niezijl,218616.17722596152,587142.8273557692
Westerkwartier,Noordhorn,222319.612318649,586547.5218076359
Westerkwartier,Noordwijk,213120.25000943395,576212.9102075471
Westerkwartier,Nuis,216195.78841137115,574236.0956555186
Westerkwartier,Oldehove,222116.4516936027,591142.7097424243
Westerkwartier,Oldekerk,218511.05212755105,582027.8652270405
Westerkwartier,Opende-Oost,210875.14969369367,576901.6131981981
Westerkwartier,Opende-West,209169.03694957984,576564.5703235295
Westerkwartier,Overige verspreide huizen,217116.40691928248,585953.8974394618
Westerkwartier,Pasop,221941.0254479166,579969.2086562501
Westerkwartier,Pieterzijl,213810.48347619048,588661.9357380952
Westerkwartier,Rodenburg en omgeving,220825.54496537888,575453.4392609131
Westerkwartier,Saaksum,223721.34998214286,592414.425875
Westerkwartier,Sebaldeburen,216487.16626388885,581925.1031631944
Westerkwartier,Sint Maheerdt,220317.6730132391,575331.0516045897
Westerkwartier,Verspreide huizen Aduard,226732.35844009038,585185.7149825807
Westerkwartier,Verspreide huizen Ezinge,227061.20101506787,590775.0530603838
Westerkwartier,Verspreide huizen Grijpskerk,215855.10958910896,587301.032410891
Westerkwartier,Verspreide huizen Lutjegast,213566.35018072295,583491.2689457831
Westerkwartier,Verspreide huizen Oldekerk,219039.09346982764,582593.6609870689
Westerkwartier,Verspreide huizen Ruigezand en Nieuwe Ruigezand,217203.8,592588.2
Westerkwartier,Verspreide huizen Zuidhorn,222844.42589696965,585337.6805818181
Westerkwartier,Verspreide huizen in het noordoosten,216566.51282320442,577222.1777900553
Westerkwartier,Verspreide huizen in het noordwesten,211244.11103960397,574318.7825148515
Westerkwartier,Verspreide huizen ten noorden van Jonkersvaart,217717.85324489797,573345.1321530612
Westerkwartier,Verspreide huizen ten noorden van de Wilp,213583.77229670328,572036.2252087912
Westerkwartier,Verspreide huizen ten zuiden van Grootegast,213713.8200687023,578024.4858396946
Westerkwartier,Verspreide huizen ten zuiden van Opende,209292.1050405065,575215.3015355968
Westerkwartier,Verspreide huizen ten zuiden van Sebaldeburen,216604.18430769234,580985.8956483515
Westerkwartier,Visvliet,212526.7547935484,586882.2332064516
Westerkwartier,Wilpstervaart,214415.7808,571306.3587428572
Westerkwartier,Zuidhorn,222708.00305491427,584845.5618808895
Westerveld,Darp,210217.04645692883,532330.507621723
Westerveld,Diever,217529.27406725837,541290.9491146444
Westerveld,Dieverbrug,219310.2667051282,540367.7773846157
Westerveld,Doldersum,212653.85017499997,544709.832225
Westerveld,Dwingelderveld,221026.41358558563,533343.4554594595
Westerveld,Dwingelo,221332.73388905454,539047.7104621249
Westerveld,Eemster,222139.6265230769,541067.5529230769
Westerveld,Frederiksoord,208865.00379999998,539745.5710470589
Westerveld,Geeuwenbrug,221268.0014020618,542970.5323092784
Westerveld,Havelte,212393.68139179953,532321.6691788163
Westerveld,Havelterberg,208773.66866666664,532250.1571547618
Westerveld,Leggeloo,220793.9427936508,541327.062936508
Westerveld,Lhee,222941.96051937988,538231.0390930233
Westerveld,Lheebroek,224485.2340869565,539756.5762608695
Westerveld,Nijensleek,207549.48977710845,539146.3779939759
Westerveld,Stroovledder,219285.9063888889,535806.3232222223
Westerveld,Uffelte,215304.32077269288,533988.3653624208
Westerveld,Verspreide huizen Boschoord,210933.3886111111,545247.6805
Westerveld,Verspreide huizen Diever,218116.32736876354,541538.8653796097
Westerveld,Verspreide huizen Dieverbrug,219926.36076923076,539960.4183076923
Westerveld,Verspreide huizen Doldersum,213411.44273846157,545087.8273538462
Westerveld,Verspreide huizen Dwingeloo,221139.0506404495,537217.5912191015
Westerveld,Verspreide huizen Eemster,223018.76020000002,541996.6379333332
Westerveld,Verspreide huizen Frederiksoord,208377.60279012343,540454.7339999999
Westerveld,Verspreide huizen Geeuwenbrug,221638.90000000002,543749.24548
Westerveld,Verspreide huizen Havelte,211708.05527083346,531513.2392886902
Westerveld,Verspreide huizen Hoogersmilde,221502.25699999998,547148.4035
Westerveld,Verspreide huizen Lhee,224257.1337285714,538508.4700428571
Westerveld,Verspreide huizen Nijensleek,207034.39615873017,539831.1097142857
Westerveld,Verspreide huizen Uffelte,215229.9735526316,534317.4687500001
Westerveld,Verspreide huizen Vledder,209606.81697029705,541441.6361485147
Westerveld,Verspreide huizen Vledderveen,208772.67162903224,543435.6355000001
Westerveld,Verspreide huizen Wapse,214013.1452394366,541585.3605492958
Westerveld,Verspreide huizen Wapserveen,211103.34116666665,536762.2572666666
Westerveld,Verspreide huizen Wilhelminaoord,206957.56749999998,541970.7057065219
Westerveld,Verspreide huizen Zorgvlied,214798.01737931036,547680.7369356323
Westerveld,Vledder,210312.15332056567,541213.6407691903
Westerveld,Vledderveen,208908.3059107143,543494.7456875
Westerveld,Wapse,214087.74380658445,541580.8718395061
Westerveld,Wapserveen midden,210803.4130931174,537774.060117409
Westerveld,Wapserveen-Oost,213401.58717142863,538334.448842857
Westerveld,Wapserveen-West,209237.32309375,536799.0970000001
Westerveld,Westeinde,219892.93209433957,537943.7545283019
Westerveld,Wilhelminaoord,207228.1055091169,541275.3340660344
Westerveld,Wittelte,217059.28434545457,538137.5232181818
Westerveld,Zorgvlied,213451.03501176467,548587.5943882354
Westervoort,De Ganzepoel-Schans,195604.7368675325,439763.1833705627
Westervoort,De Leigraaf-De Steenderens,195917.1528743169,440514.11556393444
Westervoort,Verspreide huizen Westervoort,195755.82635555562,441368.9677333334
Westervoort,Westervoort,194967.70391723103,441437.8249359595
Westervoort,Westervoort-Broeklanden,195525.74148091598,440913.1970503816
Westervoort,Westervoort-Lange Maat en Hoogeind,195284.3097789548,440227.2484957627
Westerwolde,Agobuurt,268959.45532692305,543986.7442192308
Westerwolde,Barnflair,269146.9501584158,542461.8094356435
Westerwolde,Bellingwolde,273877.6023314554,571202.5184892019
Westerwolde,Blijham,268172.12623535236,570429.3101608745
Westerwolde,Bourtange,275913.21903673466,559541.790122449
Westerwolde,Burgemeester Beinsdorp,268907.4000584795,542958.3971871345
Westerwolde,De Maten,267696.3798059701,542651.2573880596
Westerwolde,Ellersinghuizen,270657.3306842105,560439.9544473685
Westerwolde,Harpel,269121.15471641783,558310.3068358209
Westerwolde,Jipsingboermussel en Zandberg,266073.5614357542,549162.2151284915
Westerwolde,Jipsingboertange,270282.8228539326,554474.439988764
Westerwolde,Jipsinghuizen en Plaggenborg,273514.55284848483,556150.4097878789
Westerwolde,Klein-Ulsda,272562.7509230769,575751.6585
Westerwolde,Laude,272061.7905,550365.9473333334
Westerwolde,Leemdobben en Lammerweg,273753.54068333335,554215.84985
Westerwolde,Morige,267823.4790685714,569292.2434857144
Westerwolde,Munnekemoer,269215.55946478876,541231.8525352111
Westerwolde,Oudeschans,272378.0550344828,573808.4527931035
Westerwolde,Pallert,276803.69328124996,558221.8123125001
Westerwolde,Rhederbrug-Oost,274895.4534848485,567657.3793030303
Westerwolde,Rhederweg-West,273746.33413679246,568712.197990566
Westerwolde,Sellingen,273553.30978947366,552494.6499382941
Westerwolde,Sellingerbeetse,269016.08473469387,551222.8141122449
Westerwolde,Stakenborg,273992.4873762376,561076.5888613862
Westerwolde,Ter Apel,267482.4799703689,544587.4045980949
Westerwolde,Ter Apel 't Heem,267912.5417561245,545413.3082694877
Westerwolde,Ter Apel-West,265717.0669159664,544231.5197815129
Westerwolde,Ter Apelkanaal,266752.8710286738,547674.1457598566
Westerwolde,Veele,269527.7568863636,563082.2689659094
Westerwolde,Veelerveen,271722.39033829,564418.8543122677
Westerwolde,Verspreide huizen Bourtange,270930.6110626633,562390.3860078331
Westerwolde,Verspreide huizen Hebrecht,274308.58591176476,562534.3893529412
Westerwolde,Verspreide huizen Hoorn,266474.94336111116,566808.3398194443
Westerwolde,Verspreide huizen Sellingen,272606.107422803,552998.2357418601
Westerwolde,Verspreide huizen Ter Apel en Ter Apelkanaal,265842.8181453634,545655.1112431082
Westerwolde,Verspreide huizen Ter Wisch,269952.50633695646,548669.5548913043
Westerwolde,Verspreide huizen Veelerveen,273575.06438157894,566263.4541184211
Westerwolde,Verspreide huizen Vlagtwedde,271268.7988347826,559438.2419565216
Westerwolde,Verspreide huizen Westerwoldse A,272420.33615625,573164.35234375
Westerwolde,Verspreide huizen in de Weddermarke,268397.78404093574,567572.2900877191
Westerwolde,Verspreide huizen in de polder Blijham,268030.11503703706,572122.3483703703
Westerwolde,Verspreide huizen te Laudermarke,271119.16206249996,546410.3782083333
Westerwolde,Verspreide huizen ten noorden van Vlagtwedde,275346.98507396044,558372.3383809366
Westerwolde,Verspreide huizen ten noordoosten van Rhederbrug,275608.7632244898,570382.4441836736
Westerwolde,Verspreide huizen ten oosten van Ruiten A-kanaal,274063.1498172043,552617.5922580644
Westerwolde,Verspreide huizen ten westen van Blijham,266209.54245,570341.11465
Westerwolde,Verspreide huizen ten zuiden van Ter Apel,267973.70088610303,543161.5184694672
Westerwolde,Verspreide huizen ten zuidoosten van Bellingwolde,274220.9993630952,569821.5373988096
Westerwolde,Verspreide huizen ten zuidoosten van Vriescheloo,271980.5174259259,566310.8069074074
Westerwolde,Verspreide huizen tussen Harpel en Sellingerbeetse,270370.8333982301,555045.9398584071
Westerwolde,Vlagtwedde,270654.7095778985,561529.3230960146
Westerwolde,Vlagtwedder-Veldhuis,272169.98562222224,559630.5151777777
Westerwolde,Vriescheloo,271635.82049324317,567669.1784256756
Westerwolde,Vriescheloo-Zuid,270721.60252336453,565994.7345514018
Westerwolde,Wedde,268308.9163615635,566002.2713908793
Westerwolde,Wedderheide,269401.58245714277,565678.1144857144
Westerwolde,Wedderveer,267681.1234482759,568018.9795689655
Westerwolde,Weite,272391.2992,561119.8004
Westerwolde,Wollinghuizen,273339.89247619046,557747.3416666667
Westland,'s-Gravenzande Buitengebied,70870.88583223741,445801.27562923636
Westland,Achter de Dijk,75282.15969014094,447479.7682225349
Westland,Bedrijventerrein ABC Westland,75683.59239712922,450062.1914688996
Westland,Bedrijventerrein Bloemenveiling,75585.06629473687,446032.95158947364
Westland,Bedrijventerrein Bovendijk,77596.69662921349,448063.36717977526
Westland,Bedrijventerrein De Hoeven,74025.76337903226,442003.6442096775
Westland,Bedrijventerrein De Woerd,74291.61016017324,446586.43448484904
Westland,Bedrijventerrein Honderland & Coldenhove,75022.07362863068,441660.99556016555
Westland,Bedrijventerrein Honsel,75006.73164912284,447159.93980701745
Westland,Bedrijventerrein Mercurius,74159.92851479287,448720.71707100555
Westland,Bedrijventerrein Teylingen,72038.40162873243,445764.93305592256
Westland,Bedrijventerrein Vlotlaan,71234.67180428958,448528.0208069702
Westland,Bedrijventerrein Wateringen,79427.15941269668,447959.3594737331
Westland,Bedrijventerrein Westerlee,75169.53718927347,443365.191397959
Westland,Bleyenburg,76852.92939587239,443979.3322495302
Westland,Buitengebied De Lier,77201.58892467503,443518.83899957343
Westland,Buitengebied Honselersdijk,75895.92303981789,447404.10733902163
Westland,Buitengebied Kwintsheul,77450.90985497466,448548.1062462056
Westland,Buitengebied Maasdijk,74157.23720099252,441567.5678610422
Westland,Buitengebied Monster,72816.39812167299,448895.45332129276
Westland,Buitengebied Naaldwijk,73778.32814529918,445947.69523247867
Westland,Buitengebied Poeldijk-West,74170.0792024168,449222.4318096677
Westland,Buitengebied Poelldijk-Oost,76126.90693954851,449023.1978969371
Westland,Buitengebied wateringen,78503.43985074626,448294.4053955222
Westland,Burgemeesterswijk,75796.99094244598,447339.7578297368
Westland,De Lier Centrumgebied,76831.84952554746,443516.9009099759
Westland,De Lier West,76240.79501704153,443751.54139263765
Westland,Dorp oost,71533.13931882034,447197.5568834267
Westland,Edelstenenwijk,71202.15918450359,445905.0515223271
Westland,Essellanden,79508.2388475666,448501.85496969684
Westland,Geestcomplex,73772.98823709911,446061.3850362621
Westland,Grote Geest en Molenwijk,71054.39790105537,448930.08817150345
Westland,Heenweg,72117.88533105806,444437.73259044386
Westland,Het Nieuwe water,72392.01752947165,445916.3648947986
Westland,Hofwijk en Oranjehof,78195.19190580395,449188.46287725953
Westland,Hoge Bomen,74365.69970984994,444101.68522465223
Westland,Honselersdijk centrum,75277.10269090903,447107.52482181805
Westland,Hoogeland Oost,74447.03530374482,444893.5466477117
Westland,Hoogeland West,73763.35283882784,444923.6519523809
Westland,Kleine Geest en Molenwijk,71706.32568969857,449592.8865653259
Westland,Kruisbroek,74407.83356016604,445148.67922130006
Westland,Kust 's-Gravenzande,69120.9583180945,447390.456980695
Westland,Kust Monster,72040.42200883072,450501.8912144
Westland,Kwintsheul Centrumgebied,77286.66983634923,447844.2887545236
Westland,Kwintsheul-Oost,78743.48030726262,449000.3637723468
Westland,Molensloot,77359.51415865819,444087.3550400765
Westland,Monster Centrumgebied,71565.50991648178,448924.4617191423
Westland,Naaldwijk Centrumgebied,74136.52622312368,445633.7342440837
Westland,Nieuwe Vaart,71789.21061699507,446504.0016884234
Westland,Opstal,73395.06270170983,445529.22256048163
Westland,Oudeland,71187.04802900893,446318.971621273
Westland,Pijletuinen,74728.74224517914,445939.97206887044
Westland,Plan Zuid,79107.55798080275,448856.18349999975
Westland,Poeldijk Centrumgebied,74785.7144651934,448836.03297458607
Westland,Poeldijk Noord,74884.49487696121,449100.03625763813
Westland,Polanen,72262.6510081799,449858.9494519424
Westland,Sportpark de Zweth,76184.03792307692,444326.00461538456
Westland,Suydervelt,78677.7821114754,448519.07279781403
Westland,Ter Heijde,71367.77826857133,449799.61420857155
Westland,V/d kasteelewijk,71218.58390165742,446783.1581060772
Westland,Vliettuinen,78807.48380837467,449423.1106011354
Westland,Vogelwijk,75561.76540898065,446970.4501189315
Westland,Vreeburgh,71006.2346865497,447213.3327052633
Westland,Wateringen Noord en Ambachtshof,78326.04844999999,449857.25631956576
Westland,Westerhonk,73177.58571806166,450335.7644977975
Westland,Westhof en Dijkpolder,75301.04024410773,449318.28721212124
Westland,Westlandse Zoom De Duinen,73196.53676020411,450745.93247448973
Westland,Woerdblok,73595.64654890372,446439.5592487355
Westland,Woonkern maasdijk,74466.54776186874,441672.9995621707
Westland,Zandevelt,70536.58903675215,446418.21305555594
Westland,Zeehelden van Oranje,77246.64317138806,443559.6120070822
Westland,Zwartenhoek,72104.46195205,449195.346289089
Westland,centrumgebied 's-Gravenzande,70799.03084987898,446722.5840710248
Weststellingwerf,Blesdijke,197206.2961818182,538273.1680545454
Weststellingwerf,Blesdijke-Buitengebied,197559.97503921564,538394.1586013073
Weststellingwerf,Boijl,209707.22842264146,547239.0003773585
Weststellingwerf,Boijl-Buitengebied,209847.6821556604,547481.523514151
Weststellingwerf,De Blesse,199184.6902117963,539702.4908847188
Weststellingwerf,De Hoeve,202165.18619178087,544652.7239999999
Weststellingwerf,De Hoeve-Buitengebied,202637.22352884617,545074.3256250004
Weststellingwerf,Langelille,185833.24326470582,539539.4677058822
Weststellingwerf,Langeville-Buitengebied,185783.37966666662,540402.7076666665
Weststellingwerf,Munnekeburen,188667.00608219174,540370.7962465752
Weststellingwerf,Munnekeburen-Buitengebied,188152.68855405407,540071.7034324323
Weststellingwerf,Nijeholtpade,201452.76540217403,547501.4125869563
Weststellingwerf,Nijeholtpade-Buitengebied,201735.6692666667,547825.6402000003
Weststellingwerf,Nijeholtwolde,195407.09767857136,545835.5235357143
Weststellingwerf,Nijelamer,193307.134796875,544947.0542812501
Weststellingwerf,Nijetrijne,190320.18903448273,539443.0101149424
Weststellingwerf,Noordwolde-Buitengebied,205871.89334188023,544485.0632350426
Weststellingwerf,Noordwolde-De Stelling,206331.41080769233,544556.3778461537
Weststellingwerf,Noordwolde-Geldering,205433.14220008667,545181.1899479643
Weststellingwerf,Noordwolde-Haenepolle,205632.53694422322,544791.3111035852
Weststellingwerf,Noordwolde-Hoofdstraat,205702.22606853588,545093.0657694703
Weststellingwerf,Noordwolde-Industrie,205849.3319310345,545478.3711494254
Weststellingwerf,Noordwolde-Recreatie,205457.03136781615,544386.5182298853
Weststellingwerf,Noordwolde-Rotanwijk,206082.57007190632,545041.4813160538
Weststellingwerf,Noordwolde-Zuid,206264.83225819666,543551.5727663933
Weststellingwerf,Oldeholtpade,199429.58105397734,545224.4686988638
Weststellingwerf,Oldeholtpade-Buitengebied,199369.0091250001,545261.2571484376
Weststellingwerf,Oldeholtwolde,195755.68914705882,547382.5223235292
Weststellingwerf,Oldelamer,191017.18379999994,542881.9918000003
Weststellingwerf,Oldetrijne,192793.49957142855,541498.0377261905
Weststellingwerf,Oosterstreek,207642.15044761897,546072.3499904763
Weststellingwerf,Oosterstreek-Buitengebied,207281.39518571438,545491.8140499999
Weststellingwerf,Peperga,199827.6629047619,540233.5751428572
Weststellingwerf,Scherpenzeel,187920.8888961039,538311.8483766231
Weststellingwerf,Scherpenzeel-Buitengebied,186885.44122916667,538018.082625
Weststellingwerf,Slijkenburg-Spanga,187590.16264406778,536680.8929576274
Weststellingwerf,Sonnega,194413.5294356435,542522.2445643565
Weststellingwerf,Steggerda,201028.03523148154,541029.957345679
Weststellingwerf,Steggerda-Buitengebied,202358.4692526881,541381.3244462366
Weststellingwerf,Ter Idzard,198436.6086226415,546408.7877169811
Weststellingwerf,Ter Idzard-Buitengebied,198403.0357204302,546768.4219032258
Weststellingwerf,Vinkega,204400.41442528742,542968.7309310344
Weststellingwerf,Wolvega-Bloemenbuurt,196678.48610326092,543275.2867608697
Weststellingwerf,Wolvega-Buitengebied,197192.84097368424,542408.747342105
Weststellingwerf,Wolvega-Centrum,196331.18381663106,543381.1933176975
Weststellingwerf,Wolvega-De Heidepolle,195666.59112515478,542422.5148649318
Weststellingwerf,Wolvega-De Meulepolle,195430.85788981637,543214.821405676
Weststellingwerf,Wolvega-De Muziekbuurt,196437.659676815,542563.6763981265
Weststellingwerf,Wolvega-De Scheene,196769.18832078436,543896.8957337454
Weststellingwerf,Wolvega-De Stedes,196924.1772264151,543094.8144150944
Weststellingwerf,Wolvega-Lindenoord,196369.3633643215,543147.8751582915
Weststellingwerf,Wolvega-Lindewijk,197447.85558139542,543409.9912596897
Weststellingwerf,Wolvega-Om de Noort,195609.10516969685,543951.8577272728
Weststellingwerf,Wolvega-Oranjebuurt,196122.4461737651,542824.8341703574
Weststellingwerf,Wolvega-Schildersbuurt,195706.90897767866,542742.408542411
Weststellingwerf,Wolvega-Schipsloot,195338.490472973,544251.8566081083
Weststellingwerf,Wolvega-Staatsliedenbuurt,196576.7414601988,542848.3296194047
Weststellingwerf,Wolvega-Stationsbuurt,196447.98549729734,543702.2786594594
Weststellingwerf,Wolvega-Stuyversantbuurt,196121.06947425916,543696.2422558496
Weststellingwerf,Wolvega-Tuindorp,197218.6927986798,543897.4370594061
Weststellingwerf,Wolvega-Vlinderwijk,197190.21604188476,543605.3387801051
Weststellingwerf,Wolvega-Vogelbuurt,195735.4805337554,543373.1104008439
Weststellingwerf,Wolvega-Wolvega Noord,196590.76355378487,544698.6739043822
Weststellingwerf,Zandhuizen,206352.3615228758,547425.1321895422
Westvoorne,De Waranda,65473.70166086955,435906.6198173912
Westvoorne,Duinoord,65613.66261702127,436878.3945531915
Westvoorne,Goudhoek,66690.13145199076,436618.0045737703
Westvoorne,Helhoek,65838.04855555556,435064.70214814803
Westvoorne,Kruiningergors,67654.04879150577,437857.62024324335
Westvoorne,Nieuw gebied,64071.54539056603,431953.6881679248
Westvoorne,Oostvoorne,66529.6706912135,436751.9263305436
Westvoorne,Rockanje,64146.1309713702,432574.2440950917
Westvoorne,Strijpe,65337.531656250016,434480.6502916666
Westvoorne,Stuifakker,63984.52682911392,433606.9841139239
Westvoorne,Tinte,68784.76356250001,433800.3820803572
Westvoorne,Verspreide huizen,65313.60768548386,433020.01317943545
Westvoorne,Verspreide huizen in het Oosten,68117.50162469695,436227.3005340346
Westvoorne,Verspreide huizen in het Westen,64683.94770238095,436650.90135714295
Westvoorne,Vogelenzang,66017.09603675053,436624.4805686659
Westvoorne,Zuidhoek,64441.18467839684,432113.8764975558
Wierden,'t Loo,236283.9812465753,486906.59600684926
Wierden,De Hooilanden,237611.5934770376,487463.256908465
Wierden,De Maaten,237380.94096539373,485916.44793675427
Wierden,De Stouwe,237913.8832472826,486901.4995978261
Wierden,Enter-Noordwest,236099.56352927905,479566.55853603577
Wierden,Enter-Oost,236466.45231868126,478936.58173015865
Wierden,Enter-West,235555.11245360825,478539.8545360823
Wierden,Enter-Zuidwest,236054.12899764423,478881.3461036514
Wierden,Hooge-Hexel kern,234929.83631067962,490527.0683106796
Wierden,Verspreide huizen Broeklanden,238179.44444444444,485587.22222222225
Wierden,Verspreide huizen Enterbroek en omgeving,238070.26149735454,478746.5691798943
Wierden,Verspreide huizen Enterveen en Elsslagen,235096.9854916201,479290.2604413408
Wierden,Verspreide huizen Hooge-Hexel,235058.05736728385,489850.3306990736
Wierden,Verspreide huizen Huurne I,236005.3622774194,485068.36873548385
Wierden,Verspreide huizen Huurne II,234954.87601807233,486057.49900602415
Wierden,Verspreide huizen IJpelo,237681.62365333334,482268.1713733333
Wierden,Verspreide huizen Lage Egge en omgeving,236673.5236276595,487757.19987765956
Wierden,Verspreide huizen Notter,232582.48575518676,483906.9709336101
Wierden,Verspreide huizen Rectum,235452.44323225808,483168.8029870969
Wierden,Verspreide huizen Waterhoek,235434.50815102024,480929.76467346924
Wierden,Verspreide huizen Wierdenseveld,234527.42618584068,487162.9847168141
Wierden,Verspreide huizen Zuiderveld,235969.85301675968,477273.25508379913
Wierden,Verspreide huizen Zuna,230696.2546564886,483242.00603053445
Wierden,Wierden-Centrum,236926.63704635767,486286.48713610537
Wierden,Wierden-Noord,236884.01797852767,486834.5096595092
Wierden,Wierden-Oost,237845.27208402092,486458.73276294075
Wierden,Wierden-West,236375.47218724285,486142.08670370374
Wierden,Zuidbroek,237051.74372727287,485482.46034090896
Wijchen,Aalsburg,177666.6788201681,424351.4659865547
Wijchen,Abersland,177857.03858614856,423418.336086149
Wijchen,Alverna,180577.0443651315,423993.7001436405
Wijchen,Balgoij,177542.4131563786,421397.0485061729
Wijchen,Batenburg,171667.89422821582,426196.15614522825
Wijchen,Bedrijventerrein Bijsterhuizen,180309.04729059822,426512.0990384616
Wijchen,Bedrijventerrein Breekwagen,173536.71579999998,429287.0716285715
Wijchen,Bedrijventerrein Nieuwenweg,180247.3286649999,424972.51940750005
Wijchen,Bedrijventerrein Zesweg,180320.2423286713,425618.67539510486
Wijchen,Bergharen,174440.6236000001,429202.4316965515
Wijchen,Blauwe Hof,177145.00308010337,424240.77990956075
Wijchen,Centrum,178347.41134218744,424348.099758594
Wijchen,De Flier,178975.57189017342,422504.0646242774
Wijchen,De Geer,178673.75880373825,423160.98901869176
Wijchen,De Grippen,177484.11662500002,423836.7861875
Wijchen,De Lingert,179371.6823770115,422539.8202528736
Wijchen,De Meren,178921.28264000005,422986.2547933334
Wijchen,De Uilenboom,178981.36610804024,424727.14061055286
Wijchen,De Ververt,178768.92449025973,423342.94098376593
Wijchen,De Weertjes,177749.86810638296,423883.6812978723
Wijchen,De gamert,178649.70851937984,422841.28996899223
Wijchen,Diemewei,179130.44226996196,422817.8441520915
Wijchen,Diepvoorde,178187.11478648652,423803.8684918923
Wijchen,Elsland,178365.37344897955,423291.72779999994
Wijchen,Heilige Stoel,177671.73232518585,425267.8804165777
Wijchen,Hernen,175270.8329911243,427201.37541124254
Wijchen,Hofsedam,179290.5520999999,425328.6457794872
Wijchen,Homberg,177620.3727715355,424829.11938077374
Wijchen,Hoogmeer,178495.37133976838,423582.76827220083
Wijchen,Huissteden-Zuiderpoort,178122.89587898093,423554.5450127388
Wijchen,Huurlingsedam,179506.57696947682,423074.5525625
Wijchen,Kraaijenberg,177086.10269251335,424776.7133368984
Wijchen,Kronenland,177689.3718391608,423713.7324195802
Wijchen,Lambrasse,176799.83238039236,424992.9481058831
Wijchen,Leur,176121.53227272726,425628.7313181818
Wijchen,Loonse Waard,176160.3701110449,423219.5668018515
Wijchen,Niftrik,174596.50075396828,423131.30544444453
Wijchen,Oudelaan,177417.93965277777,423619.2051666667
Wijchen,Saltshof,178767.4205510719,426204.2823266079
Wijchen,Sluiskamp,177151.059557214,423522.50750248757
Wijchen,Valendries,179060.28614543626,424260.50327683025
Wijchen,Veenhof,178993.16289705882,425740.90584999986
Wijchen,Verspreide huizen Bankhoef,176188.54417391305,425116.0124782609
Wijchen,Verspreide huizen Batenburg,172070.82983050845,426180.1550338983
Wijchen,Verspreide huizen Bergharen,173622.71643352607,429930.1684393064
Wijchen,Verspreide huizen Hernen,175321.72746753247,427218.70287012984
Wijchen,Verspreide huizen Heumenseweg-Boskant,181249.0605286625,422762.0338184715
Wijchen,Verspreide huizen Hoogbroek,181257.10651304346,424737.2000782608
Wijchen,Verspreide huizen Leur,176582.08891803276,426219.8343114754
Wijchen,Verspreide huizen Lunen,179324.84078787875,421726.7149090909
Wijchen,Verspreide huizen Niftrik,174557.9078918919,423735.9445945946
Wijchen,Verspreide huizen Valendries,179914.97859420293,423788.7593913044
Wijchen,Verspreide huizen Vormer,177072.76594365542,423636.30442043464
Wijchen,Verspreide huizen Woezik,179859.07792045453,425836.81522727275
Wijchen,Verspreide huizen wezel,178065.50713559322,426585.37762711867
Wijchen,Verspreidehuizen Balgoij,177937.67790476192,421982.92234920635
Wijchen,Wijchen Noord,178460.86824571417,425140.6412506125
Wijchen,Woezik,178576.89152247194,425883.14123033715
Wijchen,Zesakkers,177314.15409756094,423752.3737317073
Wijchen,Zevendreef,177039.9606276596,423805.03065957455
Wijdemeren,'s-Graveland,136969.29869324723,472496.7840325938
Wijdemeren,Ankeveen,135317.08058914728,475521.130116279
Wijdemeren,Ankeveense Rade,135903.31805198782,474533.03337308863
Wijdemeren,Blijkpolder,131756.40049753696,474541.6859441708
Wijdemeren,Boomhoek,135066.41898960472,466449.3650521769
Wijdemeren,Breukeleveen,133240.0801595271,465382.90814902604
Wijdemeren,Hollandsch Ankeveen,136042.19123880597,475475.68186567165
Wijdemeren,Horn- en Kuijerpolder,131301.95305076963,475128.2754289171
Wijdemeren,Horstermeer,134037.41055172417,473819.87380689656
Wijdemeren,Kromme Rade,134999.84947394388,470299.4258313375
Wijdemeren,Moleneind,133625.77324060936,470732.24200569454
Wijdemeren,Muijeveld,133737.18469816813,466529.6565210294
Wijdemeren,Nieuw-Loosdrechtsedijk,137601.61370006655,467938.8352738946
Wijdemeren,Oud-Kortenhoef,135114.47377100858,471789.2483363196
Wijdemeren,Oud-Loosdrecht,134406.93862262505,468726.0627020114
Wijdemeren,"Rade, Oranjebuurt, Munniksveen en omgeving",136434.5987294119,472425.9472607844
Wijdemeren,Splegelpolder,131818.82362142642,474392.15516688884
Wijk bij Duurstede,Bedrijventerrein Broekweg & Langshaven,149828.13556422017,442724.44212385337
Wijk bij Duurstede,Binnenstad,152173.71149787237,442610.2024085107
Wijk bij Duurstede,Buitengebied Cothen,148436.0776832578,444882.5230542987
Wijk bij Duurstede,Buitengebied Langbroek,152242.05403999996,446306.2026953847
Wijk bij Duurstede,Buitengebied Wijk bij Duurstede,151214.5001871118,443215.5409228405
Wijk bij Duurstede,Buitengebied ten zuiden van Amsterdam-Rijnkanaal,148809.20574766354,442087.1228224298
Wijk bij Duurstede,Cothen,149608.2085489172,445327.6174815118
Wijk bij Duurstede,De Engk,151732.09748148132,442733.3112314825
Wijk bij Duurstede,De Geer,151266.46530095252,443825.1456019051
Wijk bij Duurstede,De Heul,151575.38557020872,443396.80324857734
Wijk bij Duurstede,De Horden Parckwijk,151093.10503780065,442785.26674914104
Wijk bij Duurstede,De Horden Rivieren,150563.83042812985,442628.68658732594
Wijk bij Duurstede,De Horden Schepen,150972.58636877526,442537.19342799485
Wijk bij Duurstede,De Horden Stenen en Ovens,150952.63205950416,443154.12221487646
Wijk bij Duurstede,Frankenhof,151906.562412463,443106.4580356084
Wijk bij Duurstede,Langbroek,150924.0542383489,447170.5737762984
Wijk bij Duurstede,Noorderwaard-Noord,152133.55378206723,443662.75879576575
Wijk bij Duurstede,Noorderwaard-Zuid,152260.50164197548,443158.60673368623
Winterswijk,Centrale deel,246502.3784916853,443352.63489946874
Winterswijk,Kotten,249997.83949999997,440265.591875
Winterswijk,Meddo,245458.42868376063,447972.41825213673
Winterswijk,Miste,242517.026862069,440281.2429655172
Winterswijk,Verspreide huizen Brinkheurne en omgeving,248826.3502752614,441994.9575017422
Winterswijk,Verspreide huizen Corle en omgeving,243658.89782780418,443253.38099684025
Winterswijk,Verspreide huizen Kotten,250149.92951836748,439640.23887755076
Winterswijk,Verspreide huizen Meddo,245543.00549469978,448385.68324734934
Winterswijk,Verspreide huizen Miste,242451.1523241758,439741.4438406593
Winterswijk,"Verspreide huizen Ratum, Henxel, Huppel",250260.6949809688,445248.66904498235
Winterswijk,Verspreide huizen Woold,246309.65238251365,438864.53492896154
Winterswijk,Verspreide huizen ten noorden van Winterswijk,245127.03862005554,445961.5690760036
Winterswijk,Winterswijk-Noordoost,247247.23171772299,443934.30632260063
Winterswijk,Winterswijk-Noordwest,246130.06139315115,444327.2162492414
Winterswijk,Winterswijk-Zuidoost,247385.90929899312,442966.3121609597
Winterswijk,Winterswijk-Zuidwest,245773.74640221646,442857.50640997186
Winterswijk,Woold,246459.0631153846,438811.1678076923
Woensdrecht,Calfven,80618.48538139534,380631.62156744185
Woensdrecht,Eiland,84149.2596519519,382547.72473420907
Woensdrecht,Hoogerheide,81285.78456071221,382246.5042390547
Woensdrecht,Hoogerheide-Noord,80752.85727648763,383048.10961175564
Woensdrecht,Huijbergen,84677.03938323345,383050.3513077843
Woensdrecht,Industrieterrein De Kooy,82843.13160150377,382576.3846015036
Woensdrecht,Ossendrecht,81412.14106609608,378910.54328007624
Woensdrecht,Putte,85907.04165984163,375081.0171759367
Woensdrecht,Verspreide huizen Hoogerheide,82341.32149502923,382944.0784007565
Woensdrecht,Verspreide huizen Putte,86297.66201583113,376437.955364116
Woensdrecht,Verspreide huizen Woensdrecht,78734.05418867925,382181.35273584904
Woensdrecht,Verspreide huizen ten noorden van Huijbergen,84560.36408035715,383852.1301785715
Woensdrecht,Verspreide huizen ten oosten van Ossendrecht,82657.14287268219,378586.4756647388
Woensdrecht,Verspreide huizen ten westen van Ossendrecht,79842.58302857142,378031.73562857136
Woensdrecht,Verspreide huizen ten zuiden van Huijbergen,85068.84100000001,382359.1905806452
Woensdrecht,Woensdrecht,79723.21441576506,382872.9823848531
Woerden,Barwoutswaarder,117399.40205084744,454684.7536271185
Woerden,Bedrijventerrein Barwoutswaarder,118887.08131377562,455302.9952576533
Woerden,Bedrijventerrein Honthorst,120438.46303133441,454898.1816460766
Woerden,Bedrijventerrein Polanen,121964.96958389263,454328.23989261757
Woerden,Binnenstad,120567.07125516792,455402.76244179154
Woerden,Bloemen- en Bomenkwartier,119902.87915163023,455124.28313746105
Woerden,Breeveld,123187.64680555556,457068.9663888889
Woerden,Buitengebied Harmelen,126537.39055859372,456304.75747265643
Woerden,Buitengebied Kamerik,121469.32237709507,459680.8998296091
Woerden,Buitengebied Zegveld,117057.64937442556,459139.1648322786
Woerden,Cattenbroek,123116.51763934424,455461.5208524589
Woerden,Geestdorp,122602.50487315793,456980.2495921372
Woerden,Gerverscop,125495.64514285715,458287.543095238
Woerden,Harmelen-Noord (dorp),125567.4414258944,456161.7060093688
Woerden,Harmelen-Zuid (dorp),125806.6370360179,455576.82153877063
Woerden,Kamerik (dorp),121155.39877099259,458308.29640193615
Woerden,Kanis,121090.44584878052,459738.951273171
Woerden,Kromwijk,120081.51136206897,453998.21055172407
Woerden,Middelland-Noord,120894.10194202898,454781.5823913045
Woerden,Middelland-Zuid,121046.5065735294,454354.03620588215
Woerden,Molenvliet-Oost,119401.24779196372,454452.3366254038
Woerden,Molenvliet-West,118791.78991259602,454667.18857840414
Woerden,Putkop,124717.82396943233,456788.04714410496
Woerden,Reijerscop,126601.40989473685,454482.4792280701
Woerden,Rietveld,117961.36671895425,455367.9450065356
Woerden,Schilderskwartier,119675.88721460161,455768.4188483792
Woerden,Snel en Polanen,121817.20136788485,454975.7534719621
Woerden,Staatsliedenkwartier,121668.79000044425,455918.2099381929
Woerden,Vogelkwartier,120771.52454812823,455888.65850000025
Woerden,Waterrijk,122605.30696937945,455522.32320997183
Woerden,Zegveld (dorp),117212.29890392417,458725.23879567045
Wormerland,Jisp,118679.15778435835,502377.0739880125
Wormerland,Middentil,116450.24665217391,501224.43559420307
Wormerland,Molenbuurt,115912.7753277719,501130.1745635082
Wormerland,Neck (gedeeltelijk),122871.72318858076,502331.1584347134
Wormerland,Oost-Knollendam,114652.18224747348,503188.1182210105
Wormerland,Oosteinde,117254.76681088566,501587.58399678324
Wormerland,Plaszoom,115631.09828571412,501442.09450312756
Wormerland,Spijkerboor,117232.31120000001,505762.0641333333
Wormerland,Uitbreiding-Jisp,118542.70850892864,502154.0272142858
Wormerland,Verspreide huizen Kanaal- en Oudelandsdijk,121700.49506926474,503161.39116109686
Wormerland,Verspreide huizen in de polder Engewormer,116885.66900000002,499853.37680645165
Wormerland,Verspreide huizen ten noorden van De Middentocht,120589.67055349708,500994.48976303125
Wormerland,Verspreide huizen ten zuiden van De Middentocht,121219.84519551923,499874.4680287601
Wormerland,Westeinde,115405.80461591468,500748.327793236
Woudenberg,Bedrijventerrein,159303.59884955757,455006.20600884943
Woudenberg,De Grift,156489.22894471395,455109.38787390897
Woudenberg,Den Treek-Henschoten,155197.4823382353,454719.1435000002
Woudenberg,Geerestein,157624.15812500002,456026.0001374999
Woudenberg,Het Groene Woud,158118.63245932214,454839.90423728776
Woudenberg,Het Zeeland,157934.21045370377,454382.1696962964
Woudenberg,Laanzicht,157265.15902193918,454534.97707714076
Woudenberg,Nico Bergsteijn,157367.2669369369,454986.4908918918
Woudenberg,Nieuwoord,156557.26475542688,454661.80496526766
Woudenberg,Rumelaar-Lambalgen,159634.2199473685,453233.1382105265
Woudenberg,Voskuilen,160641.07652127658,456995.0015957447
Woudenberg,Woudenberg-Oost,159051.59217999998,454558.10194666666
Zaanstad,Achtersluispolder,118520.10265823835,493125.89795278053
Zaanstad,Boerejonkerbuurt,116283.37411369194,496623.0500745719
Zaanstad,Bomenbuurt,117712.49048925343,493977.5703458429
Zaanstad,Burgemeestersbuurt,117277.65615326645,494604.19946594053
Zaanstad,Centrum,111232.69339806445,497902.2497093053
Zaanstad,De Zuid,110254.28922810132,496021.4248249526
Zaanstad,Guisveld,114846.862,500111.31485714286
Zaanstad,Havenbuurt,117189.77401401002,493319.2276786678
Zaanstad,Het Eiland,116928.98118385568,494130.2011366813
Zaanstad,Hoornseveld,117578.14719493748,495670.5531143008
Zaanstad,Industriebuurt,113654.43457417587,502689.0232747252
Zaanstad,J.J. Allanbuurt,113324.77513011586,496389.94117226754
Zaanstad,Kalf,117491.13940293647,498027.2652375974
Zaanstad,Kalverpolder,116920.10005676911,498515.30759331863
Zaanstad,Karnemelksepolder,114224.95408198494,502303.6727130528
Zaanstad,Kogerveld,116843.63630285865,496998.6012730561
Zaanstad,Krommeniedijk,112662.54885311468,503243.09037810547
Zaanstad,Langeheit,112518.20161176473,500626.9590720588
Zaanstad,Middel,113400.5604390244,499165.0692682927
Zaanstad,Noorderham,112241.72191359475,502267.196323
Zaanstad,Noorderhoofdbuurt,113130.92867473119,501773.48861693585
Zaanstad,Oud Koog,115710.20185479349,497326.66924348264
Zaanstad,Oud West,116328.92064637794,495266.1947401049
Zaanstad,Oud Zaandijk,115724.4856911596,498705.4192944891
Zaanstad,Parkrijk,111634.73368323722,500505.9039721134
Zaanstad,Peldersveld,118143.10659131192,495637.2124939644
Zaanstad,Poelenburg,118497.42097752089,494498.39388955635
Zaanstad,Rooswijk,115006.0030307828,498439.9227572561
Zaanstad,Rooswijk Noord,114873.23253742041,498842.6368590766
Zaanstad,Rosariumbuurt,112671.05993931743,501910.73364728154
Zaanstad,Rosmolenbuurt,116872.3123439901,495507.2764760794
Zaanstad,Russische buurt,116462.35923231968,494590.3205078815
Zaanstad,Schilders- en Waddenbuurt,115876.23808002735,496258.4856833111
Zaanstad,Snuiverbuurt,112453.61359418069,501460.1853101071
Zaanstad,Spoorbuurt,115963.33121311489,495256.96512412216
Zaanstad,Waterrijk,112265.6319670965,499833.11624099605
Zaanstad,Westerkoog,115017.08584235291,496994.39626554487
Zaanstad,Westerpolder,108630.3131,498402.47348333336
Zaanstad,Westerspoor,115518.55672288523,494380.7478782313
Zaanstad,Westerwatering,115247.15203019204,495592.38214030815
Zaanstad,Westknollendam,114200.00274871178,503406.9406493783
Zaanstad,Westzaan Noord,113200.39504951096,497580.62320386566
Zaanstad,Westzaan Zuid,113670.23919905553,494287.1439413404
Zaanstad,Westzanerpolder,112708.33632756349,494150.28365128615
Zaanstad,Willis,113309.53383919544,502565.1150404709
Zaanstad,Wormerveer Noord,114241.27381244126,501108.8572159624
Zaanstad,Wormerveer Zuid,115254.47730190273,500049.280732872
Zaanstad,Zuiderham,111869.7388818141,501674.36452883837
Zaanstad,Zuiderhoofdbuurt,112932.05767681799,501214.03219987336
Zaanstad,Zuiderhout,116498.85443213339,493368.6165342436
Zaltbommel,Aalst,137135.1913951795,421623.7889770852
Zaltbommel,Beneden-Delwijnen,141201.3223611111,420118.1415833333
Zaltbommel,Brakel,134562.54629954742,425489.69116199086
Zaltbommel,Bruchem,144557.46884257605,421973.0248568873
Zaltbommel,De Rietschoof,137668.92590393388,420790.06591001834
Zaltbommel,Gameren,142244.197356923,423569.0754492309
Zaltbommel,Kerkwijk,143304.98188439308,420677.0601676301
Zaltbommel,Nederhemert-Noordzijde,139640.09888957167,419540.8737214694
Zaltbommel,Nederhemert-Zuidzijde,138534.5962173913,418022.2159130435
Zaltbommel,Nieuwaal,140499.208009434,424545.61226415104
Zaltbommel,Poederoijen,133712.30810648148,422065.15418055555
Zaltbommel,Verspreide huizen Hoeven,145638.003501134,423370.32204710675
Zaltbommel,Verspreide huizen Kerkwijk en Bruchem,144994.5795505618,421736.3041011235
Zaltbommel,Verspreide huizen Nederhemert,139520.01929376775,419535.1581847703
Zaltbommel,Verspreide huizen Oostzijde,146939.94801505387,424236.30630901526
Zaltbommel,Verspreide huizen Westzijde,144590.70587671234,424064.99768493144
Zaltbommel,Verspreide huizen in de polder Aalst,137029.42505054153,421956.60833935015
Zaltbommel,Verspreide huizen in de polder Brakel,134707.51015957442,424917.14023404266
Zaltbommel,Verspreide huizen in de polder Poederoijen,133613.5941206316,422371.0346656861
Zaltbommel,Verspreide huizen in de polder Zuilichem en omgeving,137713.81805882356,424176.64701960795
Zaltbommel,Verspreide huizen in het Munnikenland,130775.42857142857,424698.85714285716
Zaltbommel,Verspreide huizen polders Delwijnen en Bruchem,141479.19622891565,420630.0819879518
Zaltbommel,Verspreide huizen polders Gameren en Nieuwaal,141687.18479858656,423668.18814487645
Zaltbommel,Zaltbommel Binnenstad,145465.84951765652,424924.31623608764
Zaltbommel,Zaltbommel Spellewaard,144598.85859745505,424001.3840271797
Zaltbommel,Zaltbommel Vergt en omgeving,145496.17793358388,424201.1908188315
Zaltbommel,Zuilichem,137641.41348571435,424442.66424761905
Zandvoort,Bentveld Noord,99575.58464055297,486857.3478571434
Zandvoort,Bentveld Zuid,99371.55585555556,486612.3488027778
Zandvoort,Boulevard Midden,96421.53016872746,487729.6942795133
Zandvoort,Boulevard Noord,96728.57281958291,488344.5731786043
Zandvoort,Boulevard Zuid,96006.19918674696,486772.8526024093
Zandvoort,Brederode- Gerkestraat e.o.,96778.25565916007,487134.85235666484
Zandvoort,Centrum,96668.22191165303,487568.73602005315
Zandvoort,Kostverloren e.o.,97257.56446941679,487439.3898918917
Zandvoort,Nieuw Noord - bedrijven,97957.40244392562,487954.2444920152
Zandvoort,Nieuw Noord - wonen,98025.32557635463,488253.878380718
Zandvoort,Noord duinen,98572.66666666667,487862.8333333333
Zandvoort,Noord strand,96846.41208553925,489055.5780278523
Zandvoort,Oud Noord,97182.65964399841,488026.9284106553
Zandvoort,Recreatiepark,97195.668683146,488504.1183415732
Zandvoort,Sport Circuit,97728.95354832988,488742.53020035016
Zandvoort,Stations omgeving,96834.62749844062,488055.55108448636
Zandvoort,Zandvoortselaan,97825.97908962265,486952.2216226418
Zandvoort,Zuid duinen,97881.1542,486760.6318
Zandvoort,Zuid strand,96002.28919733522,487006.23685509095
Zeewolde,Buurt 4,164587.99350011066,484029.0559759494
Zeewolde,Buurt 5,163783.4982222222,484455.79288888886
Zeewolde,Centrum,165661.37944108597,482603.5105103067
Zeewolde,Derde woonwijk,163935.04905852908,483189.6622938003
Zeewolde,Eerste woonwijk,165037.9994811844,482867.58831338695
Zeewolde,Horstenparc,162227.54585207102,484754.8537218935
Zeewolde,Knardijkgebied,168843.38812739786,487689.31219408935
Zeewolde,Middengebied,157756.6366134912,487435.64488952357
Zeewolde,Trekkersveld,162725.93816292132,485315.5400786515
Zeewolde,Tweede woonwijk,165452.61895382582,481760.44862752873
Zeewolde,Zuidlob,158284.65278207534,477634.758183167
Zeist,Austerlitz,150002.48309115283,454593.4128243968
Zeist,Beukbergen,146819.60192269052,459165.75993942027
Zeist,Blikkenburg e.o.,144867.44983333335,453620.5655
Zeist,Bosch en Duin,144952.91197656246,459327.9562773437
Zeist,Brugakker,142967.68471729185,454992.85690027446
Zeist,Carré,145175.42566798272,455527.87568811676
Zeist,Centrumschil-Noord,144897.64301485568,455808.15305984736
Zeist,Centrumschil-Zuid,145202.55393059578,455142.5410670914
Zeist,Couwenhoven,143661.70766494313,454512.72072492243
Zeist,Crosesteijn,143338.61493554685,455936.36839648447
Zeist,De Clomp,143404.8150369393,454927.36429287575
Zeist,Den Dolder-Noord,144763.72001708634,461683.7283012589
Zeist,Den Dolder-Zuid,145050.71564388092,461112.4378820287
Zeist,Dijnselburg,145390.98992887628,457014.28094879066
Zeist,Driebergseweg,145488.27056170214,453838.7070468085
Zeist,Griffensteijn en Kersbergen,144032.74537785474,454829.0151861591
Zeist,Het Slot en omgeving,144754.57870411983,454663.019565543
Zeist,Hoge Dennen,145994.433232854,454427.1825702435
Zeist,Huis ter Heide-Noord,145809.32642142853,458931.2438833332
Zeist,Huis ter Heide-Zuid,145919.47154241643,458003.17139845766
Zeist,Kerckebosch,146653.69705106376,454180.8695987841
Zeist,Lyceumkwartier,145969.5798693183,456462.9035877524
Zeist,Mooi Zeist,143500.6910209974,456651.8260104987
Zeist,Nijenheim,143583.18022395324,455309.37847809144
Zeist,Patijnpark,144441.9567230679,456224.9912868854
Zeist,Soestdijkerweg en omgeving,144597.82121621622,463666.70786486485
Zeist,Staatsliedenkwartier,144794.29673565802,456775.7564105737
Zeist,Station NS,146038.56813846153,452987.0845076924
Zeist,Sterrenberg,147371.4263653033,458453.18868547294
Zeist,Utrechtseweg,143724.9648099062,455884.4878018737
Zeist,Verspreide huizen Austerlitz,149262.7247368421,455477.093631579
Zeist,Vogelwijk,143184.8784580336,455645.9778705035
Zeist,Vollenhove,144066.48662733854,457064.63357410557
Zeist,Weidegebied,143346.23676086953,453825.2901304348
Zeist,Zeister Bos,147834.48395539238,456250.6963476172
Zevenaar,7Poort,204493.82825827817,437536.73666887416
Zevenaar,Aerdt,202578.02162500002,433181.58291071426
Zevenaar,Angerlo,206438.9048799997,445540.69290608686
Zevenaar,Angerlo's Broek,203435.94614736846,444292.254768421
Zevenaar,Babberich,204968.40653462612,435615.5922423819
Zevenaar,Buitengebied Aerdt,202891.81191864406,434098.761338983
Zevenaar,Buitengebied Babberich,206600.3730952381,435660.3512857141
Zevenaar,Buitengebied Herwen,204952.9033448276,432038.85081034485
Zevenaar,Buitengebied Lobith/Spijk,206335.3742403846,429709.9858269231
Zevenaar,Buitengebied Pannerden,199938.80151219515,433896.0419390244
Zevenaar,Camphuizen,203967.06008029188,436246.91347445257
Zevenaar,Centrum,202357.9957138974,437948.8781871003
Zevenaar,De Bijland,203643.1879301007,430435.3371736833
Zevenaar,De Horst,203204.48560154755,438504.5078181819
Zevenaar,Giesbeek,201735.24682735425,445296.41769656213
Zevenaar,Groot Holthuizen,204020.82161170852,437084.27351971355
Zevenaar,Hengelder,203749.815740113,438242.06723728817
Zevenaar,Herwen,204068.56432569964,433187.15119083936
Zevenaar,Het Grieth,202287.66938614997,438411.9331830991
Zevenaar,Lathum,198516.1126541666,444408.71572083357
Zevenaar,Lentemorgen I,202047.20555679718,438765.36554003734
Zevenaar,Lentemorgen II,202427.13868524093,439158.4879412652
Zevenaar,Lobith,205225.3189466676,430667.7082117094
Zevenaar,Mercurion,202211.13317472948,439673.22098018264
Zevenaar,Methen,200892.63782770964,438470.76443718607
Zevenaar,Molenwijk,201933.17922746183,437850.1065852985
Zevenaar,Ooy,201290.54610501183,437251.1418997611
Zevenaar,Oud Zevenaar,202724.12300349635,436775.3787587412
Zevenaar,Pannerden,199897.8662677323,433751.5881098899
Zevenaar,Rhederlaag,199026.61420512816,445318.4654700855
Zevenaar,Rijnstrangen,200378.40809756098,435038.0247560976
Zevenaar,Riverparc,200204.2021718311,445039.35869014094
Zevenaar,Schrijvershoek,202848.4912486036,438150.7765202516
Zevenaar,Spijk,207736.43697628457,429284.4589683795
Zevenaar,Stegeslag,201563.293726829,439432.51420069556
Zevenaar,Tatelaar,202938.43285,438948.40514285734
Zevenaar,Tolkamer,204332.28064207133,429821.5912012989
Zevenaar,Zevenaars Broek,202524.4663508772,441052.668859649
Zevenaar,Zonnemaat,201430.8138789205,438289.80708824826
Zevenaar,Zuidspoor,201849.27575675686,437282.53272072057
Zoetermeer,Balijbos,91217.7503076923,450731.8403076923
Zoetermeer,Buitengebied-West,90780.4894025974,453660.7580129868
Zoetermeer,Buytenwegh,92627.25674867634,453514.13556960213
Zoetermeer,De Leyens,93852.24728666218,454093.9709840755
Zoetermeer,Dorp,94000.34749331205,451876.14038075204
Zoetermeer,Driemanspolder,93140.54876398394,452204.23411799764
Zoetermeer,Hoornerhage c.a.,94965.18986390531,451783.20325443783
Zoetermeer,Lansinghage c.a.,94472.63297302491,450317.3553256264
Zoetermeer,Meerpolder,92674.73735294117,454656.0485588236
Zoetermeer,Meerzicht-Oost,92377.63361948711,452324.8938131786
Zoetermeer,Meerzicht-West,91727.99458405281,452506.2157978802
Zoetermeer,Noordhove-Oost,95910.56272411063,454358.97905466537
Zoetermeer,Noordhove-West,95338.40174975617,454642.6894300648
Zoetermeer,Oosterheem-Noord-Oost,96867.85231864054,453147.8099717903
Zoetermeer,Oosterheem-Zuid-West,96689.35558011339,452191.74255736003
Zoetermeer,Palenstein,94541.57856019426,452416.27255436435
Zoetermeer,Rokkehage c.a.,94724.2108996987,451430.72960088454
Zoetermeer,Rokkeveen-Oost,93331.1810043016,450498.1237940424
Zoetermeer,Rokkeveen-West,92178.3969839273,450999.13290516945
Zoetermeer,Scheidingszone,95174.73253333333,455685.99666666664
Zoetermeer,Seghwaert-Noord-Oost,95186.45107465604,453640.77354469657
Zoetermeer,Seghwaert-Zuid-West,94761.78474672452,453377.35941668536
Zoetermeer,Stadscentrum,93660.38380789412,452962.2605855749
Zoetermeer,Van Tuyllpark,95644.48258823529,451492.4998235294
Zoetermeer,Westerpark c.a.,90829.11553703705,452886.9949814816
Zoetermeer,Zoeterhage c.a.,95813.23813852813,452899.1691601735
Zoeterwoude,Blankaartpark,94191.13338853505,458920.36680254777
Zoeterwoude,Bloemenweide,93884.62565174131,459142.1298134329
Zoeterwoude,De Goede Herder,95787.4459476744,462074.2567587209
Zoeterwoude,Dorp Noord,94106.50543449963,460197.41367123823
Zoeterwoude,Dorp Zuid,94136.21841052636,459283.4659642105
Zoeterwoude,Dorpskern,93952.32984210526,459571.2513333333
Zoeterwoude,Gelderswoude,96258.55754054054,456186.7101081081
Zoeterwoude,Hoge Rijndijk Noord,96418.48574161078,461838.0751845639
Zoeterwoude,Hoge Rijndijk Oost,96457.81481249999,461594.85916796874
Zoeterwoude,Industriegebied Barrepolder,97150.99331578944,461317.7156842104
Zoeterwoude,Industriegebied Grote Polder,95818.02674230776,461649.5917153846
Zoeterwoude,Meerburg,95533.73048015036,462176.02805291064
Zoeterwoude,Oosthoek,97249.35928124998,461606.22164062486
Zoeterwoude,Rijnegom,96126.19258333332,461851.1335929488
Zoeterwoude,Verspreide huizen,94828.47780258596,458714.768908326
Zoeterwoude,Vogelweide,93763.85204895107,459526.0567937064
Zoeterwoude,Weipoort,95772.55531194675,458846.390976623
Zoeterwoude,Westeinde,93159.41012765956,458885.09419148933
Zoeterwoude,Westwout,93953.14990032151,459895.90847427613
Zoeterwoude,Zuidbuurt,94505.26738502675,458249.37806149735
Zuidplas,Ambonwijk,105410.69563033183,443938.3836113744
Zuidplas,Bedrijventerrein 't Ambacht,105741.5792053571,445290.58536607167
Zuidplas,Bedrijventerrein De Hooge Veenen,101695.399344086,443714.2977849463
Zuidplas,Bedrijventerrein Gouwepark,104902.57304868152,447983.0933894521
Zuidplas,Bedrijventerrein Moerkapelle,99851.05693965519,450714.07916379324
Zuidplas,Bedrijventerrein Zevenhuizen,100327.17838848916,446912.0555971222
Zuidplas,Bomenbuurt,101496.13745360824,441774.2528006873
Zuidplas,Dorp Noord,105531.75083421615,445017.18822264567
Zuidplas,Dorrestein-Noord,101268.58621555558,442343.38177111105
Zuidplas,Dorrestein-Zuid,101572.91818120815,442074.9590253541
Zuidplas,Esse Hoog,102048.24789538806,441468.05492575926
Zuidplas,Esse Laag,101801.83504989483,441655.424539007
Zuidplas,Esse Zoom Laag,101346.43805846154,441160.30752615415
Zuidplas,Jonge Veenen,99951.87274535805,451245.2522519895
Zuidplas,Kern Moerkapelle,99373.59552247194,450902.8420842697
Zuidplas,Kern Moordrecht,105645.84252981658,444378.2537866972
Zuidplas,Kern Nieuwerkerk aan den IJssel,101283.67731550802,442691.19828877004
Zuidplas,Kern Zevenhuizen,99688.20107692308,447333.05772364663
Zuidplas,Kleinpolder,102371.39651465794,442375.41370358295
Zuidplas,Kortenoord,102958.28403007971,442723.63647544204
Zuidplas,Moerkapelle kassengebied,100279.43251586458,449757.40975879773
Zuidplas,Moerkapelle-Oost,99556.78701359224,451174.755392233
Zuidplas,Moerkapelle-West,99086.27293203882,451129.05043365696
Zuidplas,Moordrecht Bloemenbuurt,105968.0140072992,444745.1480510946
Zuidplas,Oud Verlaat,98214.8881468927,443132.25512994354
Zuidplas,Parkzoom,100754.02962937063,441941.9836923077
Zuidplas,Recreatiepark De Bonk,97463.41516666667,444649.14952380955
Zuidplas,Recreatiepark De Korenmolen,98497.96484536084,447155.523185567
Zuidplas,Recreatiepark Klein Hitland,103533.9888020689,441334.9014224039
Zuidplas,Recreatiepark Oosteinde,106466.16854123487,445432.0122172622
Zuidplas,Staatsliedenbuurt/Vijfakkers,105230.77583391657,444481.83962197497
Zuidplas,Swanla,99892.28391973239,447858.4046973243
Zuidplas,Uiterwaard,105726.78134090909,444033.60459090915
Zuidplas,Verspreide bebouwing Achter Esse,100567.41442413717,442205.4369953835
Zuidplas,Verspreide bebouwing Eendragtspolder,98913.84610344828,445525.3991724138
Zuidplas,Verspreide bebouwing Essepolder,102284.46301681192,441065.0263755646
Zuidplas,Verspreide bebouwing Moerkapelle,99583.83445544555,451538.58418811887
Zuidplas,Verspreide bebouwing Moordrecht,104697.98884593605,445179.2373762491
Zuidplas,Verspreide bebouwing Tweemanspolder,99324.60995180722,448670.08074698795
Zuidplas,Verspreide bebouwing Zuidplaspolder Nieuwerkerk aan den IJss,101787.24860650391,444084.85291787604
Zuidplas,Verspreide bebouwing Zuidplaspolder Zevenhuizen,101184.62155851064,447304.1487101065
Zuidplas,Vijfakkers-Noord,104994.23538738738,444718.452518018
Zuidplas,Westeinde,105533.68335057472,443850.3607298852
Zuidplas,Wilde Veenen,98976.3431705426,450939.065744186
Zuidplas,Zevenhuizen Bloemenbuurt,99958.38930729161,447424.8247795139
Zuidplas,Zevenhuizen-West 1,99540.2447651822,447227.40134008095
Zuidplas,Zevenhuizen-West 2,99595.70720386643,446858.07751669595
Zuidplas,Zevenhuizen-Zuid,100466.34523558475,446697.43849423394
Zuidplas,Zuidplas Dalen,102058.37985531139,442587.2081694139
Zuidplas,Zuidplas Kruiden,102116.78964347826,443290.84597971017
Zuidplas,Zuidplas Mossen,101708.39374892703,442952.31707618025
Zuidplas,Zuidplas Velden,102403.06519687877,442963.05089075625
Zundert,Achtmaal,99196.86639936101,385265.15576038347
Zundert,Klein-Zundert,104135.4789534884,388232.5501162791
Zundert,Rijsbergen,107041.5874939585,392303.8925476073
Zundert,Verspreide huizen Achtmaal,98821.63572933878,385150.77221694204
Zundert,Verspreide huizen Klein-Zundert,103348.69802165356,388932.8566496063
Zundert,Verspreide huizen Wernhout,102349.25750260142,383603.308712799
Zundert,Verspreide huizen Zundert,104979.67730519477,386975.0316493508
Zundert,Verspreide huizen in het Oosten,108453.71885714289,390960.11290702934
Zundert,Verspreide huizen in het Westen,106484.29863066209,392905.03746689874
Zundert,Wernhout,103207.0316915709,385466.0813467433
Zundert,Zundert,104366.05792715393,387079.25804647553
Zutphen,Braamkamp,210972.91806854127,459703.8940913884
Zutphen,De Enk,212686.57056973572,460083.1603017319
Zutphen,De Hoven,209301.42360288798,461711.8407906136
Zutphen,Deventerweg en Polbeek,211534.9308368421,463041.1086657894
Zutphen,Dorp Warnsveld,212512.98315063727,461632.11227694096
Zutphen,Eme en Broek,213422.5224743939,460128.88983435085
Zutphen,Helbergen,210655.71874674552,460804.4057408284
Zutphen,Helleraetplein en omgeving,211489.11654845809,462602.26689427317
Zutphen,Laarstraat en omgeving,210667.81735895673,461686.1499800958
Zutphen,Looërenk en Woud,213953.94577176022,460300.2982940036
Zutphen,Marswegkwartier,210272.81489647843,462644.4781152454
Zutphen,Moesmate en Tichelkuilen,211301.13913932975,459972.4150476191
Zutphen,Nieuwstad en Coehoornsingel,210568.78140447332,462132.9123289834
Zutphen,Ooyerhoek,212226.775715847,460310.49396721314
Zutphen,Overkamp,213242.16141437157,460524.3963494493
Zutphen,Pagemate en omgeving,211074.06772972946,461118.01288904704
Zutphen,Scheperkamp,212827.31224271838,460850.81135631056
Zutphen,Staatsliedenbuurt,210957.09485692985,460722.1356348731
Zutphen,Stadskern,210272.061388463,461561.06537747325
Zutphen,"Stokebrand, Bagijnenland en Bronsbergen",210613.07962996035,459419.3975208334
Zutphen,Vespreide huizen Leesten,212842.45383850933,459136.75705590064
Zutphen,Vijver en omgeving,211340.9153718861,460816.30996263324
Zutphen,Voorsteralleekwartier,211979.02974479966,462755.378323413
Zutphen,Waarden en weerdslag,210195.31840270731,460163.25136886636
Zutphen,Warken,215413.34455882353,461354.1699789915
Zutphen,Warnsveldsewegkwartier-Noord,211394.43041619152,461836.4791288483
Zutphen,Warnsveldsewegkwartier-Zuid,211237.75944796085,461532.4300444328
Zutphen,Weg naar Laren en omgeving,211261.50232130586,462659.1953178693
Zutphen,Welgelegen,212370.14753184715,460886.4732547771
Zutphen,Zeeheldenbuurt,211613.69536465636,461165.64941094007
Zutphen,Zwanevlot en De Brink,210690.03287661402,460005.6585308463
Zwartewaterland,Achter 't Tag,198734.17207077175,514907.29907650145
Zwartewaterland,Achter het Singel,201378.95390183237,517653.37731806195
Zwartewaterland,Barsbeek,200486.14146153827,517325.4381719457
Zwartewaterland,Binnenlanden-West,199524.97033229182,514885.8056812497
Zwartewaterland,Buitenkwartier,200829.64477527092,517085.635707841
Zwartewaterland,Cellemuiden,201210.49546666667,514974.8645333333
Zwartewaterland,De Nieuwesluis,201706.87575892932,517207.33949782077
Zwartewaterland,De Velde-Zwartewatersklooster,202952.79674242422,514761.3359545456
Zwartewaterland,Genemuiden Industrieterrein,200332.42820437378,515189.5376938442
Zwartewaterland,Genemuiden Kern,199217.48753957517,515213.55008727295
Zwartewaterland,Genemuiden Noord-Oost,199423.54471247355,515434.5672198735
Zwartewaterland,Genne-Overwaters,202282.46000000002,511370.12062195124
Zwartewaterland,Greente,198827.15684528308,515750.6756113211
Zwartewaterland,Hasselt Dedemsvaart,203345.9666512099,511707.7601935483
Zwartewaterland,Hasselt Dedemsvaart-Zuid,203318.25459481025,511381.76499401184
Zwartewaterland,Hasselt Industrieterrein,202629.8462832169,511090.9359725107
Zwartewaterland,Hasselt Kern,202709.17635973374,511725.7815370857
Zwartewaterland,Hasselt om de Weede,204017.99002390422,511855.6823386455
Zwartewaterland,Kamperzeedijk-Oost,196897.8718774192,512475.04674838687
Zwartewaterland,Kamperzeedijk-West,195513.37006818186,512205.0433181818
Zwartewaterland,Landelijk gebied Genemuiden,198796.13895000008,512916.1569749999
Zwartewaterland,Landelijk gebied Zwartsluis,202712.6377,518990.24655
Zwartewaterland,Mastenbroek,199286.35211538462,510217.2449230771
Zwartewaterland,Molenwaard,202463.65201149427,512132.8061379309
Zwartewaterland,Nadorst,203471.97391385742,512051.7721348319
Zwartewaterland,Pieperpolder,196782.6432857143,513694.13280952384
Zwartewaterland,Prinsessenbuurt,200851.40528,517377.5652488888
Zwartewaterland,Streukel-Holten-Genne,204863.24039053184,509659.2206116515
Zwartewaterland,Ter Wee's Hoek,203507.08369160592,512450.4659525548
Zwartewaterland,Vogelbuurt,199853.9382426303,514885.79721088434
Zwartewaterland,Zomerdijk,201786.87433653852,517559.3977596153
Zwartewaterland,Zuiderzeepolder,197802.99497872347,515509.0193404255
Zwartewaterland,Zwartsluis Industrieterrein,202355.68795238103,517493.25566666655
Zwartewaterland,Zwartsluis Kern,201376.01727666904,517252.85704550106
Zwijndrecht,Achterlindtsestraat,100029.97902822516,425069.68977283296
Zwijndrecht,Assumburg - Lunenburg,100946.43868170423,425437.8224411027
Zwijndrecht,Bakestein,101949.33561855674,427011.92354639183
Zwijndrecht,Balkengat,105137.60291304349,426248.09071739117
Zwijndrecht,Bedrijventerrein Gors-Noord,97954.30474242427,427687.5409242425
Zwijndrecht,Bedrijventerrein Gors-Zuid,97837.38695833331,427388.1399583334
Zwijndrecht,Begraafplaats Noord,102915.58099999999,426071.79150000005
Zwijndrecht,Bloemenbuurt A(kelei),102411.15596551725,425421.49827586196
Zwijndrecht,Bloemenbuurt B(egonia) - C(rocus),102477.94387999999,425249.4458080001
Zwijndrecht,Bloemenbuurt D(ahlia) - G(eranium),102588.71360975607,425340.2683197835
Zwijndrecht,Bloemenbuurt H(yacinth) - L(Obelia),102491.64749814126,425060.32512267656
Zwijndrecht,Bloemenbuurt M(adelief) - Z(onnenbloem),102759.31120907297,425147.2639447731
Zwijndrecht,Boshuizen - Rechteren,101267.76364705888,425457.8249176471
Zwijndrecht,Burgemeester Doornplein en omgeving,103784.2529593495,425665.8054105693
Zwijndrecht,Componistenbuurt-Midden,101741.90833962268,425986.96439451136
Zwijndrecht,Componistenbuurt-Noord,101687.10845714297,426180.17521428614
Zwijndrecht,Componistenbuurt-Zuid,101882.47425912408,425825.1522299271
Zwijndrecht,Corridor-Oost,103450.15301960787,425315.2153790848
Zwijndrecht,Corridor-West,103219.97092075473,425490.1761622643
Zwijndrecht,De As,100902.30018679627,425996.855180617
Zwijndrecht,De Geer-Oost,100800.63811842108,424948.4115263159
Zwijndrecht,De Geer-West,100298.47721311473,425004.0404262294
Zwijndrecht,De Hoge Devel,102333.59339999998,425898.6928
Zwijndrecht,De Were en omgeving,104036.36868432674,426574.98859161156
Zwijndrecht,Develsteincollege,102634.5998,425787.48380000005
Zwijndrecht,Develzijde Nederhoven,101181.3719882353,425645.2141411765
Zwijndrecht,Dichtersbuurt-Midden,103350.83482142857,424745.88847448974
Zwijndrecht,Dichtersbuurt-West,103030.77993432833,424646.51359701477
Zwijndrecht,Dorp-Noordoost,98535.96428104573,427925.6202156861
Zwijndrecht,Dorp-Zuid,98147.7255075075,427509.63903603604
Zwijndrecht,Dorp-Zuidoost,98395.17333675569,427635.21367967175
Zwijndrecht,Drinkwaterbedrijf,105025.55325,426035.41325
Zwijndrecht,Eem- en Zonnestein,103498.02427413789,426605.5292534483
Zwijndrecht,Emplacement Kijfhoek,100182.451,427488.417
Zwijndrecht,Emplacement Kijfhoek en Langeweg,99778.96369230769,428475.59369230765
Zwijndrecht,Europesebuurt,104550.6002156335,426551.91443396255
Zwijndrecht,Euryza,104399.4418541667,425484.74454166676
Zwijndrecht,Groenesteeg - Langeweg,100910.39235,427944.62044999993
Zwijndrecht,Het Buitenland en omgeving,98704.02822222223,427277.2713333332
Zwijndrecht,Hilverbeek en omgeving,100533.62536758003,425398.986598174
Zwijndrecht,Hooge Nespolder,98698.087375,426629.58646875
Zwijndrecht,Hoveniersplein - Griend,103462.4706176471,426298.8460751631
Zwijndrecht,IJsvogelplein,102219.26279725088,425097.4879278351
Zwijndrecht,Industriegebied Develpoort,102949.60800000001,425703.95414473687
Zwijndrecht,Industriegebied Groote Lindt,102054.13004312216,424730.4575233578
Zwijndrecht,Industriegebied Molenvliet,101608.11702083332,426500.4129375
Zwijndrecht,Industriegebied Ringdijk,104975.17409999999,427026.3899
Zwijndrecht,Juliandorp,104224.51586754009,425661.32616739476
Zwijndrecht,Kapiteinflats,103060.26974580341,424829.1420479614
Zwijndrecht,Kijfhoek,100041.28379545452,426068.4975681818
Zwijndrecht,Klarinetsingel en omgeving,101225.5580153847,426172.55217179493
Zwijndrecht,Kleine Lindt Polder,99013.63980303031,426594.9867575756
Zwijndrecht,Koloniënbuurt,103278.60568852456,425007.2650696722
Zwijndrecht,Langeraarstraat en omgeving,103335.35359393936,426384.7006060607
Zwijndrecht,Leeuwerik- en Fazantplein,101651.64357510734,425251.0122575108
Zwijndrecht,Lievershil en omgeving,103735.97872413797,426649.1145517242
Zwijndrecht,Meerdervoort,103554.38522746776,424852.88036909874
Zwijndrecht,Moermond-Zuid,101121.30358306193,425266.3676677521
Zwijndrecht,Molenweg-West,98146.55521333328,427938.70822000003
Zwijndrecht,Noordpark,105130.431,426412.49299999996
Zwijndrecht,Noordzijde De Hoge Devel,102217.8315,426115.92
Zwijndrecht,Officiervliet-Oost,102782.2003828571,426227.93612571433
Zwijndrecht,Officiervliet-West,102726.57479611649,426425.86983495165
Zwijndrecht,Ooievaar- en Vinkplein,102105.09391269843,425438.2726111108
Zwijndrecht,Oud- en Gerbrandyplein,104605.65422278477,426100.4601772152
Zwijndrecht,Oudeland en Meubelmaker,101342.27110160427,425886.2937379681
Zwijndrecht,Park Molenvliet,101227.79,426535.893
Zwijndrecht,Pilotenbuurt,103097.50780129584,426517.41911447095
Zwijndrecht,Planetenbuurt,103105.56114726844,426086.5834109263
Zwijndrecht,Polder Heerjansdam,98928.54988372092,427171.1702558138
Zwijndrecht,Prins Bernhardstraat en omgeving,104005.86171471466,425907.4776666667
Zwijndrecht,Prinsessenbuurt,103738.7159514768,426089.61293881846
Zwijndrecht,Schildersbuurt,103501.5809810727,425816.5778769716
Zwijndrecht,Slagveld en Omgeving,104523.419853211,425976.2874334861
Zwijndrecht,Sonate en omgeving,101132.71957894739,425931.05342982453
Zwijndrecht,Sportcomplex De Molenwei,98715.98093333334,428388.3368666666
Zwijndrecht,Staatsliedenbuurt-Noord,104766.53486506474,426909.8593290204
Zwijndrecht,Staatsliedenbuurt-Zuid,104841.65863157896,426321.6967894736
Zwijndrecht,Sterrenbeeldenbuurt,103236.94574607335,425936.14107853465
Zwijndrecht,Swanendrif-Zuid,103831.9318070175,426343.7059298245
Zwijndrecht,Swinhove - De Lus,102929.06873913041,425289.2869486167
Zwijndrecht,Ter Steeghe,102584.9064102564,426825.4734102564
Zwijndrecht,Veerplein - De Werf,104566.7268857143,425679.09243673447
Zwijndrecht,Veerplein - Oostkeetshaven,104758.66660958903,425859.87624657503
Zwijndrecht,Verzetsheldenbuurt,102713.85422610295,424644.5587132354
Zwijndrecht,Vogelbuurt-Oost,102036.55643866942,425250.6072931395
Zwijndrecht,Vogelbuurt-West,101685.23871457497,425425.6052267208
Zwijndrecht,Voormalig veilingterrein,103762.37133023248,425465.2477116275
Zwijndrecht,Westkeetshaven,104216.8498729527,425333.7490739355
Zwijndrecht,Winkelcentrum Walburg,104292.76625104598,426198.5100439328
Zwijndrecht,Zeeheldenbuurt,102962.5164126073,424947.6247392549
Zwolle,Aa-landen-Midden,203350.0929697511,505050.2316178829
Zwolle,Aa-landen-Noord,203095.44719639843,505705.5616237119
Zwolle,Aa-landen-Oost,204067.47141379642,505536.2302948168
Zwolle,Aa-landen-Zuid,203778.5147067273,504562.5786039305
Zwolle,Bagijneweide,203712.43158480787,503261.980710446
Zwolle,Bedrijventerrein Floresstraat,204309.3964054545,503691.3405454547
Zwolle,Bedrijventerrein Hessenpoort,208091.2291085272,505242.0756472869
Zwolle,Bedrijventerrein Marslanden-Noord,204993.92237759472,501928.76931156265
Zwolle,Bedrijventerrein Marslanden-Zuid,205621.6588167331,500639.4794956175
Zwolle,Bedrijventerrein Voorst-A,201666.40023940968,503515.6124271916
Zwolle,Bedrijventerrein Voorst-B,201237.81736206904,502855.02734482766
Zwolle,Bedrijventerrein Voorst-C,200391.71213298076,503400.21435025486
Zwolle,Bedrijventerrein Voorst-D,199913.68125806455,502867.47674193553
Zwolle,Bedrijventerrein de Vrolijkheid,204715.4535401181,504045.88363646483
Zwolle,Berkum,205935.22016997586,504274.7455667376
Zwolle,Binnenstad-Noord,202966.3650254291,503094.758135664
Zwolle,Binnenstad-Zuid,202917.87641052305,502891.97281334386
Zwolle,Bollebieste,203198.70305197322,503771.0448816171
Zwolle,Breecamp,199138.39091251534,506327.82742284244
Zwolle,Breezicht,200402.03033333333,507038.10466666665
Zwolle,Brinkhoek,205163.75219463106,505415.7496677849
Zwolle,Dieze-Centrum,203566.21006281182,503464.6383472536
Zwolle,Frankhuis,200693.48921320454,504576.80097527744
Zwolle,Geren,204071.85784445144,500979.40245922917
Zwolle,Gerenbroek,204878.86149916807,499903.6757811979
Zwolle,Gerenlanden,204398.18448003143,500445.1145606888
Zwolle,Haerst,206981.48708729623,507652.39933493745
Zwolle,Hanzeland,202593.9706022987,501907.16191379284
Zwolle,Harculo en Hoog-Zuthem,204976.44252095814,497187.4200898203
Zwolle,Herfte,207348.43104999996,502040.4950611111
Zwolle,Het Noorden,202662.36223638098,503521.4883369768
Zwolle,Hogenkamp,203950.6333961504,504053.71098324005
Zwolle,Holtenbroek I,202013.58063722673,504152.4284154693
Zwolle,Holtenbroek II,201924.3438828098,504791.6979624764
Zwolle,Holtenbroek III,202493.08297714824,504847.1060349736
Zwolle,Holtenbroek IV,202592.68747996105,504259.2609435919
Zwolle,Indischebuurt,204024.97063074485,503471.6488256732
Zwolle,Ittersumerbroek,204811.6438008324,498809.16007293446
Zwolle,Ittersumerlanden,204321.29316080426,499505.86164572847
Zwolle,Kamperpoort,202316.76190772318,502950.82952095795
Zwolle,Kantorenterrein Oosterenk,205070.6834514039,502784.65475377993
Zwolle,Katerveer-Engelse werk,201044.52589088064,501715.8375095752
Zwolle,Langenholte,203751.26573076923,506692.1912307692
Zwolle,Mastenbroek,199256.96882608696,507536.99686956516
Zwolle,Meppelerstraatweg-Zuid,204281.9746401515,503905.4568560605
Zwolle,Milligen,200430.9829754589,505902.7829262346
Zwolle,Nieuw-Assendorp,203920.4176941776,501931.9031279599
Zwolle,Noordereiland,203040.9341074016,503260.4760065577
Zwolle,Oldenelerbroek,203859.94379863158,499075.07624506584
Zwolle,Oldenelerlanden-Oost,203530.78799612419,500084.61939534947
Zwolle,Oldenelerlanden-West,203333.70737108006,499786.8761898956
Zwolle,Oud-Assendorp,203422.44923728995,502224.41573561216
Zwolle,Oud-Ittersum,204002.70758069406,500164.50263046677
Zwolle,Oud-Schelle,203332.13425714304,501306.0481314285
Zwolle,Oud-Westenholte,200029.45398222312,504184.6210963646
Zwolle,Oude Mars,205450.7408,499540.3505428572
Zwolle,Pierik,204290.0622432416,501687.9661976494
Zwolle,Schelle-Zuid en Oldeneel,202444.18168674706,500102.8692650601
Zwolle,Schellerbroek,202595.9357662518,501477.1377164593
Zwolle,Schellerhoek,203595.21227281485,501331.21021688357
Zwolle,Schellerlanden,203305.59311120945,500819.83089688414
Zwolle,Schildersbuurt,202964.35177894746,503655.331
Zwolle,Schoonhorst,200986.85860158323,505355.962906596
Zwolle,Spoolde,200514.2716639999,502281.39583999995
Zwolle,Stadsbroek,201804.13826086954,506645.94891304354
Zwolle,Stationsbuurt,202870.11233515182,502368.48911830346
Zwolle,Tolhuislanden,209440.7054218749,508490.86407812487
Zwolle,Veerallee,201751.09191406218,502418.10825520806
Zwolle,Veldhoek,206172.33535901553,503165.56373022887
Zwolle,Vreugderijk,199038.74936231883,503915.41604347806
Zwolle,Werkeren,199470.20920180625,505535.7060475655
Zwolle,Westenholte-Stins,199704.68926044845,503760.4571370615
Zwolle,Wezenlanden,203608.79348551622,502622.46048974496
Zwolle,Wijthmen,208256.00201140135,500307.47248064587
Zwolle,Windesheim,205561.80962500002,495737.36010714347
Zwolle,Wipstrik-Noord,204476.204697807,503196.0866959607
Zwolle,Wipstrik-Zuid,204216.7898571294,502746.6085860431
